% Langmuir characteristic curve

% U (Volt)	I (A)
-15.000000	-5.813781E-7
-14.994000	-5.813781E-7
-14.988000	-4.713656E-7
-14.982000	-5.052425E-7
-14.976000	-5.052425E-7
-14.970000	-5.052425E-7
-14.964000	-4.122267E-7
-14.958000	-4.883623E-7
-14.952000	-3.783498E-7
-14.946000	-2.007000E-7
-14.940000	-1.796288E-7
-14.934000	-6.542541E-8
-14.928000	-2.599554E-7
-14.922000	-5.559996E-7
-14.916000	-3.952300E-7
-14.910000	-3.825407E-7
-14.904000	-4.713656E-7
-14.898000	-6.660121E-7
-14.892000	-4.798640E-7
-14.886000	-6.194459E-7
-14.880000	-4.544854E-7
-14.874000	-3.741588E-7
-14.868000	-3.572786E-7
-14.862000	-2.726447E-7
-14.856000	-3.698515E-7
-14.850000	-3.572786E-7
-14.844000	-2.303859E-7
-14.838000	-3.402820E-7
-14.832000	-2.091983E-7
-14.826000	-4.206086E-7
-14.820000	-4.206086E-7
-14.814000	-4.586764E-7
-14.808000	-5.010515E-7
-14.802000	-5.898764E-7
-14.796000	-6.109476E-7
-14.790000	-4.332978E-7
-14.784000	-4.249159E-7
-14.778000	-4.459871E-7
-14.772000	-2.599554E-7
-14.766000	-5.094334E-7
-14.760000	-1.838198E-7
-14.754000	-1.499429E-7
-14.748000	-2.853340E-7
-14.742000	-2.684537E-7
-14.736000	-3.319001E-7
-14.730000	-3.149034E-7
-14.724000	-4.544854E-7
-14.718000	-5.391194E-7
-14.712000	-3.698515E-7
-14.706000	-5.391194E-7
-14.700000	-5.010515E-7
-14.694000	-5.264301E-7
-14.688000	-3.529713E-7
-14.682000	-2.811430E-7
-14.676000	-2.684537E-7
-14.670000	-3.319001E-7
-14.664000	-2.853340E-7
-14.658000	-2.260786E-7
-14.652000	-2.684537E-7
-14.645500	-4.249159E-7
-14.639500	-3.952300E-7
-14.633500	-5.813781E-7
-14.627500	-4.417961E-7
-14.621500	-6.279442E-7
-14.615500	-4.713656E-7
-14.609500	-4.206086E-7
-14.603500	-4.713656E-7
-14.597500	-3.572786E-7
-14.591500	-3.319001E-7
-14.585500	-1.880107E-7
-14.579500	-2.387678E-7
-14.573500	-2.050074E-7
-14.567500	-8.649658E-8
-14.561500	-2.514571E-7
-14.555500	-2.218876E-7
-14.549500	-4.756730E-7
-14.543500	-4.671747E-7
-14.537500	-4.586764E-7
-14.531500	-5.010515E-7
-14.525500	-5.094334E-7
-14.519500	-4.206086E-7
-14.513500	-5.559996E-7
-14.507500	-4.671747E-7
-14.501500	-3.741588E-7
-14.495500	-2.980232E-7
-14.489500	-2.684537E-7
-14.483500	-1.457520E-7
-14.477500	-1.711305E-7
-14.471500	-2.387678E-7
-14.465500	-1.753215E-7
-14.459500	-3.572786E-7
-14.453500	-2.218876E-7
-14.447500	-5.094334E-7
-14.441500	-5.137408E-7
-14.435500	-4.713656E-7
-14.429500	-4.544854E-7
-14.423500	-3.868481E-7
-14.417500	-3.910391E-7
-14.411500	-3.360910E-7
-14.405500	-2.853340E-7
-14.399500	-2.303859E-7
-14.393500	-1.880107E-7
-14.387500	-2.091983E-7
-14.381500	-1.711305E-7
-14.375500	-3.445894E-7
-14.369500	-3.487803E-7
-14.363500	-4.376052E-7
-14.357500	-4.544854E-7
-14.351500	-4.967442E-7
-14.345500	-4.459871E-7
-14.339500	-4.417961E-7
-14.333500	-5.601905E-7
-14.327500	-3.910391E-7
-14.321500	-3.275927E-7
-14.315500	-3.487803E-7
-14.309500	-3.952300E-7
-14.303500	-2.557645E-7
-14.297500	-2.303859E-7
-14.291500	-2.091983E-7
-14.285500	-2.980232E-7
-14.279500	-3.360910E-7
-14.273500	-3.319001E-7
-14.267500	-4.291069E-7
-14.261500	-4.544854E-7
-14.255500	-3.487803E-7
-14.249500	-6.448245E-7
-14.243500	-4.713656E-7
-14.237500	-4.164176E-7
-14.231500	-3.614696E-7
-14.225500	-3.783498E-7
-14.219500	-2.514571E-7
-14.213500	-2.387678E-7
-14.207500	-4.842877E-8
-14.201500	-2.050074E-7
-14.195500	-3.192108E-7
-14.189500	-3.487803E-7
-14.183500	-5.348120E-7
-14.177500	-4.376052E-7
-14.171500	-5.771872E-7
-14.165500	-4.756730E-7
-14.159500	-4.206086E-7
-14.153500	-5.010515E-7
-14.147500	-4.544854E-7
-14.141500	-2.091983E-7
-14.135500	-2.387678E-7
-14.129500	-2.260786E-7
-14.123500	-4.164176E-7
-14.117500	-1.245644E-7
-14.111500	-7.380731E-8
-14.105500	-2.768356E-7
-14.099500	-3.107125E-7
-14.093500	-3.656605E-7
-14.087500	-3.910391E-7
-14.081500	-4.671747E-7
-14.075500	-4.502945E-7
-14.069500	-5.855691E-7
-14.063500	-5.348120E-7
-14.057500	-5.391194E-7
-14.051500	-4.459871E-7
-14.045500	-4.079193E-7
-14.039500	-2.514571E-7
-14.033500	-2.303859E-7
-14.027500	-2.853340E-7
-14.021500	-2.345769E-7
-14.015500	-2.684537E-7
-14.009500	-2.599554E-7
-14.003500	-3.107125E-7
-13.997500	-3.022142E-7
-13.991500	-6.279442E-7
-13.985500	-4.798640E-7
-13.979500	-6.363261E-7
-13.973500	-4.586764E-7
-13.967500	-4.291069E-7
-13.961500	-4.164176E-7
-13.955500	-3.022142E-7
-13.949000	-3.149034E-7
-13.943000	-2.050074E-7
-13.937000	-2.345769E-7
-13.931000	-6.111804E-8
-13.925000	-2.641464E-7
-13.919000	-4.756730E-7
-13.913000	-3.149034E-7
-13.907000	-4.037283E-7
-13.901000	-5.010515E-7
-13.895000	-5.391194E-7
-13.889000	-4.671747E-7
-13.883000	-4.629837E-7
-13.877000	-4.332978E-7
-13.871000	-3.234018E-7
-13.865000	-2.007000E-7
-13.859000	-2.726447E-7
-13.853000	-1.796288E-7
-13.847000	-1.880107E-7
-13.841000	-2.176967E-7
-13.835000	-2.768356E-7
-13.829000	-3.572786E-7
-13.823000	-2.007000E-7
-13.817000	-3.149034E-7
-13.811000	-5.179318E-7
-13.805000	-6.109476E-7
-13.799000	-5.475013E-7
-13.793000	-4.376052E-7
-13.787000	-4.459871E-7
-13.781000	-3.868481E-7
-13.775000	-3.445894E-7
-13.769000	-1.965091E-7
-13.763000	-3.149034E-7
-13.757000	-2.472661E-7
-13.751000	-2.050074E-7
-13.745000	-1.880107E-7
-13.739000	-3.149034E-7
-13.733000	-2.050074E-7
-13.727000	-5.391194E-7
-13.721000	-4.840549E-7
-13.715000	-5.391194E-7
-13.709000	-5.391194E-7
-13.703000	-5.094334E-7
-13.697000	-4.164176E-7
-13.691000	-3.741588E-7
-13.685000	-2.007000E-7
-13.679000	-2.091983E-7
-13.673000	-2.980232E-7
-13.667000	-2.007000E-7
-13.661000	-1.584413E-7
-13.655000	-3.529713E-7
-13.649000	-3.275927E-7
-13.643000	-3.402820E-7
-13.637000	-3.445894E-7
-13.631000	-5.306210E-7
-13.625000	-5.601905E-7
-13.619000	-4.459871E-7
-13.613000	-4.883623E-7
-13.607000	-3.402820E-7
-13.601000	-5.052425E-7
-13.595000	-3.572786E-7
-13.589000	-4.502945E-7
-13.583000	-4.332978E-7
-13.577000	-5.273614E-8
-13.571000	-2.007000E-7
-13.565000	-1.669396E-7
-13.559000	-2.895249E-7
-13.553000	-2.895249E-7
-13.547000	-3.402820E-7
-13.541000	-4.756730E-7
-13.535000	-4.206086E-7
-13.529000	-5.052425E-7
-13.523000	-5.094334E-7
-13.517000	-4.291069E-7
-13.511000	-3.910391E-7
-13.505000	-3.487803E-7
-13.499000	-4.967442E-7
-13.493000	-3.487803E-7
-13.487000	-2.345769E-7
-13.481000	-2.133893E-7
-13.475000	-2.430752E-7
-13.469000	-3.149034E-7
-13.463000	-3.065215E-7
-13.457000	-3.656605E-7
-13.451000	-3.572786E-7
-13.445000	-5.094334E-7
-13.439000	-5.094334E-7
-13.433000	-4.756730E-7
-13.427000	-6.109476E-7
-13.421000	-3.783498E-7
-13.415000	-3.149034E-7
-13.409000	-2.684537E-7
-13.403000	-9.080395E-8
-13.397000	-2.091983E-7
-13.391000	-1.965091E-7
-13.385000	-2.387678E-7
-13.379000	-2.260786E-7
-13.373000	-3.402820E-7
-13.367000	-3.234018E-7
-13.361000	-3.234018E-7
-13.355000	-3.234018E-7
-13.349000	-4.459871E-7
-13.343000	-4.629837E-7
-13.337000	-4.459871E-7
-13.331000	-4.206086E-7
-13.325000	-3.065215E-7
-13.319000	-3.149034E-7
-13.313000	-3.656605E-7
-13.307000	-2.557645E-7
-13.301000	-2.133893E-7
-13.295000	-2.176967E-7
-13.289000	-6.111804E-8
-13.283000	-4.502945E-7
-13.277000	-2.938323E-7
-13.271000	-3.952300E-7
-13.265000	-5.052425E-7
-13.258500	-4.544854E-7
-13.252500	-4.798640E-7
-13.246500	-4.925532E-7
-13.240500	-4.332978E-7
-13.234500	-3.319001E-7
-13.228500	-2.938323E-7
-13.222500	-8.649658E-8
-13.216500	-2.091983E-7
-13.210500	-2.303859E-7
-13.204500	-1.372537E-7
-13.198500	-4.122267E-7
-13.192500	-2.557645E-7
-13.186500	-2.980232E-7
-13.180500	-4.671747E-7
-13.174500	-5.348120E-7
-13.168500	-6.109476E-7
-13.162500	-4.925532E-7
-13.156500	-4.459871E-7
-13.150500	-3.825407E-7
-13.144500	-3.614696E-7
-13.138500	-3.529713E-7
-13.132500	-1.203734E-7
-13.126500	-1.330627E-7
-13.120500	-3.234018E-7
-13.114500	-1.203734E-7
-13.108500	-4.671747E-7
-13.102500	-3.783498E-7
-13.096500	-3.487803E-7
-13.090500	-2.853340E-7
-13.084500	-4.206086E-7
-13.078500	-5.518086E-7
-13.072500	-4.629837E-7
-13.066500	-4.798640E-7
-13.060500	-4.417961E-7
-13.054500	-4.883623E-7
-13.048500	-2.980232E-7
-13.042500	-2.811430E-7
-13.036500	-3.107125E-7
-13.030500	-1.626322E-7
-13.024500	-1.584413E-7
-13.018500	-1.499429E-7
-13.012500	-1.626322E-7
-13.006500	-3.022142E-7
-13.000500	-3.572786E-7
-12.994500	-4.206086E-7
-12.988500	-3.995374E-7
-12.982500	-4.417961E-7
-12.976500	-5.179318E-7
-12.970500	-5.813781E-7
-12.964500	-4.376052E-7
-12.958500	-3.107125E-7
-12.952500	-4.122267E-7
-12.946500	-2.599554E-7
-12.940500	-7.380731E-8
-12.934500	-2.007000E-7
-12.928500	-3.656605E-7
-12.922500	-2.768356E-7
-12.916500	-2.853340E-7
-12.910500	-3.614696E-7
-12.904500	-5.010515E-7
-12.898500	-3.910391E-7
-12.892500	-3.445894E-7
-12.886500	-5.264301E-7
-12.880500	-4.713656E-7
-12.874500	-4.164176E-7
-12.868500	-3.952300E-7
-12.862500	-1.923181E-7
-12.856500	-2.472661E-7
-12.850500	-2.133893E-7
-12.844500	-2.091983E-7
-12.838500	-1.584413E-7
-12.832500	-2.007000E-7
-12.826500	-1.796288E-7
-12.820500	-2.853340E-7
-12.814500	-4.037283E-7
-12.808500	-4.925532E-7
-12.802500	-4.417961E-7
-12.796500	-4.967442E-7
-12.790500	-5.475013E-7
-12.784500	-3.698515E-7
-12.778500	-3.825407E-7
-12.772500	-2.472661E-7
-12.766500	-1.118751E-7
-12.760500	-6.961636E-8
-12.754500	-2.176967E-7
-12.748500	-1.499429E-7
-12.742500	-2.218876E-7
-12.736500	-3.319001E-7
-12.730500	-4.332978E-7
-12.724500	-4.417961E-7
-12.718500	-4.967442E-7
-12.712500	-5.898764E-7
-12.706500	-4.883623E-7
-12.700500	-4.164176E-7
-12.694500	-3.910391E-7
-12.688500	-3.868481E-7
-12.682500	-3.529713E-7
-12.676500	-2.387678E-7
-12.670500	-6.542541E-8
-12.664500	-1.711305E-7
-12.658500	-1.584413E-7
-12.652500	-2.260786E-7
-12.646500	-2.938323E-7
-12.640500	-3.149034E-7
-12.634500	-3.445894E-7
-12.628500	-5.264301E-7
-12.622500	-5.433103E-7
-12.616500	-4.629837E-7
-12.610500	-4.332978E-7
-12.604500	-4.459871E-7
-12.598500	-3.275927E-7
-12.592500	-3.741588E-7
-12.586500	-2.514571E-7
-12.580500	-2.980232E-7
-12.574500	-2.050074E-7
-12.568000	-1.457520E-7
-12.562000	-2.303859E-7
-12.556000	-2.726447E-7
-12.550000	-2.853340E-7
-12.544000	-3.868481E-7
-12.538000	-4.671747E-7
-12.532000	-6.617047E-7
-12.526000	-5.982583E-7
-12.520000	-4.291069E-7
-12.514000	-3.614696E-7
-12.508000	-3.487803E-7
-12.502000	-2.218876E-7
-12.496000	-1.965091E-7
-12.490000	-2.007000E-7
-12.484000	-2.472661E-7
-12.478000	-2.303859E-7
-12.472000	-1.838198E-7
-12.466000	-4.798640E-7
-12.460000	-2.599554E-7
-12.454000	-4.376052E-7
-12.448000	-4.544854E-7
-12.442000	-4.756730E-7
-12.436000	-5.052425E-7
-12.430000	-4.291069E-7
-12.424000	-3.402820E-7
-12.418000	-3.910391E-7
-12.412000	-3.149034E-7
-12.406000	-2.599554E-7
-12.400000	-1.838198E-7
-12.394000	-6.111804E-8
-12.388000	-4.423782E-8
-12.382000	-1.923181E-7
-12.376000	-2.260786E-7
-12.370000	-3.107125E-7
-12.364000	-2.853340E-7
-12.358000	-4.502945E-7
-12.352000	-4.332978E-7
-12.346000	-2.938323E-7
-12.340000	-4.544854E-7
-12.334000	-5.179318E-7
-12.328000	-3.487803E-7
-12.322000	-3.022142E-7
-12.316000	-2.303859E-7
-12.310000	-3.275927E-7
-12.304000	-1.626322E-7
-12.298000	-1.415610E-7
-12.292000	-2.853340E-7
-12.286000	-3.275927E-7
-12.280000	-1.753215E-7
-12.274000	-3.783498E-7
-12.268000	-2.895249E-7
-12.262000	-4.883623E-7
-12.256000	-4.291069E-7
-12.250000	-4.079193E-7
-12.244000	-5.518086E-7
-12.238000	-5.052425E-7
-12.232000	-3.319001E-7
-12.226000	-2.853340E-7
-12.220000	-2.176967E-7
-12.214000	-1.796288E-7
-12.208000	-1.626322E-7
-12.202000	-1.076842E-7
-12.196000	-2.260786E-7
-12.190000	-2.895249E-7
-12.184000	-3.656605E-7
-12.178000	-5.094334E-7
-12.172000	-2.768356E-7
-12.166000	-4.925532E-7
-12.160000	-4.925532E-7
-12.154000	-4.417961E-7
-12.148000	-4.459871E-7
-12.142000	-3.022142E-7
-12.136000	-4.376052E-7
-12.130000	-3.445894E-7
-12.124000	-2.050074E-7
-12.118000	-1.965091E-7
-12.112000	-1.584413E-7
-12.106000	-1.669396E-7
-12.100000	-2.938323E-7
-12.094000	-2.811430E-7
-12.088000	-3.149034E-7
-12.082000	-4.544854E-7
-12.076000	-4.079193E-7
-12.070000	-5.137408E-7
-12.064000	-4.417961E-7
-12.058000	-5.137408E-7
-12.052000	-3.149034E-7
-12.046000	-4.037283E-7
-12.040000	-2.853340E-7
-12.034000	-2.303859E-7
-12.028000	-2.853340E-7
-12.022000	-1.161825E-7
-12.016000	-1.965091E-7
-12.010000	-2.514571E-7
-12.004000	-4.079193E-7
-11.998000	-3.698515E-7
-11.992000	-5.728798E-7
-11.986000	-3.065215E-7
-11.980000	-4.798640E-7
-11.974000	-4.671747E-7
-11.968000	-3.825407E-7
-11.962000	-4.122267E-7
-11.956000	-3.995374E-7
-11.950000	-2.387678E-7
-11.944000	-2.430752E-7
-11.938000	-2.303859E-7
-11.932000	-1.457520E-7
-11.926000	-2.091983E-7
-11.920000	-1.203734E-7
-11.914000	-2.726447E-7
-11.908000	-2.938323E-7
-11.902000	-3.402820E-7
-11.896000	-5.052425E-7
-11.890000	-3.445894E-7
-11.884000	-4.629837E-7
-11.878000	-4.671747E-7
-11.871500	-3.192108E-7
-11.865500	-3.022142E-7
-11.859500	-2.684537E-7
-11.853500	-1.626322E-7
-11.847500	-6.111804E-8
-11.841500	-1.669396E-7
-11.835500	-1.796288E-7
-11.829500	-3.656605E-7
-11.823500	-2.768356E-7
-11.817500	-1.838198E-7
-11.811500	-5.644979E-7
-11.805500	-3.149034E-7
-11.799500	-4.249159E-7
-11.793500	-4.840549E-7
-11.787500	-5.306210E-7
-11.781500	-3.529713E-7
-11.775500	-2.811430E-7
-11.769500	-2.303859E-7
-11.763500	-3.275927E-7
-11.757500	-1.753215E-7
-11.751500	-2.895249E-7
-11.745500	-3.022142E-7
-11.739500	-3.107125E-7
-11.733500	-5.601905E-7
-11.727500	-2.895249E-7
-11.721500	-3.995374E-7
-11.715500	-4.206086E-7
-11.709500	-4.544854E-7
-11.703500	-3.910391E-7
-11.697500	-4.291069E-7
-11.691500	-2.599554E-7
-11.685500	-2.980232E-7
-11.679500	-4.206086E-7
-11.673500	-2.050074E-7
-11.667500	-2.007000E-7
-11.661500	-1.626322E-7
-11.655500	-2.895249E-7
-11.649500	-2.303859E-7
-11.643500	-1.330627E-7
-11.637500	-2.938323E-7
-11.631500	-4.206086E-7
-11.625500	-4.840549E-7
-11.619500	-4.122267E-7
-11.613500	-4.291069E-7
-11.607500	-4.291069E-7
-11.601500	-3.402820E-7
-11.595500	-1.838198E-7
-11.589500	-3.529713E-7
-11.583500	-2.768356E-7
-11.577500	-2.050074E-7
-11.571500	-2.133893E-7
-11.565500	-2.007000E-7
-11.559500	-1.415610E-7
-11.553500	-2.430752E-7
-11.547500	-3.107125E-7
-11.541500	-4.122267E-7
-11.535500	-4.840549E-7
-11.529500	-3.107125E-7
-11.523500	-4.249159E-7
-11.517500	-4.291069E-7
-11.511500	-3.572786E-7
-11.505500	-2.726447E-7
-11.499500	-2.895249E-7
-11.493500	-2.641464E-7
-11.487500	-1.584413E-7
-11.481500	-1.457520E-7
-11.475500	-1.880107E-7
-11.469500	-1.542503E-7
-11.463500	-1.034932E-7
-11.457500	-3.910391E-7
-11.451500	-4.376052E-7
-11.445500	-3.487803E-7
-11.439500	-4.798640E-7
-11.433500	-4.925532E-7
-11.427500	-4.459871E-7
-11.421500	-4.332978E-7
-11.415500	-3.275927E-7
-11.409500	-3.192108E-7
-11.403500	-1.711305E-7
-11.397500	-2.218876E-7
-11.391500	-2.007000E-7
-11.385500	-1.669396E-7
-11.379500	-1.796288E-7
-11.373500	-3.825407E-7
-11.367500	-3.614696E-7
-11.361500	-2.811430E-7
-11.355500	-3.234018E-7
-11.349500	-4.925532E-7
-11.343500	-4.586764E-7
-11.337500	-4.840549E-7
-11.331500	-4.417961E-7
-11.325500	-4.249159E-7
-11.319500	-3.952300E-7
-11.313500	-2.599554E-7
-11.307500	-3.573950E-8
-11.301500	-1.626322E-7
-11.295500	-1.796288E-7
-11.289500	-2.218876E-7
-11.283500	-1.796288E-7
-11.277500	-3.107125E-7
-11.271500	-2.726447E-7
-11.265500	-3.698515E-7
-11.259500	-5.094334E-7
-11.253500	-4.967442E-7
-11.247500	-4.291069E-7
-11.241500	-3.995374E-7
-11.235500	-3.614696E-7
-11.229500	-3.192108E-7
-11.223500	-3.192108E-7
-11.217500	-1.965091E-7
-11.211500	-5.692709E-8
-11.205500	-1.288718E-7
-11.199500	-1.415610E-7
-11.193500	-2.895249E-7
-11.187500	-2.387678E-7
-11.181000	-3.402820E-7
-11.175000	-3.952300E-7
-11.169000	-3.319001E-7
-11.163000	-3.149034E-7
-11.157000	-3.741588E-7
-11.151000	-3.825407E-7
-11.145000	-3.741588E-7
-11.139000	-2.557645E-7
-11.133000	-3.529713E-7
-11.127000	-2.726447E-7
-11.121000	-1.796288E-7
-11.115000	-1.036096E-8
-11.109000	-1.415610E-7
-11.103000	-1.542503E-7
-11.097000	-2.260786E-7
-11.091000	-3.234018E-7
-11.085000	-4.502945E-7
-11.079000	-4.502945E-7
-11.073000	-5.052425E-7
-11.067000	-3.107125E-7
-11.061000	-3.995374E-7
-11.055000	-5.094334E-7
-11.049000	-3.192108E-7
-11.043000	-2.768356E-7
-11.037000	-3.275927E-7
-11.031000	-1.711305E-7
-11.025000	-2.050074E-7
-11.019000	-1.584413E-7
-11.013000	-2.007000E-7
-11.007000	-2.599554E-7
-11.001000	-1.669396E-7
-10.995000	-4.291069E-7
-10.989000	-3.275927E-7
-10.983000	-5.728798E-7
-10.977000	-4.713656E-7
-10.971000	-3.614696E-7
-10.965000	-3.910391E-7
-10.959000	-2.726447E-7
-10.953000	-4.249159E-7
-10.947000	-2.007000E-7
-10.941000	-1.245644E-7
-10.935000	-6.170012E-9
-10.929000	-2.726447E-7
-10.923000	-2.684537E-7
-10.917000	-3.022142E-7
-10.911000	-3.360910E-7
-10.905000	-4.291069E-7
-10.899000	-4.798640E-7
-10.893000	-4.332978E-7
-10.887000	-4.586764E-7
-10.881000	-4.291069E-7
-10.875000	-3.572786E-7
-10.869000	-2.853340E-7
-10.863000	-3.952300E-7
-10.857000	-3.614696E-7
-10.851000	-2.133893E-7
-10.845000	-1.838198E-7
-10.839000	-1.161825E-7
-10.833000	-2.091983E-7
-10.827000	-9.499490E-8
-10.821000	-3.360910E-7
-10.815000	-3.741588E-7
-10.809000	-4.164176E-7
-10.803000	-4.883623E-7
-10.797000	-5.221227E-7
-10.791000	-4.798640E-7
-10.785000	-4.586764E-7
-10.779000	-4.459871E-7
-10.773000	-3.192108E-7
-10.767000	-2.303859E-7
-10.761000	-1.711305E-7
-10.755000	-1.415610E-7
-10.749000	-1.669396E-7
-10.743000	-1.923181E-7
-10.737000	-2.345769E-7
-10.731000	-4.037283E-7
-10.725000	-3.487803E-7
-10.719000	-3.572786E-7
-10.713000	-4.840549E-7
-10.707000	-5.052425E-7
-10.701000	-4.079193E-7
-10.695000	-3.529713E-7
-10.689000	-4.122267E-7
-10.683000	-3.192108E-7
-10.677000	-2.218876E-7
-10.671000	-2.303859E-7
-10.665000	-1.542503E-7
-10.659000	-9.918585E-8
-10.653000	-1.796288E-7
-10.647000	-1.542503E-7
-10.641000	-3.107125E-7
-10.635000	-3.360910E-7
-10.629000	-3.783498E-7
-10.623000	-5.348120E-7
-10.617000	-5.306210E-7
-10.611000	-5.306210E-7
-10.605000	-3.698515E-7
-10.599000	-3.445894E-7
-10.593000	-3.656605E-7
-10.587000	-4.037283E-7
-10.581000	-1.923181E-7
-10.575000	-2.895249E-7
-10.569000	-2.980232E-7
-10.563000	-3.065215E-7
-10.557000	-1.499429E-7
-10.551000	-4.122267E-7
-10.545000	-3.572786E-7
-10.539000	-3.995374E-7
-10.533000	-4.417961E-7
-10.527000	-4.206086E-7
-10.521000	-7.209601E-7
-10.515000	-3.952300E-7
-10.509000	-3.783498E-7
-10.503000	-1.542503E-7
-10.497000	-2.938323E-7
-10.491000	-1.118751E-7
-10.484500	-1.626322E-7
-10.478500	-1.457520E-7
-10.472500	-1.161825E-7
-10.466500	-1.838198E-7
-10.460500	-2.895249E-7
-10.454500	-1.372537E-7
-10.448500	-2.895249E-7
-10.442500	-3.910391E-7
-10.436500	-4.376052E-7
-10.430500	-4.037283E-7
-10.424500	-3.995374E-7
-10.418500	-4.291069E-7
-10.412500	-2.557645E-7
-10.406500	-2.007000E-7
-10.400500	-3.192108E-7
-10.394500	-2.768356E-7
-10.388500	-2.218876E-7
-10.382500	-2.557645E-7
-10.376500	-1.796288E-7
-10.370500	-2.050074E-7
-10.364500	-2.514571E-7
-10.358500	-3.868481E-7
-10.352500	-3.529713E-7
-10.346500	-2.811430E-7
-10.340500	-3.995374E-7
-10.334500	-3.656605E-7
-10.328500	-5.559996E-7
-10.322500	-3.360910E-7
-10.316500	-3.319001E-7
-10.310500	-2.050074E-7
-10.304500	-2.091983E-7
-10.298500	-1.626322E-7
-10.292500	-1.499429E-7
-10.286500	-1.542503E-7
-10.280500	-2.472661E-7
-10.274500	-3.149034E-7
-10.268500	-3.952300E-7
-10.262500	-4.544854E-7
-10.256500	-4.798640E-7
-10.250500	-3.825407E-7
-10.244500	-3.192108E-7
-10.238500	-4.249159E-7
-10.232500	-4.206086E-7
-10.226500	-3.360910E-7
-10.220500	-1.965091E-7
-10.214500	-1.288718E-7
-10.208500	-1.288718E-7
-10.202500	-9.499490E-8
-10.196500	-1.245644E-7
-10.190500	-2.133893E-7
-10.184500	-2.684537E-7
-10.178500	-3.234018E-7
-10.172500	-3.825407E-7
-10.166500	-4.164176E-7
-10.160500	-4.840549E-7
-10.154500	-3.783498E-7
-10.148500	-4.037283E-7
-10.142500	-3.614696E-7
-10.136500	-2.345769E-7
-10.130500	-1.838198E-7
-10.124500	-1.161825E-7
-10.118500	-2.007000E-7
-10.112500	-1.711305E-7
-10.106500	-6.170012E-9
-10.100500	-2.472661E-7
-10.094500	-2.514571E-7
-10.088500	-2.557645E-7
-10.082500	-3.234018E-7
-10.076500	-4.840549E-7
-10.070500	-4.586764E-7
-10.064500	-4.713656E-7
-10.058500	-4.206086E-7
-10.052500	-3.698515E-7
-10.046500	-3.910391E-7
-10.040500	-2.091983E-7
-10.034500	-2.768356E-7
-10.028500	-2.387678E-7
-10.022500	-1.330627E-7
-10.016500	-2.768356E-7
-10.010500	-2.007000E-7
-10.004500	-3.868481E-7
-9.998500	-3.319001E-7
-9.992500	-3.529713E-7
-9.986500	-3.614696E-7
-9.980500	-3.741588E-7
-9.974500	-2.895249E-7
-9.968500	-4.037283E-7
-9.962500	-3.529713E-7
-9.956500	-2.853340E-7
-9.950500	-2.133893E-7
-9.944500	-3.022142E-7
-9.938500	-1.669396E-7
-9.932500	-9.080395E-8
-9.926500	-1.880107E-7
-9.920500	-9.918585E-8
-9.914500	-2.557645E-7
-9.908500	-2.599554E-7
-9.902500	-3.487803E-7
-9.896500	-4.502945E-7
-9.890500	-4.502945E-7
-9.884500	-2.768356E-7
-9.878500	-4.122267E-7
-9.872500	-3.107125E-7
-9.866500	-2.726447E-7
-9.860500	-3.149034E-7
-9.854500	-3.065215E-7
-9.848500	-1.118751E-7
-9.842500	-2.050074E-7
-9.836500	-2.472661E-7
-9.830500	-2.050074E-7
-9.824500	-2.218876E-7
-9.818500	-2.472661E-7
-9.812500	-3.614696E-7
-9.806500	-4.544854E-7
-9.800000	-3.614696E-7
-9.794000	-2.853340E-7
-9.788000	-4.291069E-7
-9.782000	-4.164176E-7
-9.776000	-1.796288E-7
-9.770000	-2.895249E-7
-9.764000	-1.542503E-7
-9.758000	-1.626322E-7
-9.752000	-1.796288E-7
-9.746000	-1.753215E-7
-9.740000	-1.499429E-7
-9.734000	-1.626322E-7
-9.728000	-1.288718E-7
-9.722000	-2.303859E-7
-9.716000	-3.487803E-7
-9.710000	-3.614696E-7
-9.704000	-5.306210E-7
-9.698000	-4.586764E-7
-9.692000	-4.798640E-7
-9.686000	-5.306210E-7
-9.680000	-2.980232E-7
-9.674000	-2.430752E-7
-9.668000	-1.330627E-7
-9.662000	1.071021E-8
-9.656000	-6.961636E-8
-9.650000	-2.557645E-7
-9.644000	-1.499429E-7
-9.638000	-3.275927E-7
-9.632000	-3.065215E-7
-9.626000	-3.995374E-7
-9.620000	-3.402820E-7
-9.614000	-2.895249E-7
-9.608000	-3.741588E-7
-9.602000	-4.079193E-7
-9.596000	-1.753215E-7
-9.590000	-2.303859E-7
-9.584000	-1.288718E-7
-9.578000	-1.711305E-7
-9.572000	-1.669396E-7
-9.566000	-1.711305E-7
-9.560000	-2.176967E-7
-9.554000	-1.965091E-7
-9.548000	-1.161825E-7
-9.542000	-2.557645E-7
-9.536000	-5.010515E-7
-9.530000	-3.487803E-7
-9.524000	-3.825407E-7
-9.518000	-4.122267E-7
-9.512000	-6.448245E-7
-9.506000	-2.811430E-7
-9.500000	-3.234018E-7
-9.494000	-1.923181E-7
-9.488000	-1.584413E-7
-9.482000	-1.923181E-7
-9.476000	-1.288718E-7
-9.470000	-1.372537E-7
-9.464000	-1.965091E-7
-9.458000	-3.402820E-7
-9.452000	-3.783498E-7
-9.446000	-5.306210E-7
-9.440000	-2.726447E-7
-9.434000	-5.559996E-7
-9.428000	-5.728798E-7
-9.422000	-3.952300E-7
-9.416000	-4.164176E-7
-9.410000	-2.176967E-7
-9.404000	-1.923181E-7
-9.398000	-2.768356E-7
-9.392000	-9.918585E-8
-9.386000	-1.118751E-7
-9.380000	-1.245644E-7
-9.374000	-3.573950E-8
-9.368000	-1.669396E-7
-9.362000	-2.684537E-7
-9.356000	-3.698515E-7
-9.350000	-5.137408E-7
-9.344000	-3.868481E-7
-9.338000	-4.417961E-7
-9.332000	-4.459871E-7
-9.326000	-3.149034E-7
-9.320000	-2.599554E-7
-9.314000	-1.372537E-7
-9.308000	-2.811430E-7
-9.302000	-1.584413E-7
-9.296000	1.071021E-8
-9.290000	-1.330627E-7
-9.284000	-1.669396E-7
-9.278000	-2.133893E-7
-9.272000	-3.022142E-7
-9.266000	-3.487803E-7
-9.260000	-3.698515E-7
-9.254000	-5.306210E-7
-9.248000	-4.206086E-7
-9.242000	-5.010515E-7
-9.236000	-4.037283E-7
-9.230000	-1.626322E-7
-9.224000	-2.641464E-7
-9.218000	-2.007000E-7
-9.212000	-2.303859E-7
-9.206000	-1.076842E-7
-9.200000	-6.961636E-8
-9.194000	-1.288718E-7
-9.188000	-1.838198E-7
-9.182000	-1.288718E-7
-9.176000	-2.091983E-7
-9.170000	-3.825407E-7
-9.164000	-4.164176E-7
-9.158000	-4.164176E-7
-9.152000	-3.656605E-7
-9.146000	-2.684537E-7
-9.140000	-2.641464E-7
-9.134000	-2.768356E-7
-9.128000	-2.726447E-7
-9.122000	-2.050074E-7
-9.116000	2.770685E-8
-9.109500	-9.918585E-8
-9.103500	-1.711305E-7
-9.097500	-2.938323E-7
-9.091500	-3.487803E-7
-9.085500	-4.332978E-7
-9.079500	-5.094334E-7
-9.073500	-5.094334E-7
-9.067500	-2.684537E-7
-9.061500	-4.249159E-7
-9.055500	-3.995374E-7
-9.049500	-1.499429E-7
-9.043500	-3.065215E-7
-9.037500	-4.037283E-7
-9.031500	-1.034932E-7
-9.025500	-1.923181E-7
-9.019500	-1.203734E-7
-9.013500	-2.811430E-7
-9.007500	-2.641464E-7
-9.001500	-2.472661E-7
-8.995500	-4.079193E-7
-8.989500	-4.249159E-7
-8.983500	-4.122267E-7
-8.977500	-4.544854E-7
-8.971500	-4.206086E-7
-8.965500	-2.218876E-7
-8.959500	-3.107125E-7
-8.953500	-3.572786E-7
-8.947500	-1.372537E-7
-8.941500	-7.380731E-8
-8.935500	-1.245644E-7
-8.929500	-9.499490E-8
-8.923500	-8.649658E-8
-8.917500	-9.499490E-8
-8.911500	-2.387678E-7
-8.905500	-2.557645E-7
-8.899500	-4.122267E-7
-8.893500	-2.472661E-7
-8.887500	-2.387678E-7
-8.881500	-4.164176E-7
-8.875500	-3.741588E-7
-8.869500	-4.502945E-7
-8.863500	-3.149034E-7
-8.857500	-2.599554E-7
-8.851500	-1.415610E-7
-8.845500	-1.584413E-7
-8.839500	-1.076842E-7
-8.833500	-1.034932E-7
-8.827500	-8.649658E-8
-8.821500	-3.614696E-7
-8.815500	-2.007000E-7
-8.809500	-2.091983E-7
-8.803500	-3.656605E-7
-8.797500	-4.079193E-7
-8.791500	-3.952300E-7
-8.785500	-3.445894E-7
-8.779500	-2.514571E-7
-8.773500	-2.176967E-7
-8.767500	-3.614696E-7
-8.761500	2.339948E-8
-8.755500	-7.380731E-8
-8.749500	-9.499490E-8
-8.743500	-2.260786E-7
-8.737500	-7.811468E-8
-8.731500	-1.711305E-7
-8.725500	-3.065215E-7
-8.719500	-2.472661E-7
-8.713500	-4.883623E-7
-8.707500	-4.037283E-7
-8.701500	-4.629837E-7
-8.695500	-3.825407E-7
-8.689500	-3.487803E-7
-8.683500	-3.022142E-7
-8.677500	-2.641464E-7
-8.671500	-1.415610E-7
-8.665500	-1.372537E-7
-8.659500	-9.918585E-8
-8.653500	-1.036096E-8
-8.647500	-5.692709E-8
-8.641500	-9.080395E-8
-8.635500	-4.798640E-7
-8.629500	-4.122267E-7
-8.623500	-3.445894E-7
-8.617500	-3.825407E-7
-8.611500	-4.798640E-7
-8.605500	-3.572786E-7
-8.599500	-3.698515E-7
-8.593500	-2.007000E-7
-8.587500	-2.176967E-7
-8.581500	-2.811430E-7
-8.575500	-2.599554E-7
-8.569500	-1.076842E-7
-8.563500	-4.842877E-8
-8.557500	-4.842877E-8
-8.551500	-1.372537E-7
-8.545500	-3.065215E-7
-8.539500	-4.079193E-7
-8.533500	-4.925532E-7
-8.527500	-2.980232E-7
-8.521500	-2.430752E-7
-8.515500	-3.319001E-7
-8.509500	-4.713656E-7
-8.503500	-1.203734E-7
-8.497500	-1.626322E-7
-8.491500	-2.641464E-7
-8.485500	-1.885928E-8
-8.479500	-2.260786E-7
-8.473500	-2.218876E-7
-8.467500	-1.034932E-7
-8.461500	-1.880107E-7
-8.455500	-2.895249E-7
-8.449500	-2.218876E-7
-8.443500	-3.319001E-7
-8.437500	-3.868481E-7
-8.431500	-3.698515E-7
-8.425500	-5.686888E-7
-8.419000	-3.402820E-7
-8.413000	-3.022142E-7
-8.407000	-3.698515E-7
-8.401000	-1.415610E-7
-8.395000	-1.034932E-7
-8.389000	-2.133893E-7
-8.383000	-1.711305E-7
-8.377000	6.996561E-8
-8.371000	-6.111804E-8
-8.365000	-3.572786E-7
-8.359000	-1.923181E-7
-8.353000	-3.022142E-7
-8.347000	-5.010515E-7
-8.341000	-3.698515E-7
-8.335000	-3.234018E-7
-8.329000	-2.895249E-7
-8.323000	-3.910391E-7
-8.317000	-1.118751E-7
-8.311000	-6.111804E-8
-8.305000	-1.880107E-7
-8.299000	-1.753215E-7
-8.293000	-5.692709E-8
-8.287000	-1.245644E-7
-8.281000	-7.811468E-8
-8.275000	-2.091983E-7
-8.269000	-2.260786E-7
-8.263000	-1.584413E-7
-8.257000	-3.319001E-7
-8.251000	-3.656605E-7
-8.245000	-4.122267E-7
-8.239000	-3.192108E-7
-8.233000	-2.218876E-7
-8.227000	-2.050074E-7
-8.221000	-1.796288E-7
-8.215000	6.146729E-8
-8.209000	-7.811468E-8
-8.203000	-6.961636E-8
-8.197000	-1.711305E-7
-8.191000	-1.415610E-7
-8.185000	-1.245644E-7
-8.179000	-1.245644E-7
-8.173000	-2.768356E-7
-8.167000	-2.684537E-7
-8.161000	-3.022142E-7
-8.155000	-2.980232E-7
-8.149000	-1.669396E-7
-8.143000	-2.514571E-7
-8.137000	-2.472661E-7
-8.131000	-1.753215E-7
-8.125000	-8.649658E-8
-8.119000	-1.923181E-7
-8.113000	-1.161825E-7
-8.107000	-1.796288E-7
-8.101000	-8.649658E-8
-8.095000	-1.499429E-7
-8.089000	-3.022142E-7
-8.083000	-3.741588E-7
-8.077000	-2.853340E-7
-8.071000	-2.430752E-7
-8.065000	-3.065215E-7
-8.059000	-3.445894E-7
-8.053000	-2.938323E-7
-8.047000	-2.557645E-7
-8.041000	-1.923181E-7
-8.035000	-1.203734E-7
-8.029000	-1.415610E-7
-8.023000	9.953510E-8
-8.017000	-3.573950E-8
-8.011000	-1.034932E-7
-8.005000	-1.161825E-7
-7.999000	-1.965091E-7
-7.993000	-1.711305E-7
-7.987000	-3.065215E-7
-7.981000	-2.895249E-7
-7.975000	-3.445894E-7
-7.969000	-3.445894E-7
-7.963000	-2.726447E-7
-7.957000	-2.176967E-7
-7.951000	-1.372537E-7
-7.945000	-5.273614E-8
-7.939000	-6.542541E-8
-7.933000	-6.170012E-9
-7.927000	-1.466833E-8
-7.921000	-7.811468E-8
-7.915000	8.684583E-8
-7.909000	-1.499429E-7
-7.903000	-2.260786E-7
-7.897000	-2.811430E-7
-7.891000	-2.641464E-7
-7.885000	-2.811430E-7
-7.879000	-3.360910E-7
-7.873000	-3.698515E-7
-7.867000	-3.065215E-7
-7.861000	-2.007000E-7
-7.855000	-1.885928E-8
-7.849000	-4.423782E-8
-7.843000	-1.076842E-7
-7.837000	-3.573950E-8
-7.831000	-1.796288E-7
-7.825000	-1.838198E-7
-7.819000	-1.542503E-7
-7.813000	-9.918585E-8
-7.807000	-2.811430E-7
-7.801000	-2.345769E-7
-7.795000	-3.234018E-7
-7.789000	-2.641464E-7
-7.783000	-9.918585E-8
-7.777000	-1.965091E-7
-7.771000	-7.380731E-8
-7.765000	-4.004687E-8
-7.759000	-1.979060E-9
-7.752500	-2.305023E-8
-7.746500	-9.918585E-8
-7.740500	-1.466833E-8
-7.734500	1.332955E-7
-7.728500	-1.457520E-7
-7.722500	-1.457520E-7
-7.716500	-2.260786E-7
-7.710500	-3.487803E-7
-7.704500	-3.656605E-7
-7.698500	-2.050074E-7
-7.692500	-1.838198E-7
-7.686500	-2.176967E-7
-7.680500	-9.499490E-8
-7.674500	-9.499490E-8
-7.668500	1.840526E-7
-7.662500	1.037261E-7
-7.656500	-4.004687E-8
-7.650500	-3.154855E-8
-7.644500	4.877802E-8
-7.638500	7.834751E-8
-7.632500	-1.885928E-8
-7.626500	-1.203734E-7
-7.620500	-8.230563E-8
-7.614500	-1.753215E-7
-7.608500	-1.584413E-7
-7.602500	-1.753215E-7
-7.596500	-1.161825E-7
-7.590500	-9.499490E-8
-7.584500	-1.415610E-7
-7.578500	9.522773E-8
-7.572500	1.249136E-7
-7.566500	1.079170E-7
-7.560500	2.601882E-7
-7.554500	8.684583E-8
-7.548500	-1.885928E-8
-7.542500	-6.111804E-8
-7.536500	-5.692709E-8
-7.530500	-3.910391E-7
-7.524500	-2.768356E-7
-7.518500	-2.091983E-7
-7.512500	-1.330627E-7
-7.506500	-2.303859E-7
-7.500500	-6.111804E-8
-7.494500	-9.080395E-8
-7.488500	6.996561E-8
-7.482500	1.586741E-7
-7.476500	6.996561E-8
-7.470500	1.501758E-8
-7.464500	1.713634E-7
-7.458500	1.502922E-7
-7.452500	2.010493E-7
-7.446500	7.834751E-8
-7.440500	-1.118751E-7
-7.434500	-1.923181E-7
-7.428500	-6.961636E-8
-7.422500	-9.499490E-8
-7.416500	3.189780E-8
-7.410500	-1.034932E-7
-7.404500	1.037261E-7
-7.398500	1.544831E-7
-7.392500	5.308539E-8
-7.386500	3.617024E-7
-7.380500	1.629815E-7
-7.374500	1.798617E-7
-7.368500	1.417939E-7
-7.362500	1.544831E-7
-7.356500	1.920853E-8
-7.350500	-1.885928E-8
-7.344500	2.339948E-8
-7.338500	1.376029E-7
-7.332500	1.501758E-8
-7.326500	1.671724E-7
-7.320500	5.727634E-8
-7.314500	1.671724E-7
-7.308500	2.433080E-7
-7.302500	2.940651E-7
-7.296500	3.617024E-7
-7.290500	2.686866E-7
-7.284500	2.052402E-7
-7.278500	2.982561E-7
-7.272500	2.348097E-7
-7.266500	9.103678E-8
-7.260500	4.877802E-8
-7.254500	9.953510E-8
-7.248500	1.122244E-7
-7.242500	7.415656E-8
-7.236500	1.079170E-7
-7.230500	1.502922E-7
-7.224500	2.728775E-7
-7.218500	3.109453E-7
-7.212500	4.463363E-7
-7.206500	4.293397E-7
-7.200500	6.069895E-7
-7.194500	4.969770E-7
-7.188500	3.109453E-7
-7.182500	3.997702E-7
-7.176500	3.912719E-7
-7.170500	2.433080E-7
-7.164500	1.502922E-7
-7.158500	1.459848E-7
-7.152500	9.522773E-8
-7.146500	2.644956E-7
-7.140500	2.094312E-7
-7.134500	3.828900E-7
-7.128000	4.844042E-7
-7.122000	3.912719E-7
-7.116000	6.069895E-7
-7.110000	7.592607E-7
-7.104000	6.196788E-7
-7.098000	6.238697E-7
-7.092000	6.069895E-7
-7.086000	5.308539E-7
-7.080000	5.139736E-7
-7.074000	4.293397E-7
-7.068000	3.658934E-7
-7.062000	4.463363E-7
-7.056000	4.717149E-7
-7.050000	4.844042E-7
-7.044000	4.039612E-7
-7.038000	6.873161E-7
-7.032000	7.043127E-7
-7.026000	8.142088E-7
-7.020000	8.818461E-7
-7.014000	7.507624E-7
-7.008000	8.480856E-7
-7.002000	7.846393E-7
-6.996000	7.888302E-7
-6.990000	7.211929E-7
-6.984000	5.731126E-7
-6.978000	8.227071E-7
-6.972000	6.619375E-7
-6.966000	7.338822E-7
-6.960000	7.507624E-7
-6.954000	8.564675E-7
-6.948000	9.241048E-7
-6.942000	1.025619E-6
-6.936000	1.131441E-6
-6.930000	1.089065E-6
-6.924000	1.076376E-6
-6.918000	1.106062E-6
-6.912000	1.067994E-6
-6.906000	9.706710E-7
-6.900000	1.038308E-6
-6.894000	9.579817E-7
-6.888000	9.748619E-7
-6.882000	9.621726E-7
-6.876000	9.579817E-7
-6.870000	9.579817E-7
-6.864000	1.118751E-6
-6.858000	1.249835E-6
-6.852000	1.232838E-6
-6.846000	1.401990E-6
-6.840000	1.393608E-6
-6.834000	1.528882E-6
-6.828000	1.427368E-6
-6.822000	1.490815E-6
-6.816000	1.376611E-6
-6.810000	1.359731E-6
-6.804000	1.528882E-6
-6.798000	1.308974E-6
-6.792000	1.516193E-6
-6.786000	1.410488E-6
-6.780000	1.368229E-6
-6.774000	1.478125E-6
-6.768000	1.626206E-6
-6.762000	1.731911E-6
-6.756000	2.023648E-6
-6.750000	1.862994E-6
-6.744000	1.892564E-6
-6.738000	1.799548E-6
-6.732000	1.917942E-6
-6.726000	1.951819E-6
-6.720000	1.956010E-6
-6.714000	1.989887E-6
-6.708000	1.858803E-6
-6.702000	1.841807E-6
-6.696000	1.951819E-6
-6.690000	1.989887E-6
-6.684000	2.108281E-6
-6.678000	2.213987E-6
-6.672000	2.133660E-6
-6.666000	2.412824E-6
-6.660000	2.450775E-6
-6.654000	2.514222E-6
-6.648000	2.713059E-6
-6.642000	2.438086E-6
-6.636000	2.594665E-6
-6.630000	2.438086E-6
-6.624000	2.581975E-6
-6.618000	2.526911E-6
-6.612000	2.480461E-6
-6.606000	2.493151E-6
-6.600000	2.641114E-6
-6.594000	2.768007E-6
-6.588000	2.996414E-6
-6.582000	2.954039E-6
-6.576000	3.216323E-6
-6.570000	3.203633E-6
-6.564000	3.165565E-6
-6.558000	3.326219E-6
-6.552000	3.292342E-6
-6.546000	3.410853E-6
-6.540000	3.326219E-6
-6.534000	3.436231E-6
-6.528000	3.410853E-6
-6.522000	3.402354E-6
-6.516000	3.474299E-6
-6.510000	3.457302E-6
-6.503500	3.647641E-6
-6.497500	3.706780E-6
-6.491500	3.715279E-6
-6.485500	3.897119E-6
-6.479500	3.863359E-6
-6.473500	3.947876E-6
-6.467500	4.252419E-6
-6.461500	4.294678E-6
-6.455500	4.260801E-6
-6.449500	4.341244E-6
-6.443500	4.286179E-6
-6.437500	4.455331E-6
-6.431500	4.425761E-6
-6.425500	4.497706E-6
-6.419500	4.455331E-6
-6.413500	4.611793E-6
-6.407500	4.793634E-6
-6.401500	4.793634E-6
-6.395500	5.208072E-6
-6.389500	5.115056E-6
-6.383500	5.330774E-6
-6.377500	5.474547E-6
-6.371500	5.576061E-6
-6.365500	5.728332E-6
-6.359500	5.588750E-6
-6.353500	5.635200E-6
-6.347500	5.694455E-6
-6.341500	5.880487E-6
-6.335500	5.952432E-6
-6.329500	5.867798E-6
-6.323500	6.037066E-6
-6.317500	6.316113E-6
-6.311500	6.413436E-6
-6.305500	6.472575E-6
-6.299500	6.654416E-6
-6.293500	6.684102E-6
-6.287500	6.798189E-6
-6.281500	7.094233E-6
-6.275500	7.271883E-6
-6.269500	7.157680E-6
-6.263500	7.297262E-6
-6.257500	7.390277E-6
-6.251500	7.280381E-6
-6.245500	7.601688E-6
-6.239500	7.559429E-6
-6.233500	7.715891E-6
-6.227500	7.872353E-6
-6.221500	8.075382E-6
-6.215500	8.206465E-6
-6.209500	8.422183E-6
-6.203500	8.358737E-6
-6.197500	8.667470E-6
-6.191500	8.950825E-6
-6.185500	9.035342E-6
-6.179500	9.153737E-6
-6.173500	9.039650E-6
-6.167500	9.344076E-6
-6.161500	9.432901E-6
-6.155500	9.437092E-6
-6.149500	9.504729E-6
-6.143500	9.821961E-6
-6.137500	9.927666E-6
-6.131500	1.012650E-5
-6.125500	1.025328E-5
-6.119500	1.053663E-5
-6.113500	1.080311E-5
-6.107500	1.102721E-5
-6.101500	1.126830E-5
-6.095500	1.148821E-5
-6.089500	1.147122E-5
-6.083500	1.155585E-5
-6.077500	1.160661E-5
-6.071500	1.187297E-5
-6.065500	1.190265E-5
-6.059500	1.212675E-5
-6.053500	1.225783E-5
-6.047500	1.246086E-5
-6.041500	1.280336E-5
-6.035500	1.297682E-5
-6.029500	1.309102E-5
-6.023500	1.344201E-5
-6.017500	1.377182E-5
-6.011500	1.389871E-5
-6.005500	1.402979E-5
-5.999500	1.439778E-5
-5.993500	1.444423E-5
-5.987500	1.448649E-5
-5.981500	1.469371E-5
-5.975500	1.498556E-5
-5.969500	1.509546E-5
-5.963500	1.528161E-5
-5.957500	1.557334E-5
-5.951500	1.571293E-5
-5.945500	1.619931E-5
-5.939500	1.654611E-5
-5.933500	1.672364E-5
-5.927500	1.694786E-5
-5.921500	1.731154E-5
-5.915500	1.753145E-5
-5.909500	1.777243E-5
-5.903500	1.792470E-5
-5.897500	1.800084E-5
-5.891500	1.849560E-5
-5.885500	1.850829E-5
-5.879000	1.874939E-5
-5.873000	1.902843E-5
-5.867000	1.934986E-5
-5.861000	1.955288E-5
-5.855000	1.988700E-5
-5.849000	2.029713E-5
-5.843000	2.066081E-5
-5.837000	2.096535E-5
-5.831000	2.132484E-5
-5.825000	2.161239E-5
-5.819000	2.200995E-5
-5.813000	2.222136E-5
-5.807000	2.238632E-5
-5.801000	2.268236E-5
-5.795000	2.282183E-5
-5.789000	2.311787E-5
-5.783000	2.336747E-5
-5.777000	2.361694E-5
-5.771000	2.407364E-5
-5.765000	2.443732E-5
-5.759000	2.479681E-5
-5.753000	2.529158E-5
-5.747000	2.552848E-5
-5.741000	2.606970E-5
-5.735000	2.645876E-5
-5.729000	2.676749E-5
-5.723000	2.705504E-5
-5.717000	2.735958E-5
-5.711000	2.757530E-5
-5.705000	2.813351E-5
-5.699000	2.832804E-5
-5.693000	2.861139E-5
-5.687000	2.903002E-5
-5.681000	2.935994E-5
-5.675000	2.981245E-5
-5.669000	3.031560E-5
-5.663000	3.066671E-5
-5.657000	3.120373E-5
-5.651000	3.154203E-5
-5.645000	3.200723E-5
-5.639000	3.239210E-5
-5.633000	3.287417E-5
-5.627000	3.325904E-5
-5.621000	3.362691E-5
-5.615000	3.414706E-5
-5.609000	3.426557E-5
-5.603000	3.479409E-5
-5.597000	3.526360E-5
-5.591000	3.560609E-5
-5.585000	3.622356E-5
-5.579000	3.669714E-5
-5.573000	3.719621E-5
-5.567000	3.769947E-5
-5.561000	3.830425E-5
-5.555000	3.875245E-5
-5.549000	3.930228E-5
-5.543000	3.977166E-5
-5.537000	4.018610E-5
-5.531000	4.057097E-5
-5.525000	4.111649E-5
-5.519000	4.159857E-5
-5.513000	4.200032E-5
-5.507000	4.249939E-5
-5.501000	4.306610E-5
-5.495000	4.348054E-5
-5.489000	4.420360E-5
-5.483000	4.484644E-5
-5.477000	4.530314E-5
-5.471000	4.600943E-5
-5.465000	4.669453E-5
-5.459000	4.721468E-5
-5.453000	4.780258E-5
-5.447000	4.828884E-5
-5.441000	4.875404E-5
-5.435000	4.942226E-5
-5.429000	4.994660E-5
-5.423000	5.038222E-5
-5.417000	5.101238E-5
-5.411000	5.155790E-5
-5.405000	5.207804E-5
-5.399000	5.276315E-5
-5.393000	5.354977E-5
-5.387000	5.423906E-5
-5.381000	5.481415E-5
-5.375000	5.565572E-5
-5.369000	5.627319E-5
-5.363000	5.694979E-5
-5.357000	5.771103E-5
-5.351000	5.811697E-5
-5.345000	5.890790E-5
-5.339000	5.957182E-5
-5.333000	6.013422E-5
-5.327000	6.078125E-5
-5.321000	6.137753E-5
-5.315000	6.217265E-5
-5.309000	6.293389E-5
-5.303000	6.361469E-5
-5.297000	6.454508E-5
-5.291000	6.527244E-5
-5.285000	6.614369E-5
-5.279000	6.692181E-5
-5.273000	6.774638E-5
-5.267000	6.836816E-5
-5.261000	6.923929E-5
-5.254500	6.998354E-5
-5.248500	7.068983E-5
-5.242500	7.157365E-5
-5.236500	7.216155E-5
-5.230500	7.294386E-5
-5.224500	7.380662E-5
-5.218500	7.458474E-5
-5.212500	7.554470E-5
-5.206500	7.639895E-5
-5.200500	7.732934E-5
-5.194500	7.805671E-5
-5.188500	7.913506E-5
-5.182500	8.003588E-5
-5.176500	8.102541E-5
-5.170500	8.183741E-5
-5.164500	8.264091E-5
-5.158500	8.347409E-5
-5.152500	8.451438E-5
-5.146500	8.523336E-5
-5.140500	8.604955E-5
-5.134500	8.697144E-5
-5.128500	8.793140E-5
-5.122500	8.886599E-5
-5.116500	8.988939E-5
-5.110500	9.096356E-5
-5.104500	9.191094E-5
-5.098500	9.307382E-5
-5.092500	9.402959E-5
-5.086500	9.508268E-5
-5.080500	9.600876E-5
-5.074500	9.713788E-5
-5.068500	9.802182E-5
-5.062500	9.901985E-5
-5.056500	0.000100
-5.050500	0.000101
-5.044500	0.000102
-5.038500	0.000103
-5.032500	0.000104
-5.026500	0.000105
-5.020500	0.000106
-5.014500	0.000108
-5.008500	0.000109
-5.002500	0.000110
-4.996500	0.000111
-4.990500	0.000112
-4.984500	0.000113
-4.978500	0.000114
-4.972500	0.000116
-4.966500	0.000116
-4.960500	0.000118
-4.954500	0.000119
-4.948500	0.000120
-4.942500	0.000121
-4.936500	0.000122
-4.930500	0.000124
-4.924500	0.000125
-4.918500	0.000126
-4.912500	0.000127
-4.906500	0.000129
-4.900500	0.000130
-4.894500	0.000131
-4.888500	0.000132
-4.882500	0.000133
-4.876500	0.000135
-4.870500	0.000136
-4.864500	0.000137
-4.858500	0.000138
-4.852500	0.000140
-4.846500	0.000141
-4.840500	0.000142
-4.834500	0.000144
-4.828500	0.000145
-4.822500	0.000147
-4.816500	0.000148
-4.810500	0.000149
-4.804500	0.000151
-4.798500	0.000152
-4.792500	0.000153
-4.786500	0.000155
-4.780500	0.000156
-4.774500	0.000157
-4.768500	0.000158
-4.762500	0.000160
-4.756500	0.000161
-4.750500	0.000163
-4.744500	0.000164
-4.738500	0.000165
-4.732500	0.000167
-4.726500	0.000168
-4.720500	0.000170
-4.714500	0.000171
-4.708500	0.000172
-4.702500	0.000174
-4.696500	0.000175
-4.690500	0.000176
-4.684500	0.000178
-4.678500	0.000179
-4.672500	0.000180
-4.666500	0.000182
-4.660500	0.000183
-4.654500	0.000185
-4.648500	0.000186
-4.642500	0.000187
-4.636500	0.000189
-4.630000	0.000190
-4.624000	0.000192
-4.618000	0.000193
-4.612000	0.000194
-4.606000	0.000196
-4.600000	0.000197
-4.594000	0.000198
-4.588000	0.000200
-4.582000	0.000201
-4.576000	0.000202
-4.570000	0.000203
-4.564000	0.000205
-4.558000	0.000206
-4.552000	0.000207
-4.546000	0.000209
-4.540000	0.000210
-4.534000	0.000211
-4.528000	0.000213
-4.522000	0.000214
-4.516000	0.000215
-4.510000	0.000216
-4.504000	0.000217
-4.498000	0.000218
-4.492000	0.000219
-4.486000	0.000221
-4.480000	0.000221
-4.474000	0.000223
-4.468000	0.000224
-4.462000	0.000225
-4.456000	0.000226
-4.450000	0.000227
-4.444000	0.000228
-4.438000	0.000229
-4.432000	0.000230
-4.426000	0.000231
-4.420000	0.000232
-4.414000	0.000233
-4.408000	0.000234
-4.402000	0.000235
-4.396000	0.000235
-4.390000	0.000236
-4.384000	0.000237
-4.378000	0.000238
-4.372000	0.000239
-4.366000	0.000240
-4.360000	0.000240
-4.354000	0.000241
-4.348000	0.000242
-4.342000	0.000243
-4.336000	0.000243
-4.330000	0.000244
-4.324000	0.000244
-4.318000	0.000245
-4.312000	0.000246
-4.306000	0.000246
-4.300000	0.000247
-4.294000	0.000247
-4.288000	0.000248
-4.282000	0.000248
-4.276000	0.000249
-4.270000	0.000250
-4.264000	0.000250
-4.258000	0.000251
-4.252000	0.000251
-4.246000	0.000252
-4.240000	0.000252
-4.234000	0.000253
-4.228000	0.000253
-4.222000	0.000253
-4.216000	0.000254
-4.210000	0.000254
-4.204000	0.000255
-4.198000	0.000255
-4.192000	0.000255
-4.186000	0.000256
-4.180000	0.000256
-4.174000	0.000257
-4.168000	0.000257
-4.162000	0.000258
-4.156000	0.000258
-4.150000	0.000259
-4.144000	0.000259
-4.138000	0.000259
-4.132000	0.000260
-4.126000	0.000260
-4.120000	0.000260
-4.114000	0.000261
-4.108000	0.000261
-4.102000	0.000261
-4.096000	0.000262
-4.090000	0.000262
-4.084000	0.000263
-4.078000	0.000263
-4.072000	0.000264
-4.066000	0.000264
-4.060000	0.000264
-4.054000	0.000264
-4.048000	0.000265
-4.042000	0.000265
-4.036000	0.000265
-4.030000	0.000266
-4.024000	0.000266
-4.018000	0.000266
-4.012000	0.000267
-4.005500	0.000267
-3.999500	0.000268
-3.993500	0.000268
-3.987500	0.000268
-3.981500	0.000269
-3.975500	0.000269
-3.969500	0.000269
-3.963500	0.000270
-3.957500	0.000270
-3.951500	0.000270
-3.945500	0.000270
-3.939500	0.000271
-3.933500	0.000271
-3.927500	0.000271
-3.921500	0.000272
-3.915500	0.000272
-3.909500	0.000272
-3.903500	0.000273
-3.897500	0.000273
-3.891500	0.000273
-3.885500	0.000274
-3.879500	0.000274
-3.873500	0.000274
-3.867500	0.000275
-3.861500	0.000275
-3.855500	0.000275
-3.849500	0.000275
-3.843500	0.000275
-3.837500	0.000276
-3.831500	0.000276
-3.825500	0.000276
-3.819500	0.000277
-3.813500	0.000277
-3.807500	0.000277
-3.801500	0.000278
-3.795500	0.000278
-3.789500	0.000278
-3.783500	0.000279
-3.777500	0.000279
-3.771500	0.000279
-3.765500	0.000279
-3.759500	0.000279
-3.753500	0.000280
-3.747500	0.000280
-3.741500	0.000280
-3.735500	0.000280
-3.729500	0.000281
-3.723500	0.000281
-3.717500	0.000281
-3.711500	0.000282
-3.705500	0.000282
-3.699500	0.000282
-3.693500	0.000283
-3.687500	0.000283
-3.681500	0.000283
-3.675500	0.000283
-3.669500	0.000283
-3.663500	0.000284
-3.657500	0.000284
-3.651500	0.000284
-3.645500	0.000284
-3.639500	0.000284
-3.633500	0.000285
-3.627500	0.000285
-3.621500	0.000286
-3.615500	0.000286
-3.609500	0.000286
-3.603500	0.000286
-3.597500	0.000286
-3.591500	0.000287
-3.585500	0.000287
-3.579500	0.000287
-3.573500	0.000287
-3.567500	0.000287
-3.561500	0.000288
-3.555500	0.000288
-3.549500	0.000288
-3.543500	0.000288
-3.537500	0.000289
-3.531500	0.000289
-3.525500	0.000289
-3.519500	0.000290
-3.513500	0.000290
-3.507500	0.000290
-3.501500	0.000290
-3.495500	0.000290
-3.489500	0.000291
-3.483500	0.000291
-3.477500	0.000291
-3.471500	0.000291
-3.465500	0.000291
-3.459500	0.000291
-3.453500	0.000292
-3.447500	0.000292
-3.441500	0.000292
-3.435500	0.000293
-3.429500	0.000293
-3.423500	0.000293
-3.417500	0.000293
-3.411500	0.000293
-3.405500	0.000294
-3.399500	0.000294
-3.393500	0.000294
-3.387500	0.000294
-3.381000	0.000294
-3.375000	0.000294
-3.369000	0.000295
-3.363000	0.000295
-3.357000	0.000295
-3.351000	0.000295
-3.345000	0.000296
-3.339000	0.000296
-3.333000	0.000296
-3.327000	0.000296
-3.321000	0.000297
-3.315000	0.000297
-3.309000	0.000297
-3.303000	0.000297
-3.297000	0.000297
-3.291000	0.000297
-3.285000	0.000297
-3.279000	0.000298
-3.273000	0.000298
-3.267000	0.000298
-3.261000	0.000298
-3.255000	0.000299
-3.249000	0.000299
-3.243000	0.000299
-3.237000	0.000299
-3.231000	0.000299
-3.225000	0.000300
-3.219000	0.000300
-3.213000	0.000300
-3.207000	0.000300
-3.201000	0.000300
-3.195000	0.000300
-3.189000	0.000300
-3.183000	0.000301
-3.177000	0.000301
-3.171000	0.000301
-3.165000	0.000301
-3.159000	0.000301
-3.153000	0.000302
-3.147000	0.000302
-3.141000	0.000302
-3.135000	0.000302
-3.129000	0.000302
-3.123000	0.000303
-3.117000	0.000303
-3.111000	0.000303
-3.105000	0.000303
-3.099000	0.000303
-3.093000	0.000303
-3.087000	0.000303
-3.081000	0.000304
-3.075000	0.000304
-3.069000	0.000304
-3.063000	0.000304
-3.057000	0.000305
-3.051000	0.000305
-3.045000	0.000305
-3.039000	0.000305
-3.033000	0.000305
-3.027000	0.000305
-3.021000	0.000305
-3.015000	0.000305
-3.009000	0.000306
-3.003000	0.000306
-2.997000	0.000306
-2.991000	0.000306
-2.985000	0.000306
-2.979000	0.000307
-2.973000	0.000307
-2.967000	0.000307
-2.961000	0.000307
-2.955000	0.000307
-2.949000	0.000307
-2.943000	0.000308
-2.937000	0.000308
-2.931000	0.000308
-2.925000	0.000308
-2.919000	0.000308
-2.913000	0.000308
-2.907000	0.000308
-2.901000	0.000308
-2.895000	0.000309
-2.889000	0.000309
-2.883000	0.000309
-2.877000	0.000309
-2.871000	0.000309
-2.865000	0.000310
-2.859000	0.000310
-2.853000	0.000310
-2.847000	0.000310
-2.841000	0.000310
-2.835000	0.000310
-2.829000	0.000310
-2.823000	0.000310
-2.817000	0.000310
-2.811000	0.000311
-2.805000	0.000311
-2.799000	0.000311
-2.793000	0.000311
-2.787000	0.000311
-2.781000	0.000312
-2.775000	0.000312
-2.769000	0.000312
-2.763000	0.000312
-2.756500	0.000312
-2.750500	0.000312
-2.744500	0.000312
-2.738500	0.000312
-2.732500	0.000313
-2.726500	0.000313
-2.720500	0.000313
-2.714500	0.000313
-2.708500	0.000313
-2.702500	0.000313
-2.696500	0.000313
-2.690500	0.000314
-2.684500	0.000314
-2.678500	0.000314
-2.672500	0.000314
-2.666500	0.000314
-2.660500	0.000314
-2.654500	0.000314
-2.648500	0.000315
-2.642500	0.000315
-2.636500	0.000315
-2.630500	0.000315
-2.624500	0.000315
-2.618500	0.000315
-2.612500	0.000315
-2.606500	0.000315
-2.600500	0.000316
-2.594500	0.000316
-2.588500	0.000316
-2.582500	0.000316
-2.576500	0.000316
-2.570500	0.000316
-2.564500	0.000316
-2.558500	0.000316
-2.552500	0.000316
-2.546500	0.000317
-2.540500	0.000317
-2.534500	0.000317
-2.528500	0.000317
-2.522500	0.000317
-2.516500	0.000317
-2.510500	0.000317
-2.504500	0.000318
-2.498500	0.000318
-2.492500	0.000318
-2.486500	0.000318
-2.480500	0.000318
-2.474500	0.000318
-2.468500	0.000318
-2.462500	0.000318
-2.456500	0.000318
-2.450500	0.000318
-2.444500	0.000318
-2.438500	0.000319
-2.432500	0.000319
-2.426500	0.000319
-2.420500	0.000319
-2.414500	0.000319
-2.408500	0.000319
-2.402500	0.000320
-2.396500	0.000320
-2.390500	0.000320
-2.384500	0.000320
-2.378500	0.000320
-2.372500	0.000320
-2.366500	0.000320
-2.360500	0.000320
-2.354500	0.000320
-2.348500	0.000320
-2.342500	0.000321
-2.336500	0.000321
-2.330500	0.000321
-2.324500	0.000321
-2.318500	0.000321
-2.312500	0.000321
-2.306500	0.000321
-2.300500	0.000322
-2.294500	0.000322
-2.288500	0.000322
-2.282500	0.000322
-2.276500	0.000322
-2.270500	0.000322
-2.264500	0.000322
-2.258500	0.000322
-2.252500	0.000322
-2.246500	0.000322
-2.240500	0.000322
-2.234500	0.000323
-2.228500	0.000323
-2.222500	0.000323
-2.216500	0.000323
-2.210500	0.000323
-2.204500	0.000323
-2.198500	0.000323
-2.192500	0.000323
-2.186500	0.000323
-2.180500	0.000323
-2.174500	0.000323
-2.168500	0.000324
-2.162500	0.000324
-2.156500	0.000324
-2.150500	0.000324
-2.144500	0.000324
-2.138500	0.000324
-2.132000	0.000324
-2.126000	0.000325
-2.120000	0.000325
-2.114000	0.000325
-2.108000	0.000325
-2.102000	0.000325
-2.096000	0.000325
-2.090000	0.000325
-2.084000	0.000325
-2.078000	0.000325
-2.072000	0.000325
-2.066000	0.000325
-2.060000	0.000325
-2.054000	0.000326
-2.048000	0.000326
-2.042000	0.000326
-2.036000	0.000326
-2.030000	0.000326
-2.024000	0.000326
-2.018000	0.000326
-2.012000	0.000326
-2.006000	0.000326
-2.000000	0.000326
-1.994000	0.000326
-1.988000	0.000326
-1.982000	0.000327
-1.976000	0.000327
-1.970000	0.000327
-1.964000	0.000327
-1.958000	0.000327
-1.952000	0.000327
-1.946000	0.000327
-1.940000	0.000327
-1.934000	0.000328
-1.928000	0.000328
-1.922000	0.000328
-1.916000	0.000328
-1.910000	0.000328
-1.904000	0.000328
-1.898000	0.000328
-1.892000	0.000328
-1.886000	0.000328
-1.880000	0.000328
-1.874000	0.000328
-1.868000	0.000328
-1.862000	0.000329
-1.856000	0.000329
-1.850000	0.000329
-1.844000	0.000329
-1.838000	0.000329
-1.832000	0.000329
-1.826000	0.000329
-1.820000	0.000329
-1.814000	0.000329
-1.808000	0.000329
-1.802000	0.000329
-1.796000	0.000329
-1.790000	0.000329
-1.784000	0.000330
-1.778000	0.000330
-1.772000	0.000330
-1.766000	0.000330
-1.760000	0.000330
-1.754000	0.000330
-1.748000	0.000330
-1.742000	0.000330
-1.736000	0.000330
-1.730000	0.000330
-1.724000	0.000330
-1.718000	0.000330
-1.712000	0.000330
-1.706000	0.000331
-1.700000	0.000331
-1.694000	0.000331
-1.688000	0.000331
-1.682000	0.000331
-1.676000	0.000331
-1.670000	0.000331
-1.664000	0.000331
-1.658000	0.000331
-1.652000	0.000332
-1.646000	0.000332
-1.640000	0.000332
-1.634000	0.000332
-1.628000	0.000332
-1.622000	0.000332
-1.616000	0.000332
-1.610000	0.000332
-1.604000	0.000332
-1.598000	0.000332
-1.592000	0.000332
-1.586000	0.000332
-1.580000	0.000332
-1.574000	0.000333
-1.568000	0.000333
-1.562000	0.000333
-1.556000	0.000333
-1.550000	0.000333
-1.544000	0.000333
-1.538000	0.000333
-1.532000	0.000333
-1.526000	0.000333
-1.520000	0.000333
-1.514000	0.000333
-1.507500	0.000333
-1.501500	0.000333
-1.495500	0.000333
-1.489500	0.000333
-1.483500	0.000334
-1.477500	0.000334
-1.471500	0.000334
-1.465500	0.000334
-1.459500	0.000334
-1.453500	0.000334
-1.447500	0.000334
-1.441500	0.000334
-1.435500	0.000334
-1.429500	0.000334
-1.423500	0.000334
-1.417500	0.000334
-1.411500	0.000334
-1.405500	0.000334
-1.399500	0.000335
-1.393500	0.000335
-1.387500	0.000335
-1.381500	0.000335
-1.375500	0.000335
-1.369500	0.000335
-1.363500	0.000335
-1.357500	0.000335
-1.351500	0.000335
-1.345500	0.000335
-1.339500	0.000335
-1.333500	0.000335
-1.327500	0.000335
-1.321500	0.000335
-1.315500	0.000335
-1.309500	0.000336
-1.303500	0.000336
-1.297500	0.000336
-1.291500	0.000336
-1.285500	0.000336
-1.279500	0.000336
-1.273500	0.000336
-1.267500	0.000336
-1.261500	0.000336
-1.255500	0.000336
-1.249500	0.000336
-1.243500	0.000336
-1.237500	0.000336
-1.231500	0.000336
-1.225500	0.000336
-1.219500	0.000336
-1.213500	0.000337
-1.207500	0.000337
-1.201500	0.000337
-1.195500	0.000337
-1.189500	0.000337
-1.183500	0.000337
-1.177500	0.000337
-1.171500	0.000337
-1.165500	0.000337
-1.159500	0.000337
-1.153500	0.000337
-1.147500	0.000337
-1.141500	0.000337
-1.135500	0.000337
-1.129500	0.000337
-1.123500	0.000338
-1.117500	0.000338
-1.111500	0.000338
-1.105500	0.000338
-1.099500	0.000338
-1.093500	0.000338
-1.087500	0.000338
-1.081500	0.000338
-1.075500	0.000338
-1.069500	0.000338
-1.063500	0.000338
-1.057500	0.000338
-1.051500	0.000338
-1.045500	0.000338
-1.039500	0.000338
-1.033500	0.000338
-1.027500	0.000339
-1.021500	0.000339
-1.015500	0.000339
-1.009500	0.000339
-1.003500	0.000339
-0.997500	0.000339
-0.991500	0.000339
-0.985500	0.000339
-0.979500	0.000339
-0.973500	0.000339
-0.967500	0.000339
-0.961500	0.000339
-0.955500	0.000339
-0.949500	0.000339
-0.943500	0.000339
-0.937500	0.000339
-0.931500	0.000339
-0.925500	0.000340
-0.919500	0.000340
-0.913500	0.000340
-0.907500	0.000340
-0.901500	0.000340
-0.895500	0.000340
-0.889500	0.000340
-0.883000	0.000340
-0.877000	0.000340
-0.871000	0.000340
-0.865000	0.000340
-0.859000	0.000340
-0.853000	0.000340
-0.847000	0.000340
-0.841000	0.000340
-0.835000	0.000340
-0.829000	0.000341
-0.823000	0.000341
-0.817000	0.000341
-0.811000	0.000341
-0.805000	0.000341
-0.799000	0.000341
-0.793000	0.000341
-0.787000	0.000341
-0.781000	0.000341
-0.775000	0.000341
-0.769000	0.000341
-0.763000	0.000341
-0.757000	0.000341
-0.751000	0.000341
-0.745000	0.000341
-0.739000	0.000341
-0.733000	0.000341
-0.727000	0.000341
-0.721000	0.000341
-0.715000	0.000341
-0.709000	0.000342
-0.703000	0.000341
-0.697000	0.000341
-0.691000	0.000342
-0.685000	0.000342
-0.679000	0.000342
-0.673000	0.000342
-0.667000	0.000342
-0.661000	0.000342
-0.655000	0.000342
-0.649000	0.000342
-0.643000	0.000342
-0.637000	0.000342
-0.631000	0.000342
-0.625000	0.000342
-0.619000	0.000342
-0.613000	0.000342
-0.607000	0.000342
-0.601000	0.000342
-0.595000	0.000342
-0.589000	0.000342
-0.583000	0.000342
-0.577000	0.000343
-0.571000	0.000343
-0.565000	0.000343
-0.559000	0.000343
-0.553000	0.000343
-0.547000	0.000343
-0.541000	0.000343
-0.535000	0.000343
-0.529000	0.000343
-0.523000	0.000343
-0.517000	0.000343
-0.511000	0.000343
-0.505000	0.000343
-0.499000	0.000343
-0.493000	0.000343
-0.487000	0.000343
-0.481000	0.000343
-0.475000	0.000343
-0.469000	0.000344
-0.463000	0.000344
-0.457000	0.000344
-0.451000	0.000344
-0.445000	0.000344
-0.439000	0.000344
-0.433000	0.000344
-0.427000	0.000344
-0.421000	0.000344
-0.415000	0.000344
-0.409000	0.000344
-0.403000	0.000344
-0.397000	0.000344
-0.391000	0.000344
-0.385000	0.000344
-0.379000	0.000344
-0.373000	0.000344
-0.367000	0.000344
-0.361000	0.000344
-0.355000	0.000344
-0.349000	0.000344
-0.343000	0.000344
-0.337000	0.000344
-0.331000	0.000344
-0.325000	0.000344
-0.319000	0.000344
-0.313000	0.000344
-0.307000	0.000345
-0.301000	0.000345
-0.295000	0.000345
-0.289000	0.000345
-0.283000	0.000345
-0.277000	0.000345
-0.271000	0.000345
-0.265000	0.000345
-0.258500	0.000345
-0.252500	0.000345
-0.246500	0.000345
-0.240500	0.000345
-0.234500	0.000345
-0.228500	0.000345
-0.222500	0.000345
-0.216500	0.000345
-0.210500	0.000345
-0.204500	0.000345
-0.198500	0.000346
-0.192500	0.000346
-0.186500	0.000346
-0.180500	0.000346
-0.174500	0.000346
-0.168500	0.000346
-0.162500	0.000346
-0.156500	0.000346
-0.150500	0.000346
-0.144500	0.000346
-0.138500	0.000346
-0.132500	0.000346
-0.126500	0.000346
-0.120500	0.000346
-0.114500	0.000346
-0.108500	0.000346
-0.102500	0.000346
-0.096500	0.000346
-0.090500	0.000346
-0.084500	0.000346
-0.078500	0.000346
-0.072500	0.000346
-0.066500	0.000346
-0.060500	0.000346
-0.054500	0.000346
-0.048500	0.000346
-0.042500	0.000346
-0.036500	0.000346
-0.030500	0.000346
-0.024500	0.000347
-0.018500	0.000347
-0.012500	0.000347
-0.006500	0.000347
-0.000500	0.000347
