% Langmuir characteristic curve

% U (Volt)	I (A)
-15.000000	-5.856855E-7
-14.994000	-4.291069E-7
-14.988000	-4.925532E-7
-14.982000	-4.461035E-7
-14.976000	-4.671747E-7
-14.970000	-3.910391E-7
-14.964000	-4.544854E-7
-14.958000	-2.091983E-7
-14.952000	-3.275927E-7
-14.946000	-4.207250E-7
-14.940000	-4.291069E-7
-14.934000	-5.222391E-7
-14.928000	-3.192108E-7
-14.922000	-5.856855E-7
-14.916000	-3.656605E-7
-14.910000	-3.487803E-7
-14.904000	-4.037283E-7
-14.898000	-4.587928E-7
-14.892000	-2.726447E-7
-14.886000	-4.291069E-7
-14.880000	-5.222391E-7
-14.874000	-4.714821E-7
-14.868000	-4.841713E-7
-14.862000	-3.487803E-7
-14.856000	-3.234018E-7
-14.850000	-5.644979E-7
-14.844000	-2.853340E-7
-14.838000	-3.699679E-7
-14.832000	-4.417961E-7
-14.826000	-3.656605E-7
-14.820000	-3.107125E-7
-14.814000	-5.052425E-7
-14.808000	-5.603069E-7
-14.802000	-6.575137E-7
-14.796000	-5.559996E-7
-14.790000	-4.080357E-7
-14.784000	-4.037283E-7
-14.778000	-6.236369E-7
-14.772000	-5.433103E-7
-14.766000	-4.080357E-7
-14.760000	-4.291069E-7
-14.754000	-2.642628E-7
-14.748000	-3.360910E-7
-14.742000	-2.345769E-7
-14.736000	-4.756730E-7
-14.730000	-4.207250E-7
-14.724000	-4.080357E-7
-14.718000	-4.080357E-7
-14.712000	-4.756730E-7
-14.706000	-4.502945E-7
-14.700000	-4.207250E-7
-14.694000	-6.490154E-7
-14.688000	-4.461035E-7
-14.682000	-4.629837E-7
-14.676000	-3.656605E-7
-14.670000	-5.010515E-7
-14.664000	-3.783498E-7
-14.658000	-3.741588E-7
-14.652000	-3.150199E-7
-14.645500	-3.995374E-7
-14.639500	-3.699679E-7
-14.633500	-5.264301E-7
-14.627500	-4.334142E-7
-14.621500	-5.559996E-7
-14.615500	-5.771872E-7
-14.609500	-4.714821E-7
-14.603500	-6.490154E-7
-14.597500	-3.319001E-7
-14.591500	-4.249159E-7
-14.585500	-5.433103E-7
-14.579500	-3.783498E-7
-14.573500	-1.330627E-7
-14.567500	-2.896413E-7
-14.561500	-1.965091E-7
-14.555500	-3.572786E-7
-14.549500	-3.529713E-7
-14.543500	-3.656605E-7
-14.537500	-6.406335E-7
-14.531500	-5.391194E-7
-14.525500	-4.714821E-7
-14.519500	-4.249159E-7
-14.513500	-4.461035E-7
-14.507500	-4.334142E-7
-14.501500	-4.714821E-7
-14.495500	-4.376052E-7
-14.489500	-4.249159E-7
-14.483500	-3.572786E-7
-14.477500	-1.542503E-7
-14.471500	-3.445894E-7
-14.465500	-3.699679E-7
-14.459500	-3.868481E-7
-14.453500	-4.756730E-7
-14.447500	-3.995374E-7
-14.441500	-6.279442E-7
-14.435500	-5.391194E-7
-14.429500	-2.515735E-7
-14.423500	-4.122267E-7
-14.417500	-3.826572E-7
-14.411500	-4.671747E-7
-14.405500	-3.445894E-7
-14.399500	-3.360910E-7
-14.393500	-2.938323E-7
-14.387500	-5.179318E-7
-14.381500	-2.557645E-7
-14.375500	-6.490154E-7
-14.369500	-3.656605E-7
-14.363500	-4.544854E-7
-14.357500	-3.741588E-7
-14.351500	-5.391194E-7
-14.345500	-4.080357E-7
-14.339500	-4.376052E-7
-14.333500	-4.461035E-7
-14.327500	-4.502945E-7
-14.321500	-4.756730E-7
-14.315500	-5.856855E-7
-14.309500	-3.023306E-7
-14.303500	-3.402820E-7
-14.297500	-3.910391E-7
-14.291500	-4.756730E-7
-14.285500	-3.741588E-7
-14.279500	-3.529713E-7
-14.273500	-4.461035E-7
-14.267500	-5.349284E-7
-14.261500	-4.164176E-7
-14.255500	-4.207250E-7
-14.249500	-6.152550E-7
-14.243500	-4.883623E-7
-14.237500	-6.321352E-7
-14.231500	-4.376052E-7
-14.225500	-3.065215E-7
-14.219500	-5.137408E-7
-14.213500	-3.741588E-7
-14.207500	-3.783498E-7
-14.201500	-4.841713E-7
-14.195500	-3.275927E-7
-14.189500	-4.122267E-7
-14.183500	-4.164176E-7
-14.177500	-5.771872E-7
-14.171500	-4.417961E-7
-14.165500	-5.095499E-7
-14.159500	-5.137408E-7
-14.153500	-4.461035E-7
-14.147500	-4.714821E-7
-14.141500	-4.164176E-7
-14.135500	-3.572786E-7
-14.129500	-4.417961E-7
-14.123500	-1.034932E-7
-14.117500	-3.783498E-7
-14.111500	-1.542503E-7
-14.105500	-2.726447E-7
-14.099500	-5.940674E-7
-14.093500	-3.529713E-7
-14.087500	-3.192108E-7
-14.081500	-4.376052E-7
-14.075500	-4.207250E-7
-14.069500	-4.798640E-7
-14.063500	-5.686888E-7
-14.057500	-3.445894E-7
-14.051500	-3.572786E-7
-14.045500	-5.559996E-7
-14.039500	-3.868481E-7
-14.033500	-3.826572E-7
-14.027500	-3.402820E-7
-14.021500	-3.192108E-7
-14.015500	-1.584413E-7
-14.009500	-3.699679E-7
-14.003500	-4.291069E-7
-13.997500	-3.783498E-7
-13.991500	-3.995374E-7
-13.985500	-5.518086E-7
-13.979500	-4.164176E-7
-13.973500	-5.010515E-7
-13.967500	-4.756730E-7
-13.961500	-5.898764E-7
-13.955500	-5.603069E-7
-13.949000	-4.291069E-7
-13.943000	-2.938323E-7
-13.937000	-3.319001E-7
-13.931000	-1.373701E-7
-13.925000	-3.868481E-7
-13.919000	-4.164176E-7
-13.913000	-3.487803E-7
-13.907000	-3.741588E-7
-13.901000	-4.968606E-7
-13.895000	-3.995374E-7
-13.889000	-5.264301E-7
-13.883000	-4.587928E-7
-13.877000	-6.194459E-7
-13.871000	-5.982583E-7
-13.865000	-1.838198E-7
-13.859000	-3.192108E-7
-13.853000	-4.798640E-7
-13.847000	-2.896413E-7
-13.841000	-3.150199E-7
-13.835000	-3.614696E-7
-13.829000	-3.699679E-7
-13.823000	-4.207250E-7
-13.817000	-2.008164E-7
-13.811000	-2.684537E-7
-13.805000	-4.629837E-7
-13.799000	-4.671747E-7
-13.793000	-5.095499E-7
-13.787000	-5.179318E-7
-13.781000	-4.756730E-7
-13.775000	-2.345769E-7
-13.769000	-1.542503E-7
-13.763000	-4.207250E-7
-13.757000	-3.910391E-7
-13.751000	-3.783498E-7
-13.745000	-3.529713E-7
-13.739000	-4.376052E-7
-13.733000	-3.995374E-7
-13.727000	-3.487803E-7
-13.721000	-2.599554E-7
-13.715000	-4.841713E-7
-13.709000	-4.334142E-7
-13.703000	-4.671747E-7
-13.697000	-4.629837E-7
-13.691000	-3.614696E-7
-13.685000	-4.714821E-7
-13.679000	-4.671747E-7
-13.673000	-5.052425E-7
-13.667000	-4.207250E-7
-13.661000	-3.234018E-7
-13.655000	-5.137408E-7
-13.649000	-4.671747E-7
-13.643000	-5.010515E-7
-13.637000	-2.345769E-7
-13.631000	-3.953464E-7
-13.625000	-6.025657E-7
-13.619000	-5.433103E-7
-13.613000	-5.137408E-7
-13.607000	-5.222391E-7
-13.601000	-4.207250E-7
-13.595000	-1.838198E-7
-13.589000	-6.870832E-7
-13.583000	-3.741588E-7
-13.577000	-3.783498E-7
-13.571000	-5.222391E-7
-13.565000	-2.050074E-7
-13.559000	-3.614696E-7
-13.553000	-5.433103E-7
-13.547000	-3.826572E-7
-13.541000	-4.798640E-7
-13.535000	-4.249159E-7
-13.529000	-6.067567E-7
-13.523000	-3.741588E-7
-13.517000	-6.533228E-7
-13.511000	-4.334142E-7
-13.505000	-3.402820E-7
-13.499000	-4.417961E-7
-13.493000	-3.319001E-7
-13.487000	-1.415610E-7
-13.481000	-3.445894E-7
-13.475000	-2.896413E-7
-13.469000	-3.107125E-7
-13.463000	-5.264301E-7
-13.457000	-4.080357E-7
-13.451000	-4.461035E-7
-13.445000	-4.544854E-7
-13.439000	-4.249159E-7
-13.433000	-4.925532E-7
-13.427000	-4.841713E-7
-13.421000	-2.388842E-7
-13.415000	-4.291069E-7
-13.409000	-4.671747E-7
-13.403000	-1.500593E-7
-13.397000	-4.714821E-7
-13.391000	-4.417961E-7
-13.385000	-4.925532E-7
-13.379000	-3.023306E-7
-13.373000	-3.910391E-7
-13.367000	-5.644979E-7
-13.361000	-3.487803E-7
-13.355000	-2.472661E-7
-13.349000	-4.417961E-7
-13.343000	-4.714821E-7
-13.337000	-4.798640E-7
-13.331000	-5.476177E-7
-13.325000	-4.417961E-7
-13.319000	-4.080357E-7
-13.313000	-4.334142E-7
-13.307000	-1.288718E-7
-13.301000	-3.826572E-7
-13.295000	-2.938323E-7
-13.289000	-3.487803E-7
-13.283000	-4.080357E-7
-13.277000	-4.037283E-7
-13.271000	-3.572786E-7
-13.265000	-4.587928E-7
-13.258500	-2.515735E-7
-13.252500	-4.925532E-7
-13.246500	-6.067567E-7
-13.240500	-3.953464E-7
-13.234500	-3.910391E-7
-13.228500	-5.476177E-7
-13.222500	-3.741588E-7
-13.216500	-4.883623E-7
-13.210500	-2.938323E-7
-13.204500	-3.910391E-7
-13.198500	-4.798640E-7
-13.192500	-4.291069E-7
-13.186500	-3.953464E-7
-13.180500	-3.445894E-7
-13.174500	-5.856855E-7
-13.168500	-3.868481E-7
-13.162500	-6.787013E-7
-13.156500	-5.010515E-7
-13.150500	-3.826572E-7
-13.144500	-4.249159E-7
-13.138500	-4.883623E-7
-13.132500	-1.669396E-7
-13.126500	-3.402820E-7
-13.120500	-3.319001E-7
-13.114500	-2.980232E-7
-13.108500	-3.783498E-7
-13.102500	-4.461035E-7
-13.096500	-5.264301E-7
-13.090500	-4.291069E-7
-13.084500	-4.883623E-7
-13.078500	-6.321352E-7
-13.072500	-5.391194E-7
-13.066500	-4.164176E-7
-13.060500	-4.629837E-7
-13.054500	-6.702030E-7
-13.048500	-6.194459E-7
-13.042500	-1.838198E-7
-13.036500	-3.572786E-7
-13.030500	-4.841713E-7
-13.024500	-2.896413E-7
-13.018500	-2.980232E-7
-13.012500	-5.433103E-7
-13.006500	-4.122267E-7
-13.000500	-3.868481E-7
-12.994500	-2.980232E-7
-12.988500	-4.756730E-7
-12.982500	-3.656605E-7
-12.976500	-5.771872E-7
-12.970500	-5.856855E-7
-12.964500	-4.461035E-7
-12.958500	-1.923181E-7
-12.952500	-3.445894E-7
-12.946500	-3.910391E-7
-12.940500	-5.095499E-7
-12.934500	-4.756730E-7
-12.928500	-2.853340E-7
-12.922500	-3.953464E-7
-12.916500	-3.402820E-7
-12.910500	-1.838198E-7
-12.904500	-4.756730E-7
-12.898500	-5.264301E-7
-12.892500	-4.291069E-7
-12.886500	-5.686888E-7
-12.880500	-3.995374E-7
-12.874500	-4.925532E-7
-12.868500	-3.487803E-7
-12.862500	-1.457520E-7
-12.856500	-3.319001E-7
-12.850500	-3.910391E-7
-12.844500	-2.303859E-7
-12.838500	-3.402820E-7
-12.832500	-2.811430E-7
-12.826500	-4.671747E-7
-12.820500	-4.883623E-7
-12.814500	-3.614696E-7
-12.808500	-4.714821E-7
-12.802500	-4.334142E-7
-12.796500	-4.841713E-7
-12.790500	-6.194459E-7
-12.784500	-4.291069E-7
-12.778500	-4.037283E-7
-12.772500	-4.164176E-7
-12.766500	-3.445894E-7
-12.760500	-3.741588E-7
-12.754500	-2.938323E-7
-12.748500	-2.599554E-7
-12.742500	-3.319001E-7
-12.736500	-3.741588E-7
-12.730500	-4.502945E-7
-12.724500	-5.518086E-7
-12.718500	-4.714821E-7
-12.712500	-4.207250E-7
-12.706500	-4.925532E-7
-12.700500	-6.152550E-7
-12.694500	-4.249159E-7
-12.688500	-1.923181E-7
-12.682500	-4.461035E-7
-12.676500	-3.995374E-7
-12.670500	-2.980232E-7
-12.664500	-3.402820E-7
-12.658500	-4.841713E-7
-12.652500	-4.714821E-7
-12.646500	-5.095499E-7
-12.640500	-4.249159E-7
-12.634500	-3.529713E-7
-12.628500	-4.756730E-7
-12.622500	-4.671747E-7
-12.616500	-4.417961E-7
-12.610500	-4.334142E-7
-12.604500	-4.544854E-7
-12.598500	-4.671747E-7
-12.592500	-4.164176E-7
-12.586500	-3.910391E-7
-12.580500	-1.288718E-7
-12.574500	-3.699679E-7
-12.568000	-2.980232E-7
-12.562000	-1.457520E-7
-12.556000	-3.319001E-7
-12.550000	-3.953464E-7
-12.544000	-3.445894E-7
-12.538000	-3.910391E-7
-12.532000	-3.910391E-7
-12.526000	-4.376052E-7
-12.520000	-4.925532E-7
-12.514000	-2.261950E-7
-12.508000	-3.699679E-7
-12.502000	-3.487803E-7
-12.496000	-3.275927E-7
-12.490000	-3.445894E-7
-12.484000	-3.699679E-7
-12.478000	-4.502945E-7
-12.472000	-3.572786E-7
-12.466000	-2.811430E-7
-12.460000	-3.783498E-7
-12.454000	-3.826572E-7
-12.448000	-2.176967E-7
-12.442000	-6.067567E-7
-12.436000	-4.756730E-7
-12.430000	-6.109476E-7
-12.424000	-3.953464E-7
-12.418000	-3.529713E-7
-12.412000	-2.642628E-7
-12.406000	-4.164176E-7
-12.400000	-3.487803E-7
-12.394000	-2.980232E-7
-12.388000	-3.741588E-7
-12.382000	-1.076842E-7
-12.376000	-3.741588E-7
-12.370000	-4.968606E-7
-12.364000	-3.699679E-7
-12.358000	-3.741588E-7
-12.352000	-4.461035E-7
-12.346000	-5.729962E-7
-12.340000	-5.476177E-7
-12.334000	-4.376052E-7
-12.328000	-5.940674E-7
-12.322000	-5.222391E-7
-12.316000	-5.010515E-7
-12.310000	-4.122267E-7
-12.304000	-3.023306E-7
-12.298000	-2.726447E-7
-12.292000	-3.402820E-7
-12.286000	-4.841713E-7
-12.280000	-5.222391E-7
-12.274000	-3.487803E-7
-12.268000	-6.279442E-7
-12.262000	-5.137408E-7
-12.256000	-2.726447E-7
-12.250000	-5.137408E-7
-12.244000	-2.345769E-7
-12.238000	-4.544854E-7
-12.232000	-3.360910E-7
-12.226000	-3.023306E-7
-12.220000	-5.095499E-7
-12.214000	-3.783498E-7
-12.208000	-3.402820E-7
-12.202000	-3.065215E-7
-12.196000	-4.080357E-7
-12.190000	-4.037283E-7
-12.184000	-3.868481E-7
-12.178000	-3.275927E-7
-12.172000	-4.798640E-7
-12.166000	-5.179318E-7
-12.160000	-4.080357E-7
-12.154000	-3.910391E-7
-12.148000	-4.376052E-7
-12.142000	-4.080357E-7
-12.136000	-3.360910E-7
-12.130000	-4.502945E-7
-12.124000	-3.234018E-7
-12.118000	-1.203734E-7
-12.112000	-4.502945E-7
-12.106000	-3.445894E-7
-12.100000	-2.853340E-7
-12.094000	-4.122267E-7
-12.088000	-3.995374E-7
-12.082000	-4.164176E-7
-12.076000	-5.813781E-7
-12.070000	-6.490154E-7
-12.064000	-4.544854E-7
-12.058000	-4.587928E-7
-12.052000	-2.050074E-7
-12.046000	-4.207250E-7
-12.040000	-3.360910E-7
-12.034000	-5.010515E-7
-12.028000	-3.275927E-7
-12.022000	-2.853340E-7
-12.016000	-2.557645E-7
-12.010000	-3.529713E-7
-12.004000	-4.037283E-7
-11.998000	-4.080357E-7
-11.992000	-3.656605E-7
-11.986000	-4.164176E-7
-11.980000	-4.587928E-7
-11.974000	-4.164176E-7
-11.968000	-4.968606E-7
-11.962000	-5.137408E-7
-11.956000	-4.502945E-7
-11.950000	-4.417961E-7
-11.944000	-2.980232E-7
-11.938000	-3.150199E-7
-11.932000	-4.925532E-7
-11.926000	-3.192108E-7
-11.920000	-3.572786E-7
-11.914000	-5.222391E-7
-11.908000	-2.938323E-7
-11.902000	-4.502945E-7
-11.896000	-5.771872E-7
-11.890000	-4.037283E-7
-11.884000	-5.349284E-7
-11.878000	-2.261950E-7
-11.871500	-4.291069E-7
-11.865500	-3.529713E-7
-11.859500	-3.910391E-7
-11.853500	-2.388842E-7
-11.847500	-3.699679E-7
-11.841500	-2.726447E-7
-11.835500	-2.684537E-7
-11.829500	-4.883623E-7
-11.823500	-3.234018E-7
-11.817500	-3.699679E-7
-11.811500	-1.881272E-7
-11.805500	-5.813781E-7
-11.799500	-2.853340E-7
-11.793500	-4.334142E-7
-11.787500	-5.813781E-7
-11.781500	-2.135057E-7
-11.775500	-3.275927E-7
-11.769500	-3.953464E-7
-11.763500	-3.150199E-7
-11.757500	-3.275927E-7
-11.751500	-2.980232E-7
-11.745500	-4.587928E-7
-11.739500	-4.841713E-7
-11.733500	-2.642628E-7
-11.727500	-2.811430E-7
-11.721500	-4.037283E-7
-11.715500	-5.433103E-7
-11.709500	-4.798640E-7
-11.703500	-6.025657E-7
-11.697500	-3.275927E-7
-11.691500	-4.207250E-7
-11.685500	-2.008164E-7
-11.679500	-3.192108E-7
-11.673500	-4.671747E-7
-11.667500	-3.150199E-7
-11.661500	-3.023306E-7
-11.655500	-3.529713E-7
-11.649500	-2.599554E-7
-11.643500	-3.572786E-7
-11.637500	-1.711305E-7
-11.631500	-3.319001E-7
-11.625500	-4.037283E-7
-11.619500	-4.291069E-7
-11.613500	-4.671747E-7
-11.607500	-6.109476E-7
-11.601500	-4.122267E-7
-11.595500	-4.629837E-7
-11.589500	-3.360910E-7
-11.583500	-2.980232E-7
-11.577500	-3.402820E-7
-11.571500	-1.076842E-7
-11.565500	-3.234018E-7
-11.559500	-2.896413E-7
-11.553500	-2.896413E-7
-11.547500	-3.065215E-7
-11.541500	-3.192108E-7
-11.535500	-4.249159E-7
-11.529500	-4.417961E-7
-11.523500	-2.345769E-7
-11.517500	-3.741588E-7
-11.511500	-4.376052E-7
-11.505500	-3.910391E-7
-11.499500	-3.614696E-7
-11.493500	-3.402820E-7
-11.487500	-3.065215E-7
-11.481500	-3.699679E-7
-11.475500	-1.034932E-7
-11.469500	-2.896413E-7
-11.463500	-3.487803E-7
-11.457500	-1.669396E-7
-11.451500	-3.953464E-7
-11.445500	-5.856855E-7
-11.439500	-4.502945E-7
-11.433500	-3.572786E-7
-11.427500	-3.656605E-7
-11.421500	-3.572786E-7
-11.415500	-3.572786E-7
-11.409500	-3.614696E-7
-11.403500	-2.938323E-7
-11.397500	-2.938323E-7
-11.391500	-3.275927E-7
-11.385500	-2.684537E-7
-11.379500	-2.557645E-7
-11.373500	-2.811430E-7
-11.367500	-2.303859E-7
-11.361500	-4.671747E-7
-11.355500	-4.417961E-7
-11.349500	-3.826572E-7
-11.343500	-4.417961E-7
-11.337500	-4.629837E-7
-11.331500	-3.150199E-7
-11.325500	-3.783498E-7
-11.319500	-4.461035E-7
-11.313500	-3.319001E-7
-11.307500	-2.176967E-7
-11.301500	-2.769521E-7
-11.295500	-3.275927E-7
-11.289500	-2.472661E-7
-11.283500	-1.119915E-7
-11.277500	-3.741588E-7
-11.271500	-3.826572E-7
-11.265500	-4.037283E-7
-11.259500	-4.629837E-7
-11.253500	-5.729962E-7
-11.247500	-5.898764E-7
-11.241500	-5.518086E-7
-11.235500	-5.603069E-7
-11.229500	-4.883623E-7
-11.223500	-3.065215E-7
-11.217500	-3.614696E-7
-11.211500	-3.783498E-7
-11.205500	-4.671747E-7
-11.199500	-3.572786E-7
-11.193500	-3.445894E-7
-11.187500	-3.868481E-7
-11.181000	-3.995374E-7
-11.175000	-1.584413E-7
-11.169000	-4.714821E-7
-11.163000	-5.264301E-7
-11.157000	-2.176967E-7
-11.151000	-5.644979E-7
-11.145000	-5.644979E-7
-11.139000	-3.699679E-7
-11.133000	-3.699679E-7
-11.127000	-2.472661E-7
-11.121000	-3.699679E-7
-11.115000	-2.472661E-7
-11.109000	-7.811468E-8
-11.103000	-3.783498E-7
-11.097000	-3.783498E-7
-11.091000	-4.756730E-7
-11.085000	-3.614696E-7
-11.079000	-3.319001E-7
-11.073000	-4.207250E-7
-11.067000	-3.953464E-7
-11.061000	-2.050074E-7
-11.055000	-5.559996E-7
-11.049000	-4.164176E-7
-11.043000	-5.391194E-7
-11.037000	-3.741588E-7
-11.031000	-4.502945E-7
-11.025000	-3.065215E-7
-11.019000	-3.107125E-7
-11.013000	-3.614696E-7
-11.007000	-2.938323E-7
-11.001000	-4.080357E-7
-10.995000	-1.627486E-7
-10.989000	-5.222391E-7
-10.983000	-5.856855E-7
-10.977000	-2.091983E-7
-10.971000	-5.856855E-7
-10.965000	-5.052425E-7
-10.959000	-3.910391E-7
-10.953000	-3.572786E-7
-10.947000	-7.392373E-8
-10.941000	-3.614696E-7
-10.935000	-4.080357E-7
-10.929000	-3.995374E-7
-10.923000	-2.853340E-7
-10.917000	-3.699679E-7
-10.911000	-2.938323E-7
-10.905000	-3.572786E-7
-10.899000	-5.476177E-7
-10.893000	-2.345769E-7
-10.887000	-3.614696E-7
-10.881000	-3.487803E-7
-10.875000	-2.599554E-7
-10.869000	-4.334142E-7
-10.863000	-3.150199E-7
-10.857000	-3.910391E-7
-10.851000	-2.515735E-7
-10.845000	-3.656605E-7
-10.839000	-3.699679E-7
-10.833000	-4.629837E-7
-10.827000	-2.980232E-7
-10.821000	-1.500593E-7
-10.815000	-4.798640E-7
-10.809000	-4.080357E-7
-10.803000	-4.502945E-7
-10.797000	-4.883623E-7
-10.791000	-4.714821E-7
-10.785000	-4.671747E-7
-10.779000	-7.590279E-7
-10.773000	-2.853340E-7
-10.767000	-4.587928E-7
-10.761000	-6.575137E-7
-10.755000	-4.883623E-7
-10.749000	-3.741588E-7
-10.743000	-3.360910E-7
-10.737000	-3.150199E-7
-10.731000	-3.275927E-7
-10.725000	-4.968606E-7
-10.719000	-3.910391E-7
-10.713000	-3.741588E-7
-10.707000	-3.783498E-7
-10.701000	-3.995374E-7
-10.695000	-3.192108E-7
-10.689000	-4.334142E-7
-10.683000	-3.572786E-7
-10.677000	-2.557645E-7
-10.671000	-3.402820E-7
-10.665000	-2.176967E-7
-10.659000	-4.671747E-7
-10.653000	-3.445894E-7
-10.647000	-3.741588E-7
-10.641000	-3.192108E-7
-10.635000	-3.107125E-7
-10.629000	-4.544854E-7
-10.623000	-3.910391E-7
-10.617000	-4.249159E-7
-10.611000	-4.798640E-7
-10.605000	-5.518086E-7
-10.599000	-5.264301E-7
-10.593000	-6.321352E-7
-10.587000	-3.529713E-7
-10.581000	-1.119915E-7
-10.575000	-3.656605E-7
-10.569000	-2.557645E-7
-10.563000	-3.023306E-7
-10.557000	-2.684537E-7
-10.551000	-3.910391E-7
-10.545000	-5.095499E-7
-10.539000	-4.376052E-7
-10.533000	-4.417961E-7
-10.527000	-3.614696E-7
-10.521000	-3.868481E-7
-10.515000	-2.176967E-7
-10.509000	-4.037283E-7
-10.503000	-5.813781E-7
-10.497000	-4.925532E-7
-10.491000	-3.402820E-7
-10.484500	-4.376052E-7
-10.478500	-2.642628E-7
-10.472500	-3.192108E-7
-10.466500	-9.930227E-8
-10.460500	-2.515735E-7
-10.454500	-3.868481E-7
-10.448500	-4.671747E-7
-10.442500	-3.234018E-7
-10.436500	-3.529713E-7
-10.430500	-4.122267E-7
-10.424500	-4.629837E-7
-10.418500	-4.629837E-7
-10.412500	-3.319001E-7
-10.406500	-3.319001E-7
-10.400500	-3.614696E-7
-10.394500	-2.008164E-7
-10.388500	-2.557645E-7
-10.382500	-3.150199E-7
-10.376500	-3.234018E-7
-10.370500	-2.642628E-7
-10.364500	-5.391194E-7
-10.358500	-4.037283E-7
-10.352500	-5.729962E-7
-10.346500	-3.699679E-7
-10.340500	-1.923181E-7
-10.334500	-5.771872E-7
-10.328500	-3.826572E-7
-10.322500	-3.699679E-7
-10.316500	-3.572786E-7
-10.310500	-3.953464E-7
-10.304500	-4.207250E-7
-10.298500	-2.980232E-7
-10.292500	-2.684537E-7
-10.286500	-4.249159E-7
-10.280500	-4.334142E-7
-10.274500	-4.968606E-7
-10.268500	-4.925532E-7
-10.262500	-5.729962E-7
-10.256500	-6.617047E-7
-10.250500	-1.923181E-7
-10.244500	-4.334142E-7
-10.238500	-3.656605E-7
-10.232500	-3.234018E-7
-10.226500	-3.234018E-7
-10.220500	-3.445894E-7
-10.214500	-4.798640E-7
-10.208500	-3.360910E-7
-10.202500	-2.557645E-7
-10.196500	-2.472661E-7
-10.190500	-3.783498E-7
-10.184500	-3.487803E-7
-10.178500	-6.406335E-7
-10.172500	-3.402820E-7
-10.166500	-1.923181E-7
-10.160500	-7.632188E-7
-10.154500	-4.798640E-7
-10.148500	-3.953464E-7
-10.142500	-4.502945E-7
-10.136500	-2.938323E-7
-10.130500	-3.699679E-7
-10.124500	-2.938323E-7
-10.118500	-9.499490E-8
-10.112500	-3.360910E-7
-10.106500	-2.853340E-7
-10.100500	-5.982583E-7
-10.094500	-3.402820E-7
-10.088500	-5.433103E-7
-10.082500	-5.264301E-7
-10.076500	-3.783498E-7
-10.070500	-3.699679E-7
-10.064500	-4.334142E-7
-10.058500	-3.995374E-7
-10.052500	-1.881272E-7
-10.046500	-3.614696E-7
-10.040500	-4.714821E-7
-10.034500	-3.572786E-7
-10.028500	-2.684537E-7
-10.022500	-8.230563E-8
-10.016500	-2.811430E-7
-10.010500	-3.150199E-7
-10.004500	-3.572786E-7
-9.998500	-4.841713E-7
-9.992500	-3.614696E-7
-9.986500	-4.587928E-7
-9.980500	-4.122267E-7
-9.974500	-3.783498E-7
-9.968500	-4.291069E-7
-9.962500	-4.883623E-7
-9.956500	-3.402820E-7
-9.950500	-2.726447E-7
-9.944500	-3.445894E-7
-9.938500	-3.107125E-7
-9.932500	-3.319001E-7
-9.926500	-2.769521E-7
-9.920500	-2.684537E-7
-9.914500	-3.192108E-7
-9.908500	-4.461035E-7
-9.902500	-3.445894E-7
-9.896500	-1.711305E-7
-9.890500	-6.321352E-7
-9.884500	-3.656605E-7
-9.878500	-3.995374E-7
-9.872500	-5.306210E-7
-9.866500	-3.783498E-7
-9.860500	-3.614696E-7
-9.854500	-3.487803E-7
-9.848500	-4.122267E-7
-9.842500	-3.360910E-7
-9.836500	-3.107125E-7
-9.830500	-3.065215E-7
-9.824500	-3.445894E-7
-9.818500	-3.487803E-7
-9.812500	-4.122267E-7
-9.806500	-5.729962E-7
-9.800000	-5.476177E-7
-9.794000	-4.714821E-7
-9.788000	-3.487803E-7
-9.782000	-4.502945E-7
-9.776000	-3.275927E-7
-9.770000	-4.417961E-7
-9.764000	-2.980232E-7
-9.758000	-4.671747E-7
-9.752000	-3.065215E-7
-9.746000	-4.671747E-7
-9.740000	-2.430752E-7
-9.734000	-4.334142E-7
-9.728000	-5.179318E-7
-9.722000	-5.222391E-7
-9.716000	-3.826572E-7
-9.710000	-3.529713E-7
-9.704000	-4.883623E-7
-9.698000	-3.953464E-7
-9.692000	-4.291069E-7
-9.686000	-4.417961E-7
-9.680000	-2.853340E-7
-9.674000	-3.275927E-7
-9.668000	-2.430752E-7
-9.662000	-2.303859E-7
-9.656000	-2.599554E-7
-9.650000	-1.034932E-7
-9.644000	-4.461035E-7
-9.638000	-1.119915E-7
-9.632000	-3.826572E-7
-9.626000	-5.433103E-7
-9.620000	-3.699679E-7
-9.614000	-5.729962E-7
-9.608000	-4.756730E-7
-9.602000	-3.445894E-7
-9.596000	-3.699679E-7
-9.590000	-2.980232E-7
-9.584000	-1.627486E-7
-9.578000	-2.557645E-7
-9.572000	-7.392373E-8
-9.566000	-2.261950E-7
-9.560000	-2.684537E-7
-9.554000	-2.515735E-7
-9.548000	-3.572786E-7
-9.542000	-3.529713E-7
-9.536000	-4.883623E-7
-9.530000	-3.868481E-7
-9.524000	-1.881272E-7
-9.518000	-4.207250E-7
-9.512000	-3.995374E-7
-9.506000	-3.614696E-7
-9.500000	-4.714821E-7
-9.494000	-1.119915E-7
-9.488000	-3.572786E-7
-9.482000	-2.303859E-7
-9.476000	-2.008164E-7
-9.470000	-2.430752E-7
-9.464000	-3.826572E-7
-9.458000	-2.726447E-7
-9.452000	-2.980232E-7
-9.446000	-3.023306E-7
-9.440000	-3.699679E-7
-9.434000	-6.025657E-7
-9.428000	-4.037283E-7
-9.422000	-4.417961E-7
-9.416000	-3.402820E-7
-9.410000	-3.572786E-7
-9.404000	-6.913906E-7
-9.398000	-9.930227E-8
-9.392000	-3.234018E-7
-9.386000	-3.023306E-7
-9.380000	-4.080357E-7
-9.374000	-2.261950E-7
-9.368000	-3.402820E-7
-9.362000	-3.319001E-7
-9.356000	-3.402820E-7
-9.350000	-3.150199E-7
-9.344000	-3.275927E-7
-9.338000	-3.868481E-7
-9.332000	-2.684537E-7
-9.326000	-4.756730E-7
-9.320000	-3.234018E-7
-9.314000	-4.122267E-7
-9.308000	-3.445894E-7
-9.302000	-2.050074E-7
-9.296000	-4.164176E-7
-9.290000	-2.261950E-7
-9.284000	-2.896413E-7
-9.278000	-2.515735E-7
-9.272000	-4.756730E-7
-9.266000	-2.853340E-7
-9.260000	-5.306210E-7
-9.254000	-4.502945E-7
-9.248000	-3.402820E-7
-9.242000	-3.360910E-7
-9.236000	-3.192108E-7
-9.230000	-2.684537E-7
-9.224000	-3.360910E-7
-9.218000	-3.360910E-7
-9.212000	-2.726447E-7
-9.206000	-2.261950E-7
-9.200000	-4.207250E-7
-9.194000	-2.980232E-7
-9.188000	-2.261950E-7
-9.182000	-3.868481E-7
-9.176000	-3.656605E-7
-9.170000	-4.714821E-7
-9.164000	-5.476177E-7
-9.158000	-5.559996E-7
-9.152000	-2.091983E-7
-9.146000	-3.234018E-7
-9.140000	-2.769521E-7
-9.134000	-4.334142E-7
-9.128000	-3.319001E-7
-9.122000	-2.980232E-7
-9.116000	-2.430752E-7
-9.109500	-3.319001E-7
-9.103500	-2.135057E-7
-9.097500	-2.684537E-7
-9.091500	-3.868481E-7
-9.085500	-3.614696E-7
-9.079500	-2.218876E-7
-9.073500	-3.529713E-7
-9.067500	-3.953464E-7
-9.061500	-1.754379E-7
-9.055500	-4.461035E-7
-9.049500	-4.883623E-7
-9.043500	-2.472661E-7
-9.037500	-1.457520E-7
-9.031500	-6.961636E-8
-9.025500	-3.234018E-7
-9.019500	-2.684537E-7
-9.013500	-4.417961E-7
-9.007500	-3.319001E-7
-9.001500	-3.445894E-7
-8.995500	-3.656605E-7
-8.989500	-3.065215E-7
-8.983500	-3.572786E-7
-8.977500	-3.234018E-7
-8.971500	-3.868481E-7
-8.965500	-5.137408E-7
-8.959500	-3.319001E-7
-8.953500	-4.417961E-7
-8.947500	-3.107125E-7
-8.941500	-2.896413E-7
-8.935500	-2.557645E-7
-8.929500	-2.515735E-7
-8.923500	-3.614696E-7
-8.917500	-5.273614E-8
-8.911500	-4.461035E-7
-8.905500	-4.461035E-7
-8.899500	-3.192108E-7
-8.893500	-3.275927E-7
-8.887500	-1.796288E-7
-8.881500	-3.107125E-7
-8.875500	-2.091983E-7
-8.869500	-3.275927E-7
-8.863500	-3.826572E-7
-8.857500	-3.741588E-7
-8.851500	-1.965091E-7
-8.845500	-4.417961E-7
-8.839500	-3.783498E-7
-8.833500	-2.642628E-7
-8.827500	-2.303859E-7
-8.821500	-7.811468E-8
-8.815500	-2.896413E-7
-8.809500	-3.953464E-7
-8.803500	-4.968606E-7
-8.797500	-5.095499E-7
-8.791500	-3.234018E-7
-8.785500	-3.319001E-7
-8.779500	-3.572786E-7
-8.773500	-4.164176E-7
-8.767500	-3.783498E-7
-8.761500	-2.599554E-7
-8.755500	-4.004687E-8
-8.749500	-2.050074E-7
-8.743500	-3.192108E-7
-8.737500	-2.642628E-7
-8.731500	-2.684537E-7
-8.725500	-2.811430E-7
-8.719500	-3.360910E-7
-8.713500	-4.122267E-7
-8.707500	-3.953464E-7
-8.701500	-3.614696E-7
-8.695500	-3.107125E-7
-8.689500	-4.798640E-7
-8.683500	-3.741588E-7
-8.677500	-3.445894E-7
-8.671500	-2.430752E-7
-8.665500	-3.023306E-7
-8.659500	-2.726447E-7
-8.653500	-2.515735E-7
-8.647500	-2.896413E-7
-8.641500	-2.218876E-7
-8.635500	-5.686888E-7
-8.629500	-2.769521E-7
-8.623500	-3.107125E-7
-8.617500	-3.868481E-7
-8.611500	-3.741588E-7
-8.605500	-4.883623E-7
-8.599500	-3.741588E-7
-8.593500	-3.656605E-7
-8.587500	-4.714821E-7
-8.581500	-2.769521E-7
-8.575500	-2.811430E-7
-8.569500	-2.980232E-7
-8.563500	-3.614696E-7
-8.557500	-2.008164E-7
-8.551500	-3.234018E-7
-8.545500	-2.896413E-7
-8.539500	-2.557645E-7
-8.533500	-1.373701E-7
-8.527500	-4.291069E-7
-8.521500	-4.037283E-7
-8.515500	-3.319001E-7
-8.509500	-5.306210E-7
-8.503500	-4.798640E-7
-8.497500	-2.430752E-7
-8.491500	-2.557645E-7
-8.485500	-2.472661E-7
-8.479500	-9.930227E-8
-8.473500	-2.345769E-7
-8.467500	-2.261950E-7
-8.461500	-1.965091E-7
-8.455500	-2.261950E-7
-8.449500	-2.769521E-7
-8.443500	-2.726447E-7
-8.437500	-1.584413E-7
-8.431500	-4.164176E-7
-8.425500	-3.234018E-7
-8.419000	-3.741588E-7
-8.413000	-2.642628E-7
-8.407000	-3.150199E-7
-8.401000	-4.291069E-7
-8.395000	-4.207250E-7
-8.389000	-3.585592E-8
-8.383000	-2.938323E-7
-8.377000	-2.388842E-7
-8.371000	-2.008164E-7
-8.365000	-2.176967E-7
-8.359000	-2.515735E-7
-8.353000	-2.261950E-7
-8.347000	-2.938323E-7
-8.341000	-2.980232E-7
-8.335000	-4.376052E-7
-8.329000	-4.080357E-7
-8.323000	-4.080357E-7
-8.317000	-3.360910E-7
-8.311000	-2.599554E-7
-8.305000	-3.585592E-8
-8.299000	-2.388842E-7
-8.293000	-1.881272E-7
-8.287000	-2.091983E-7
-8.281000	-1.965091E-7
-8.275000	-3.995374E-7
-8.269000	-4.334142E-7
-8.263000	-3.487803E-7
-8.257000	-1.246808E-7
-8.251000	-2.980232E-7
-8.245000	-5.222391E-7
-8.239000	-5.222391E-7
-8.233000	-3.360910E-7
-8.227000	-2.515735E-7
-8.221000	-2.430752E-7
-8.215000	-4.207250E-7
-8.209000	-1.897570E-8
-8.203000	-2.599554E-7
-8.197000	-2.218876E-7
-8.191000	-1.965091E-7
-8.185000	-2.642628E-7
-8.179000	-3.826572E-7
-8.173000	-3.741588E-7
-8.167000	-2.896413E-7
-8.161000	-1.373701E-7
-8.155000	-4.461035E-7
-8.149000	-2.050074E-7
-8.143000	-1.246808E-7
-8.137000	-3.445894E-7
-8.131000	-2.684537E-7
-8.125000	-1.373701E-7
-8.119000	-1.627486E-7
-8.113000	-1.881272E-7
-8.107000	-1.542503E-7
-8.101000	-3.065215E-7
-8.095000	-2.050074E-7
-8.089000	-2.938323E-7
-8.083000	-3.487803E-7
-8.077000	-2.726447E-7
-8.071000	-3.529713E-7
-8.065000	-3.402820E-7
-8.059000	-3.150199E-7
-8.053000	-3.656605E-7
-8.047000	-3.445894E-7
-8.041000	-2.896413E-7
-8.035000	-4.854519E-8
-8.029000	-1.923181E-7
-8.023000	-2.303859E-7
-8.017000	-1.500593E-7
-8.011000	-3.572786E-7
-8.005000	-4.714821E-7
-7.999000	-2.599554E-7
-7.993000	-2.896413E-7
-7.987000	-4.671747E-7
-7.981000	-3.023306E-7
-7.975000	-2.811430E-7
-7.969000	-3.275927E-7
-7.963000	-3.910391E-7
-7.957000	-2.726447E-7
-7.951000	-2.135057E-7
-7.945000	-3.192108E-7
-7.939000	-1.457520E-7
-7.933000	-1.754379E-7
-7.927000	1.071021E-8
-7.921000	-1.669396E-7
-7.915000	-2.388842E-7
-7.909000	-2.896413E-7
-7.903000	-2.769521E-7
-7.897000	-4.587928E-7
-7.891000	-4.883623E-7
-7.885000	-3.023306E-7
-7.879000	-4.629837E-7
-7.873000	-3.023306E-7
-7.867000	-4.756730E-7
-7.861000	-2.345769E-7
-7.855000	-3.150199E-7
-7.849000	-1.838198E-7
-7.843000	2.339948E-8
-7.837000	-2.388842E-7
-7.831000	-1.500593E-7
-7.825000	-3.402820E-7
-7.819000	-2.853340E-7
-7.813000	-1.881272E-7
-7.807000	-2.557645E-7
-7.801000	-3.065215E-7
-7.795000	-9.080395E-8
-7.789000	-2.472661E-7
-7.783000	-2.515735E-7
-7.777000	-4.417961E-7
-7.771000	-2.135057E-7
-7.765000	-2.853340E-7
-7.759000	-2.557645E-7
-7.752500	-1.246808E-7
-7.746500	3.178138E-8
-7.740500	-2.430752E-7
-7.734500	-1.330627E-7
-7.728500	-1.923181E-7
-7.722500	-3.166497E-8
-7.716500	-6.542541E-8
-7.710500	-3.319001E-7
-7.704500	-3.699679E-7
-7.698500	-2.261950E-7
-7.692500	-3.572786E-7
-7.686500	-3.783498E-7
-7.680500	-2.316665E-8
-7.674500	-2.599554E-7
-7.668500	-2.515735E-7
-7.662500	-2.091983E-7
-7.656500	-1.119915E-7
-7.650500	-2.303859E-7
-7.644500	-1.965091E-7
-7.638500	-2.769521E-7
-7.632500	-3.402820E-7
-7.626500	-1.881272E-7
-7.620500	-3.360910E-7
-7.614500	-4.502945E-7
-7.608500	-2.853340E-7
-7.602500	-2.388842E-7
-7.596500	-3.319001E-7
-7.590500	-1.754379E-7
-7.584500	-4.037283E-7
-7.578500	-1.965091E-7
-7.572500	-3.234018E-7
-7.566500	-1.669396E-7
-7.560500	-2.557645E-7
-7.554500	5.715992E-8
-7.548500	-1.034932E-7
-7.542500	-3.487803E-7
-7.536500	-1.288718E-7
-7.530500	-3.910391E-7
-7.524500	-4.122267E-7
-7.518500	-2.811430E-7
-7.512500	-3.065215E-7
-7.506500	-2.642628E-7
-7.500500	-1.627486E-7
-7.494500	-1.330627E-7
-7.488500	-3.487803E-7
-7.482500	-1.923181E-7
-7.476500	-2.642628E-7
-7.470500	-1.076842E-7
-7.464500	-4.854519E-8
-7.458500	-1.330627E-7
-7.452500	-8.230563E-8
-7.446500	-2.091983E-7
-7.440500	-2.811430E-7
-7.434500	-2.980232E-7
-7.428500	-1.881272E-7
-7.422500	-1.838198E-7
-7.416500	-2.515735E-7
-7.410500	-2.345769E-7
-7.404500	-2.599554E-7
-7.398500	-1.711305E-7
-7.392500	-1.457520E-7
-7.386500	-1.076842E-7
-7.380500	-2.938323E-7
-7.374500	-9.080395E-8
-7.368500	-2.316665E-8
-7.362500	-1.415610E-7
-7.356500	-1.754379E-7
-7.350500	-2.135057E-7
-7.344500	-1.754379E-7
-7.338500	-2.599554E-7
-7.332500	-2.430752E-7
-7.326500	-2.008164E-7
-7.320500	-2.091983E-7
-7.314500	-4.423782E-8
-7.308500	-1.288718E-7
-7.302500	-3.585592E-8
-7.296500	-8.661300E-8
-7.290500	-1.246808E-7
-7.284500	-2.218876E-7
-7.278500	-2.735760E-8
-7.272500	-1.897570E-8
-7.266500	-1.584413E-7
-7.260500	-5.692709E-8
-7.254500	-9.499490E-8
-7.248500	-2.684537E-7
-7.242500	-3.107125E-7
-7.236500	-8.230563E-8
-7.230500	-1.796288E-7
-7.224500	-1.542503E-7
-7.218500	-2.735760E-8
-7.212500	-1.034932E-7
-7.206500	-4.004687E-8
-7.200500	1.967419E-7
-7.194500	-1.034932E-7
-7.188500	-3.192108E-7
-7.182500	1.071021E-8
-7.176500	-1.500593E-7
-7.170500	-2.472661E-7
-7.164500	-1.838198E-7
-7.158500	-1.373701E-7
-7.152500	-1.500593E-7
-7.146500	5.296897E-8
-7.140500	-1.415610E-7
-7.134500	-6.542541E-8
-7.128000	-1.047738E-8
-7.122000	6.402843E-9
-7.116000	9.522773E-8
-7.110000	2.770685E-7
-7.104000	-5.273614E-8
-7.098000	-6.542541E-8
-7.092000	5.715992E-8
-7.086000	1.909211E-8
-7.080000	1.122244E-7
-7.074000	-2.735760E-8
-7.068000	-9.499490E-8
-7.062000	2.759043E-8
-7.056000	1.909211E-8
-7.050000	-1.897570E-8
-7.044000	-2.735760E-8
-7.038000	1.332955E-7
-7.032000	-8.230563E-8
-7.026000	1.332955E-7
-7.020000	1.502922E-7
-7.014000	-4.004687E-8
-7.008000	9.953510E-8
-7.002000	3.658934E-7
-6.996000	1.798617E-7
-6.990000	3.151363E-7
-6.984000	-6.542541E-8
-6.978000	3.608875E-8
-6.972000	-1.076842E-7
-6.966000	1.417939E-7
-6.960000	9.103678E-8
-6.954000	1.755543E-7
-6.948000	1.037261E-7
-6.942000	1.206063E-7
-6.936000	4.039612E-7
-6.930000	2.474990E-7
-6.924000	9.953510E-8
-6.918000	3.278255E-7
-6.912000	2.516899E-7
-6.906000	7.834751E-8
-6.900000	3.024470E-7
-6.894000	1.629815E-7
-6.888000	1.291046E-7
-6.882000	1.332955E-7
-6.876000	1.502922E-7
-6.870000	2.601882E-7
-6.864000	2.433080E-7
-6.858000	3.024470E-7
-6.852000	2.601882E-7
-6.846000	5.562324E-7
-6.840000	2.348097E-7
-6.834000	4.715985E-7
-6.828000	3.236346E-7
-6.822000	3.617024E-7
-6.816000	6.280607E-7
-6.810000	3.912719E-7
-6.804000	3.954628E-7
-6.798000	4.208414E-7
-6.792000	2.263114E-7
-6.786000	3.490131E-7
-6.780000	3.785826E-7
-6.774000	6.407499E-7
-6.768000	7.083872E-7
-6.762000	3.658934E-7
-6.756000	4.335307E-7
-6.750000	4.547182E-7
-6.744000	5.054753E-7
-6.738000	5.054753E-7
-6.732000	6.492482E-7
-6.726000	6.153714E-7
-6.720000	6.661285E-7
-6.714000	6.661285E-7
-6.708000	5.984912E-7
-6.702000	6.069895E-7
-6.696000	5.265465E-7
-6.690000	5.181646E-7
-6.684000	6.323680E-7
-6.678000	6.196788E-7
-6.672000	7.930212E-7
-6.666000	8.268980E-7
-6.660000	7.337658E-7
-6.654000	8.521602E-7
-6.648000	7.337658E-7
-6.642000	1.131324E-6
-6.636000	8.987263E-7
-6.630000	9.452924E-7
-6.624000	8.564675E-7
-6.618000	9.326031E-7
-6.612000	8.648494E-7
-6.606000	8.860370E-7
-6.600000	9.960495E-7
-6.594000	1.017121E-6
-6.588000	8.015195E-7
-6.582000	9.790529E-7
-6.576000	1.169392E-6
-6.570000	1.156703E-6
-6.564000	1.034001E-6
-6.558000	1.308974E-6
-6.552000	1.296285E-6
-6.546000	1.084758E-6
-6.540000	1.253909E-6
-6.534000	1.427368E-6
-6.528000	1.317356E-6
-6.522000	1.283595E-6
-6.516000	1.300476E-6
-6.510000	1.406181E-6
-6.503500	1.321663E-6
-6.497500	1.325854E-6
-6.491500	1.313165E-6
-6.485500	1.440058E-6
-6.479500	1.588021E-6
-6.473500	1.592212E-6
-6.467500	1.871376E-6
-6.461500	1.681037E-6
-6.455500	1.774053E-6
-6.449500	1.647277E-6
-6.443500	1.782551E-6
-6.437500	1.668348E-6
-6.431500	1.947512E-6
-6.425500	1.820619E-6
-6.419500	1.816428E-6
-6.413500	1.744484E-6
-6.407500	2.027838E-6
-6.401500	2.074288E-6
-6.395500	2.095476E-6
-6.389500	2.133544E-6
-6.383500	2.044719E-6
-6.377500	2.222368E-6
-6.371500	2.239249E-6
-6.365500	2.336456E-6
-6.359500	2.306886E-6
-6.353500	2.560671E-6
-6.347500	2.344954E-6
-6.341500	2.328074E-6
-6.335500	2.488727E-6
-6.329500	2.446468E-6
-6.323500	2.361834E-6
-6.317500	2.535293E-6
-6.311500	2.717134E-6
-6.305500	2.742512E-6
-6.299500	2.793269E-6
-6.293500	2.983492E-6
-6.287500	2.805959E-6
-6.281500	3.224588E-6
-6.275500	3.080815E-6
-6.269500	3.271038E-6
-6.263500	3.072317E-6
-6.257500	3.118883E-6
-6.251500	3.211899E-6
-6.245500	3.232970E-6
-6.239500	3.334484E-6
-6.233500	3.550202E-6
-6.227500	3.435998E-6
-6.221500	3.457186E-6
-6.215500	3.609341E-6
-6.209500	3.605150E-6
-6.203500	3.816560E-6
-6.197500	3.786990E-6
-6.191500	4.150672E-6
-6.185500	3.892696E-6
-6.179500	3.922265E-6
-6.173500	4.125293E-6
-6.167500	4.205620E-6
-6.161500	4.049158E-6
-6.155500	4.340895E-6
-6.149500	4.311325E-6
-6.143500	4.146365E-6
-6.137500	4.471978E-6
-6.131500	4.535425E-6
-6.125500	4.746951E-6
-6.119500	5.009118E-6
-6.113500	4.878035E-6
-6.107500	5.051377E-6
-6.101500	5.089445E-6
-6.095500	5.140202E-6
-6.089500	5.267095E-6
-6.083500	5.360111E-6
-6.077500	5.237409E-6
-6.071500	5.486887E-6
-6.065500	5.376991E-6
-6.059500	5.520764E-6
-6.053500	5.723792E-6
-6.047500	5.892944E-6
-6.041500	5.994341E-6
-6.035500	6.087474E-6
-6.029500	6.049406E-6
-6.023500	6.379210E-6
-6.017500	6.535673E-6
-6.011500	6.679446E-6
-6.005500	6.692135E-6
-5.999500	6.764079E-6
-5.993500	7.102382E-6
-5.987500	6.928924E-6
-5.981500	7.127644E-6
-5.975500	7.102382E-6
-5.969500	7.119263E-6
-5.963500	7.339171E-6
-5.957500	7.394119E-6
-5.951500	7.499824E-6
-5.945500	7.833936E-6
-5.939500	7.918454E-6
-5.933500	8.087605E-6
-5.927500	8.214498E-6
-5.921500	8.387840E-6
-5.915500	8.578179E-6
-5.909500	8.607749E-6
-5.903500	8.844538E-6
-5.897500	8.882605E-6
-5.891500	9.068754E-6
-5.885500	9.170151E-6
-5.879000	9.301235E-6
-5.873000	9.491574E-6
-5.867000	9.618467E-6
-5.861000	9.812997E-6
-5.855000	1.015549E-5
-5.849000	1.011742E-5
-5.843000	1.030776E-5
-5.837000	1.059531E-5
-5.831000	1.053605E-5
-5.825000	1.096737E-5
-5.819000	1.100125E-5
-5.813000	1.118728E-5
-5.807000	1.128030E-5
-5.801000	1.167785E-5
-5.795000	1.160591E-5
-5.789000	1.198659E-5
-5.783000	1.181313E-5
-5.777000	1.213874E-5
-5.771000	1.241791E-5
-5.765000	1.259125E-5
-5.759000	1.287879E-5
-5.753000	1.305644E-5
-5.747000	1.325516E-5
-5.741000	1.341582E-5
-5.735000	1.360197E-5
-5.729000	1.393177E-5
-5.723000	1.398672E-5
-5.717000	1.424470E-5
-5.711000	1.441804E-5
-5.705000	1.464225E-5
-5.699000	1.507357E-5
-5.693000	1.512433E-5
-5.687000	1.529348E-5
-5.681000	1.555134E-5
-5.675000	1.579663E-5
-5.669000	1.590233E-5
-5.663000	1.632946E-5
-5.657000	1.651980E-5
-5.651000	1.691724E-5
-5.645000	1.716253E-5
-5.639000	1.740362E-5
-5.633000	1.747545E-5
-5.627000	1.805054E-5
-5.621000	1.799141E-5
-5.615000	1.841423E-5
-5.609000	1.865532E-5
-5.603000	1.884555E-5
-5.597000	1.908245E-5
-5.591000	1.933193E-5
-5.585000	1.960259E-5
-5.579000	1.991121E-5
-5.573000	2.048630E-5
-5.567000	2.055406E-5
-5.561000	2.079504E-5
-5.555000	2.121367E-5
-5.549000	2.133637E-5
-5.543000	2.198759E-5
-5.537000	2.222438E-5
-5.531000	2.243160E-5
-5.525000	2.276141E-5
-5.519000	2.306595E-5
-5.513000	2.330693E-5
-5.507000	2.347608E-5
-5.501000	2.414850E-5
-5.495000	2.434722E-5
-5.489000	2.453325E-5
-5.483000	2.509996E-5
-5.477000	2.539600E-5
-5.471000	2.570462E-5
-5.465000	2.616982E-5
-5.459000	2.656737E-5
-5.453000	2.692256E-5
-5.447000	2.725655E-5
-5.441000	2.764142E-5
-5.435000	2.784014E-5
-5.429000	2.819963E-5
-5.423000	2.854213E-5
-5.417000	2.889731E-5
-5.411000	2.945133E-5
-5.405000	2.985727E-5
-5.399000	3.033516E-5
-5.393000	3.072422E-5
-5.387000	3.099057E-5
-5.381000	3.148965E-5
-5.375000	3.203505E-5
-5.369000	3.248337E-5
-5.363000	3.289781E-5
-5.357000	3.340526E-5
-5.351000	3.377313E-5
-5.345000	3.415800E-5
-5.339000	3.466965E-5
-5.333000	3.522786E-5
-5.327000	3.551540E-5
-5.321000	3.588747E-5
-5.315000	3.639073E-5
-5.309000	3.679667E-5
-5.303000	3.760017E-5
-5.297000	3.799342E-5
-5.291000	3.843324E-5
-5.285000	3.904221E-5
-5.279000	3.959611E-5
-5.273000	4.001474E-5
-5.267000	4.058564E-5
-5.261000	4.104234E-5
-5.254500	4.152022E-5
-5.248500	4.205306E-5
-5.242500	4.265353E-5
-5.236500	4.305528E-5
-5.230500	4.373607E-5
-5.224500	4.425622E-5
-5.218500	4.474260E-5
-5.212500	4.518661E-5
-5.206500	4.584622E-5
-5.200500	4.642562E-5
-5.194500	4.718255E-5
-5.188500	4.771119E-5
-5.182500	4.848500E-5
-5.176500	4.900934E-5
-5.170500	4.964368E-5
-5.164500	5.025684E-5
-5.158500	5.073892E-5
-5.152500	5.141972E-5
-5.146500	5.209213E-5
-5.140500	5.253195E-5
-5.134500	5.318737E-5
-5.128500	5.411345E-5
-5.122500	5.466316E-5
-5.116500	5.533139E-5
-5.110500	5.599530E-5
-5.104500	5.676493E-5
-5.098500	5.749229E-5
-5.092500	5.814352E-5
-5.086500	5.895121E-5
-5.080500	5.957286E-5
-5.074500	6.044388E-5
-5.068500	6.084994E-5
-5.062500	6.168301E-5
-5.056500	6.241456E-5
-5.050500	6.303622E-5
-5.044500	6.386929E-5
-5.038500	6.454589E-5
-5.032500	6.527314E-5
-5.026500	6.622460E-5
-5.020500	6.687164E-5
-5.014500	6.788655E-5
-5.008500	6.866886E-5
-5.002500	6.950623E-5
-4.996500	7.018703E-5
-4.990500	7.114268E-5
-4.984500	7.198425E-5
-4.978500	7.271999E-5
-4.972500	7.367576E-5
-4.966500	7.437775E-5
-4.960500	7.522351E-5
-4.954500	7.608614E-5
-4.948500	7.711374E-5
-4.942500	7.781992E-5
-4.936500	7.873331E-5
-4.930500	7.974403E-5
-4.924500	8.062785E-5
-4.918500	8.154125E-5
-4.912500	8.245045E-5
-4.906500	8.349912E-5
-4.900500	8.444220E-5
-4.894500	8.555432E-5
-4.888500	8.633663E-5
-4.882500	8.721626E-5
-4.876500	8.813385E-5
-4.870500	8.918683E-5
-4.864500	9.014679E-5
-4.858500	9.117858E-5
-4.852500	9.208778E-5
-4.846500	9.319989E-5
-4.840500	9.410491E-5
-4.834500	9.541155E-5
-4.828500	9.641377E-5
-4.822500	9.747525E-5
-4.816500	9.854930E-5
-4.810500	9.956420E-5
-4.804500	0.000101
-4.798500	0.000102
-4.792500	0.000103
-4.786500	0.000104
-4.780500	0.000105
-4.774500	0.000106
-4.768500	0.000107
-4.762500	0.000108
-4.756500	0.000109
-4.750500	0.000111
-4.744500	0.000112
-4.738500	0.000113
-4.732500	0.000114
-4.726500	0.000116
-4.720500	0.000117
-4.714500	0.000118
-4.708500	0.000119
-4.702500	0.000120
-4.696500	0.000122
-4.690500	0.000123
-4.684500	0.000124
-4.678500	0.000125
-4.672500	0.000127
-4.666500	0.000128
-4.660500	0.000129
-4.654500	0.000130
-4.648500	0.000132
-4.642500	0.000133
-4.636500	0.000134
-4.630000	0.000136
-4.624000	0.000137
-4.618000	0.000139
-4.612000	0.000140
-4.606000	0.000141
-4.600000	0.000142
-4.594000	0.000144
-4.588000	0.000145
-4.582000	0.000146
-4.576000	0.000148
-4.570000	0.000149
-4.564000	0.000151
-4.558000	0.000152
-4.552000	0.000153
-4.546000	0.000155
-4.540000	0.000156
-4.534000	0.000158
-4.528000	0.000159
-4.522000	0.000160
-4.516000	0.000162
-4.510000	0.000163
-4.504000	0.000164
-4.498000	0.000166
-4.492000	0.000167
-4.486000	0.000169
-4.480000	0.000170
-4.474000	0.000171
-4.468000	0.000173
-4.462000	0.000174
-4.456000	0.000176
-4.450000	0.000177
-4.444000	0.000178
-4.438000	0.000180
-4.432000	0.000181
-4.426000	0.000182
-4.420000	0.000184
-4.414000	0.000185
-4.408000	0.000186
-4.402000	0.000188
-4.396000	0.000189
-4.390000	0.000190
-4.384000	0.000192
-4.378000	0.000193
-4.372000	0.000194
-4.366000	0.000195
-4.360000	0.000197
-4.354000	0.000198
-4.348000	0.000199
-4.342000	0.000200
-4.336000	0.000201
-4.330000	0.000202
-4.324000	0.000204
-4.318000	0.000205
-4.312000	0.000206
-4.306000	0.000207
-4.300000	0.000208
-4.294000	0.000209
-4.288000	0.000210
-4.282000	0.000211
-4.276000	0.000212
-4.270000	0.000213
-4.264000	0.000214
-4.258000	0.000215
-4.252000	0.000216
-4.246000	0.000217
-4.240000	0.000218
-4.234000	0.000219
-4.228000	0.000220
-4.222000	0.000220
-4.216000	0.000221
-4.210000	0.000222
-4.204000	0.000223
-4.198000	0.000223
-4.192000	0.000224
-4.186000	0.000225
-4.180000	0.000226
-4.174000	0.000227
-4.168000	0.000227
-4.162000	0.000228
-4.156000	0.000229
-4.150000	0.000229
-4.144000	0.000230
-4.138000	0.000230
-4.132000	0.000231
-4.126000	0.000231
-4.120000	0.000232
-4.114000	0.000232
-4.108000	0.000233
-4.102000	0.000234
-4.096000	0.000234
-4.090000	0.000235
-4.084000	0.000235
-4.078000	0.000236
-4.072000	0.000236
-4.066000	0.000237
-4.060000	0.000237
-4.054000	0.000237
-4.048000	0.000238
-4.042000	0.000238
-4.036000	0.000239
-4.030000	0.000239
-4.024000	0.000239
-4.018000	0.000240
-4.012000	0.000240
-4.005500	0.000241
-3.999500	0.000241
-3.993500	0.000242
-3.987500	0.000242
-3.981500	0.000242
-3.975500	0.000243
-3.969500	0.000243
-3.963500	0.000243
-3.957500	0.000244
-3.951500	0.000244
-3.945500	0.000244
-3.939500	0.000244
-3.933500	0.000245
-3.927500	0.000245
-3.921500	0.000246
-3.915500	0.000246
-3.909500	0.000246
-3.903500	0.000247
-3.897500	0.000247
-3.891500	0.000247
-3.885500	0.000248
-3.879500	0.000248
-3.873500	0.000248
-3.867500	0.000249
-3.861500	0.000249
-3.855500	0.000249
-3.849500	0.000249
-3.843500	0.000250
-3.837500	0.000250
-3.831500	0.000250
-3.825500	0.000251
-3.819500	0.000251
-3.813500	0.000251
-3.807500	0.000252
-3.801500	0.000252
-3.795500	0.000252
-3.789500	0.000253
-3.783500	0.000253
-3.777500	0.000253
-3.771500	0.000253
-3.765500	0.000254
-3.759500	0.000254
-3.753500	0.000254
-3.747500	0.000254
-3.741500	0.000255
-3.735500	0.000255
-3.729500	0.000255
-3.723500	0.000256
-3.717500	0.000256
-3.711500	0.000256
-3.705500	0.000256
-3.699500	0.000257
-3.693500	0.000257
-3.687500	0.000257
-3.681500	0.000257
-3.675500	0.000258
-3.669500	0.000258
-3.663500	0.000258
-3.657500	0.000258
-3.651500	0.000259
-3.645500	0.000259
-3.639500	0.000259
-3.633500	0.000259
-3.627500	0.000259
-3.621500	0.000260
-3.615500	0.000260
-3.609500	0.000260
-3.603500	0.000261
-3.597500	0.000261
-3.591500	0.000261
-3.585500	0.000261
-3.579500	0.000262
-3.573500	0.000262
-3.567500	0.000262
-3.561500	0.000262
-3.555500	0.000262
-3.549500	0.000263
-3.543500	0.000263
-3.537500	0.000263
-3.531500	0.000263
-3.525500	0.000264
-3.519500	0.000264
-3.513500	0.000264
-3.507500	0.000264
-3.501500	0.000264
-3.495500	0.000265
-3.489500	0.000265
-3.483500	0.000265
-3.477500	0.000265
-3.471500	0.000266
-3.465500	0.000266
-3.459500	0.000266
-3.453500	0.000266
-3.447500	0.000266
-3.441500	0.000267
-3.435500	0.000267
-3.429500	0.000267
-3.423500	0.000267
-3.417500	0.000268
-3.411500	0.000268
-3.405500	0.000268
-3.399500	0.000268
-3.393500	0.000268
-3.387500	0.000268
-3.381000	0.000269
-3.375000	0.000269
-3.369000	0.000269
-3.363000	0.000269
-3.357000	0.000270
-3.351000	0.000270
-3.345000	0.000270
-3.339000	0.000270
-3.333000	0.000270
-3.327000	0.000271
-3.321000	0.000271
-3.315000	0.000271
-3.309000	0.000271
-3.303000	0.000271
-3.297000	0.000271
-3.291000	0.000272
-3.285000	0.000272
-3.279000	0.000272
-3.273000	0.000272
-3.267000	0.000272
-3.261000	0.000273
-3.255000	0.000273
-3.249000	0.000273
-3.243000	0.000273
-3.237000	0.000273
-3.231000	0.000274
-3.225000	0.000274
-3.219000	0.000274
-3.213000	0.000274
-3.207000	0.000274
-3.201000	0.000274
-3.195000	0.000275
-3.189000	0.000275
-3.183000	0.000275
-3.177000	0.000275
-3.171000	0.000275
-3.165000	0.000275
-3.159000	0.000276
-3.153000	0.000276
-3.147000	0.000276
-3.141000	0.000276
-3.135000	0.000276
-3.129000	0.000277
-3.123000	0.000277
-3.117000	0.000277
-3.111000	0.000277
-3.105000	0.000277
-3.099000	0.000277
-3.093000	0.000277
-3.087000	0.000278
-3.081000	0.000278
-3.075000	0.000278
-3.069000	0.000278
-3.063000	0.000278
-3.057000	0.000279
-3.051000	0.000279
-3.045000	0.000279
-3.039000	0.000279
-3.033000	0.000279
-3.027000	0.000279
-3.021000	0.000279
-3.015000	0.000280
-3.009000	0.000280
-3.003000	0.000280
-2.997000	0.000280
-2.991000	0.000280
-2.985000	0.000280
-2.979000	0.000281
-2.973000	0.000281
-2.967000	0.000281
-2.961000	0.000281
-2.955000	0.000281
-2.949000	0.000281
-2.943000	0.000281
-2.937000	0.000282
-2.931000	0.000282
-2.925000	0.000282
-2.919000	0.000282
-2.913000	0.000282
-2.907000	0.000282
-2.901000	0.000283
-2.895000	0.000283
-2.889000	0.000283
-2.883000	0.000283
-2.877000	0.000283
-2.871000	0.000283
-2.865000	0.000283
-2.859000	0.000284
-2.853000	0.000284
-2.847000	0.000284
-2.841000	0.000284
-2.835000	0.000284
-2.829000	0.000284
-2.823000	0.000284
-2.817000	0.000284
-2.811000	0.000284
-2.805000	0.000285
-2.799000	0.000285
-2.793000	0.000285
-2.787000	0.000285
-2.781000	0.000285
-2.775000	0.000286
-2.769000	0.000286
-2.763000	0.000286
-2.756500	0.000286
-2.750500	0.000286
-2.744500	0.000286
-2.738500	0.000286
-2.732500	0.000286
-2.726500	0.000286
-2.720500	0.000287
-2.714500	0.000287
-2.708500	0.000287
-2.702500	0.000287
-2.696500	0.000287
-2.690500	0.000287
-2.684500	0.000287
-2.678500	0.000288
-2.672500	0.000288
-2.666500	0.000288
-2.660500	0.000288
-2.654500	0.000288
-2.648500	0.000288
-2.642500	0.000288
-2.636500	0.000288
-2.630500	0.000288
-2.624500	0.000289
-2.618500	0.000289
-2.612500	0.000289
-2.606500	0.000289
-2.600500	0.000289
-2.594500	0.000289
-2.588500	0.000290
-2.582500	0.000290
-2.576500	0.000290
-2.570500	0.000290
-2.564500	0.000290
-2.558500	0.000290
-2.552500	0.000290
-2.546500	0.000290
-2.540500	0.000290
-2.534500	0.000290
-2.528500	0.000290
-2.522500	0.000291
-2.516500	0.000291
-2.510500	0.000291
-2.504500	0.000291
-2.498500	0.000291
-2.492500	0.000291
-2.486500	0.000291
-2.480500	0.000291
-2.474500	0.000292
-2.468500	0.000292
-2.462500	0.000292
-2.456500	0.000292
-2.450500	0.000292
-2.444500	0.000292
-2.438500	0.000292
-2.432500	0.000292
-2.426500	0.000292
-2.420500	0.000293
-2.414500	0.000293
-2.408500	0.000293
-2.402500	0.000293
-2.396500	0.000293
-2.390500	0.000293
-2.384500	0.000293
-2.378500	0.000293
-2.372500	0.000294
-2.366500	0.000293
-2.360500	0.000294
-2.354500	0.000294
-2.348500	0.000294
-2.342500	0.000294
-2.336500	0.000294
-2.330500	0.000294
-2.324500	0.000294
-2.318500	0.000294
-2.312500	0.000294
-2.306500	0.000295
-2.300500	0.000295
-2.294500	0.000295
-2.288500	0.000295
-2.282500	0.000295
-2.276500	0.000295
-2.270500	0.000295
-2.264500	0.000295
-2.258500	0.000295
-2.252500	0.000295
-2.246500	0.000295
-2.240500	0.000296
-2.234500	0.000296
-2.228500	0.000296
-2.222500	0.000296
-2.216500	0.000296
-2.210500	0.000296
-2.204500	0.000296
-2.198500	0.000296
-2.192500	0.000296
-2.186500	0.000296
-2.180500	0.000297
-2.174500	0.000297
-2.168500	0.000297
-2.162500	0.000297
-2.156500	0.000297
-2.150500	0.000297
-2.144500	0.000297
-2.138500	0.000297
-2.132000	0.000297
-2.126000	0.000298
-2.120000	0.000298
-2.114000	0.000298
-2.108000	0.000298
-2.102000	0.000298
-2.096000	0.000298
-2.090000	0.000298
-2.084000	0.000298
-2.078000	0.000298
-2.072000	0.000298
-2.066000	0.000298
-2.060000	0.000298
-2.054000	0.000298
-2.048000	0.000299
-2.042000	0.000299
-2.036000	0.000299
-2.030000	0.000299
-2.024000	0.000299
-2.018000	0.000299
-2.012000	0.000299
-2.006000	0.000299
-2.000000	0.000299
-1.994000	0.000299
-1.988000	0.000299
-1.982000	0.000300
-1.976000	0.000300
-1.970000	0.000300
-1.964000	0.000300
-1.958000	0.000300
-1.952000	0.000300
-1.946000	0.000300
-1.940000	0.000300
-1.934000	0.000300
-1.928000	0.000300
-1.922000	0.000300
-1.916000	0.000301
-1.910000	0.000301
-1.904000	0.000301
-1.898000	0.000301
-1.892000	0.000301
-1.886000	0.000301
-1.880000	0.000301
-1.874000	0.000301
-1.868000	0.000301
-1.862000	0.000301
-1.856000	0.000301
-1.850000	0.000302
-1.844000	0.000302
-1.838000	0.000302
-1.832000	0.000302
-1.826000	0.000302
-1.820000	0.000302
-1.814000	0.000302
-1.808000	0.000302
-1.802000	0.000302
-1.796000	0.000302
-1.790000	0.000302
-1.784000	0.000302
-1.778000	0.000302
-1.772000	0.000303
-1.766000	0.000303
-1.760000	0.000303
-1.754000	0.000303
-1.748000	0.000303
-1.742000	0.000303
-1.736000	0.000303
-1.730000	0.000303
-1.724000	0.000303
-1.718000	0.000303
-1.712000	0.000303
-1.706000	0.000303
-1.700000	0.000303
-1.694000	0.000303
-1.688000	0.000304
-1.682000	0.000304
-1.676000	0.000304
-1.670000	0.000304
-1.664000	0.000304
-1.658000	0.000304
-1.652000	0.000304
-1.646000	0.000304
-1.640000	0.000304
-1.634000	0.000304
-1.628000	0.000304
-1.622000	0.000304
-1.616000	0.000304
-1.610000	0.000304
-1.604000	0.000304
-1.598000	0.000305
-1.592000	0.000305
-1.586000	0.000305
-1.580000	0.000305
-1.574000	0.000305
-1.568000	0.000305
-1.562000	0.000305
-1.556000	0.000305
-1.550000	0.000305
-1.544000	0.000305
-1.538000	0.000305
-1.532000	0.000305
-1.526000	0.000305
-1.520000	0.000305
-1.514000	0.000306
-1.507500	0.000306
-1.501500	0.000306
-1.495500	0.000306
-1.489500	0.000306
-1.483500	0.000306
-1.477500	0.000306
-1.471500	0.000306
-1.465500	0.000306
-1.459500	0.000306
-1.453500	0.000306
-1.447500	0.000306
-1.441500	0.000306
-1.435500	0.000306
-1.429500	0.000306
-1.423500	0.000306
-1.417500	0.000307
-1.411500	0.000307
-1.405500	0.000307
-1.399500	0.000307
-1.393500	0.000307
-1.387500	0.000307
-1.381500	0.000307
-1.375500	0.000307
-1.369500	0.000307
-1.363500	0.000307
-1.357500	0.000307
-1.351500	0.000307
-1.345500	0.000307
-1.339500	0.000307
-1.333500	0.000307
-1.327500	0.000308
-1.321500	0.000308
-1.315500	0.000308
-1.309500	0.000308
-1.303500	0.000308
-1.297500	0.000308
-1.291500	0.000308
-1.285500	0.000308
-1.279500	0.000308
-1.273500	0.000308
-1.267500	0.000308
-1.261500	0.000308
-1.255500	0.000308
-1.249500	0.000308
-1.243500	0.000308
-1.237500	0.000308
-1.231500	0.000308
-1.225500	0.000309
-1.219500	0.000309
-1.213500	0.000309
-1.207500	0.000309
-1.201500	0.000309
-1.195500	0.000309
-1.189500	0.000309
-1.183500	0.000309
-1.177500	0.000309
-1.171500	0.000309
-1.165500	0.000309
-1.159500	0.000309
-1.153500	0.000309
-1.147500	0.000309
-1.141500	0.000309
-1.135500	0.000309
-1.129500	0.000310
-1.123500	0.000310
-1.117500	0.000310
-1.111500	0.000310
-1.105500	0.000310
-1.099500	0.000310
-1.093500	0.000310
-1.087500	0.000310
-1.081500	0.000310
-1.075500	0.000310
-1.069500	0.000310
-1.063500	0.000310
-1.057500	0.000310
-1.051500	0.000310
-1.045500	0.000310
-1.039500	0.000310
-1.033500	0.000310
-1.027500	0.000311
-1.021500	0.000311
-1.015500	0.000311
-1.009500	0.000311
-1.003500	0.000311
-0.997500	0.000311
-0.991500	0.000311
-0.985500	0.000311
-0.979500	0.000311
-0.973500	0.000311
-0.967500	0.000311
-0.961500	0.000311
-0.955500	0.000311
-0.949500	0.000311
-0.943500	0.000311
-0.937500	0.000311
-0.931500	0.000311
-0.925500	0.000311
-0.919500	0.000312
-0.913500	0.000312
-0.907500	0.000312
-0.901500	0.000312
-0.895500	0.000312
-0.889500	0.000312
-0.883000	0.000312
-0.877000	0.000312
-0.871000	0.000312
-0.865000	0.000312
-0.859000	0.000312
-0.853000	0.000312
-0.847000	0.000312
-0.841000	0.000312
-0.835000	0.000312
-0.829000	0.000312
-0.823000	0.000312
-0.817000	0.000312
-0.811000	0.000312
-0.805000	0.000313
-0.799000	0.000313
-0.793000	0.000313
-0.787000	0.000313
-0.781000	0.000313
-0.775000	0.000313
-0.769000	0.000313
-0.763000	0.000313
-0.757000	0.000313
-0.751000	0.000313
-0.745000	0.000313
-0.739000	0.000313
-0.733000	0.000313
-0.727000	0.000313
-0.721000	0.000313
-0.715000	0.000313
-0.709000	0.000313
-0.703000	0.000313
-0.697000	0.000313
-0.691000	0.000313
-0.685000	0.000313
-0.679000	0.000313
-0.673000	0.000313
-0.667000	0.000314
-0.661000	0.000314
-0.655000	0.000314
-0.649000	0.000314
-0.643000	0.000314
-0.637000	0.000314
-0.631000	0.000314
-0.625000	0.000314
-0.619000	0.000314
-0.613000	0.000314
-0.607000	0.000314
-0.601000	0.000314
-0.595000	0.000314
-0.589000	0.000314
-0.583000	0.000314
-0.577000	0.000314
-0.571000	0.000314
-0.565000	0.000314
-0.559000	0.000314
-0.553000	0.000315
-0.547000	0.000315
-0.541000	0.000315
-0.535000	0.000315
-0.529000	0.000315
-0.523000	0.000315
-0.517000	0.000315
-0.511000	0.000315
-0.505000	0.000315
-0.499000	0.000315
-0.493000	0.000315
-0.487000	0.000315
-0.481000	0.000315
-0.475000	0.000315
-0.469000	0.000315
-0.463000	0.000315
-0.457000	0.000315
-0.451000	0.000315
-0.445000	0.000315
-0.439000	0.000315
-0.433000	0.000315
-0.427000	0.000315
-0.421000	0.000315
-0.415000	0.000315
-0.409000	0.000315
-0.403000	0.000315
-0.397000	0.000315
-0.391000	0.000316
-0.385000	0.000316
-0.379000	0.000316
-0.373000	0.000316
-0.367000	0.000316
-0.361000	0.000316
-0.355000	0.000316
-0.349000	0.000316
-0.343000	0.000316
-0.337000	0.000316
-0.331000	0.000316
-0.325000	0.000316
-0.319000	0.000316
-0.313000	0.000316
-0.307000	0.000316
-0.301000	0.000316
-0.295000	0.000316
-0.289000	0.000316
-0.283000	0.000316
-0.277000	0.000316
-0.271000	0.000316
-0.265000	0.000317
-0.258500	0.000317
-0.252500	0.000317
-0.246500	0.000317
-0.240500	0.000317
-0.234500	0.000317
-0.228500	0.000317
-0.222500	0.000317
-0.216500	0.000317
-0.210500	0.000317
-0.204500	0.000317
-0.198500	0.000317
-0.192500	0.000317
-0.186500	0.000317
-0.180500	0.000317
-0.174500	0.000317
-0.168500	0.000317
-0.162500	0.000317
-0.156500	0.000317
-0.150500	0.000317
-0.144500	0.000317
-0.138500	0.000317
-0.132500	0.000317
-0.126500	0.000317
-0.120500	0.000317
-0.114500	0.000317
-0.108500	0.000317
-0.102500	0.000318
-0.096500	0.000318
-0.090500	0.000318
-0.084500	0.000318
-0.078500	0.000318
-0.072500	0.000318
-0.066500	0.000318
-0.060500	0.000318
-0.054500	0.000318
-0.048500	0.000318
-0.042500	0.000318
-0.036500	0.000318
-0.030500	0.000318
-0.024500	0.000318
-0.018500	0.000318
-0.012500	0.000318
-0.006500	0.000318
-0.000500	0.000318
