% Langmuir characteristic curve

% U (Volt)	I (A)
-15.000000	-7.166527E-7
-14.994000	-4.164176E-7
-14.988000	-3.402820E-7
-14.982000	-2.472661E-7
-14.976000	-2.683373E-7
-14.970000	-2.218876E-7
-14.964000	-2.133893E-7
-14.958000	-3.952300E-7
-14.952000	-2.980232E-7
-14.946000	-3.910391E-7
-14.940000	-4.079193E-7
-14.934000	-3.444729E-7
-14.928000	-4.586764E-7
-14.922000	-5.390029E-7
-14.916000	-4.882459E-7
-14.910000	-4.755566E-7
-14.904000	-3.234018E-7
-14.898000	-3.741588E-7
-14.892000	-3.149034E-7
-14.886000	-9.918585E-8
-14.880000	-1.922017E-7
-14.874000	-1.795124E-7
-14.868000	-2.091983E-7
-14.862000	-2.641464E-7
-14.856000	-3.149034E-7
-14.850000	-4.037283E-7
-14.844000	-4.967442E-7
-14.838000	-3.402820E-7
-14.832000	-4.121102E-7
-14.826000	-4.291069E-7
-14.820000	-3.868481E-7
-14.814000	-3.107125E-7
-14.808000	-3.571622E-7
-14.802000	-2.218876E-7
-14.796000	-3.275927E-7
-14.790000	-1.838198E-7
-14.784000	-4.374888E-7
-14.778000	-2.175802E-7
-14.772000	-4.164176E-7
-14.766000	-3.656605E-7
-14.760000	-3.825407E-7
-14.754000	-5.179318E-7
-14.748000	-5.094334E-7
-14.742000	-5.094334E-7
-14.736000	-4.206086E-7
-14.730000	-3.234018E-7
-14.724000	-3.952300E-7
-14.718000	-3.741588E-7
-14.712000	-3.022142E-7
-14.706000	-3.571622E-7
-14.700000	-2.514571E-7
-14.694000	-2.387678E-7
-14.688000	-2.599554E-7
-14.682000	-2.768356E-7
-14.676000	-3.571622E-7
-14.670000	-4.798640E-7
-14.664000	-4.332978E-7
-14.658000	-6.194459E-7
-14.652000	-4.671747E-7
-14.645500	-4.967442E-7
-14.639500	-3.698515E-7
-14.633500	-4.713656E-7
-14.627500	-3.064051E-7
-14.621500	-2.218876E-7
-14.615500	-1.711305E-7
-14.609500	-2.133893E-7
-14.603500	-3.360910E-7
-14.597500	-2.556480E-7
-14.591500	-3.234018E-7
-14.585500	-4.586764E-7
-14.579500	-4.121102E-7
-14.573500	-4.882459E-7
-14.567500	-4.247995E-7
-14.561500	-5.263137E-7
-14.555500	-4.628673E-7
-14.549500	-2.980232E-7
-14.543500	-4.332978E-7
-14.537500	-3.868481E-7
-14.531500	-3.825407E-7
-14.525500	-1.541339E-7
-14.519500	-1.965091E-7
-14.513500	-2.260786E-7
-14.507500	-2.260786E-7
-14.501500	-2.937159E-7
-14.495500	-3.317837E-7
-14.489500	-3.275927E-7
-14.483500	-4.544854E-7
-14.477500	-5.348120E-7
-14.471500	-5.643815E-7
-14.465500	-5.136244E-7
-14.459500	-5.433103E-7
-14.453500	-4.164176E-7
-14.447500	-3.022142E-7
-14.441500	-5.897600E-7
-14.435500	-3.783498E-7
-14.429500	-1.922017E-7
-14.423500	-7.380731E-8
-14.417500	-2.937159E-7
-14.411500	-2.599554E-7
-14.405500	-3.994210E-7
-14.399500	-4.628673E-7
-14.393500	-5.475013E-7
-14.387500	-4.755566E-7
-14.381500	-4.374888E-7
-14.375500	-3.402820E-7
-14.369500	-4.628673E-7
-14.363500	-3.868481E-7
-14.357500	-3.529713E-7
-14.351500	-2.980232E-7
-14.345500	-2.091983E-7
-14.339500	-1.965091E-7
-14.333500	-3.149034E-7
-14.327500	-2.302695E-7
-14.321500	-2.302695E-7
-14.315500	-2.980232E-7
-14.309500	-3.402820E-7
-14.303500	-5.179318E-7
-14.297500	-5.136244E-7
-14.291500	-4.291069E-7
-14.285500	-5.136244E-7
-14.279500	-5.263137E-7
-14.273500	-3.994210E-7
-14.267500	-2.218876E-7
-14.261500	-3.825407E-7
-14.255500	-3.444729E-7
-14.249500	-2.007000E-7
-14.243500	-2.218876E-7
-14.237500	-2.514571E-7
-14.231500	-3.571622E-7
-14.225500	-2.853340E-7
-14.219500	-3.022142E-7
-14.213500	-4.586764E-7
-14.207500	-4.713656E-7
-14.201500	-4.247995E-7
-14.195500	-6.236369E-7
-14.189500	-4.544854E-7
-14.183500	-3.868481E-7
-14.177500	-4.755566E-7
-14.171500	-3.656605E-7
-14.165500	-2.429588E-7
-14.159500	-2.429588E-7
-14.153500	-2.048910E-7
-14.147500	-1.457520E-7
-14.141500	-2.768356E-7
-14.135500	-3.064051E-7
-14.129500	-4.586764E-7
-14.123500	-3.614696E-7
-14.117500	-5.094334E-7
-14.111500	-3.825407E-7
-14.105500	-5.136244E-7
-14.099500	-4.798640E-7
-14.093500	-3.783498E-7
-14.087500	-2.007000E-7
-14.081500	-3.444729E-7
-14.075500	-2.726447E-7
-14.069500	-6.530900E-8
-14.063500	-2.472661E-7
-14.057500	-2.218876E-7
-14.051500	-2.387678E-7
-14.045500	-3.783498E-7
-14.039500	-3.741588E-7
-14.033500	-3.402820E-7
-14.027500	-4.079193E-7
-14.021500	-4.417961E-7
-14.015500	-5.094334E-7
-14.009500	-5.643815E-7
-14.003500	-5.601905E-7
-13.997500	-3.994210E-7
-13.991500	-3.149034E-7
-13.985500	-3.402820E-7
-13.979500	-2.345769E-7
-13.973500	-2.260786E-7
-13.967500	-2.810266E-7
-13.961500	-2.683373E-7
-13.955500	-3.529713E-7
-13.949000	-2.895249E-7
-13.943000	-3.487803E-7
-13.937000	-4.459871E-7
-13.931000	-4.332978E-7
-13.925000	-4.628673E-7
-13.919000	-4.501780E-7
-13.913000	-4.459871E-7
-13.907000	-3.698515E-7
-13.901000	-3.487803E-7
-13.895000	-2.853340E-7
-13.889000	-2.514571E-7
-13.883000	-2.429588E-7
-13.877000	-1.753215E-7
-13.871000	-3.360910E-7
-13.865000	-2.683373E-7
-13.859000	-1.626322E-7
-13.853000	-3.064051E-7
-13.847000	-5.263137E-7
-13.841000	-3.868481E-7
-13.835000	-5.770708E-7
-13.829000	-4.882459E-7
-13.823000	-4.671747E-7
-13.817000	-3.656605E-7
-13.811000	-4.332978E-7
-13.805000	-4.459871E-7
-13.799000	-3.529713E-7
-13.793000	-8.230563E-8
-13.787000	-2.472661E-7
-13.781000	-3.190944E-7
-13.775000	-3.107125E-7
-13.769000	-4.037283E-7
-13.763000	-3.656605E-7
-13.757000	-3.868481E-7
-13.751000	-4.925532E-7
-13.745000	-3.107125E-7
-13.739000	-4.247995E-7
-13.733000	-3.952300E-7
-13.727000	-3.910391E-7
-13.721000	-2.810266E-7
-13.715000	-3.825407E-7
-13.709000	-2.048910E-7
-13.703000	-3.698515E-7
-13.697000	-5.692709E-8
-13.691000	-2.429588E-7
-13.685000	-2.007000E-7
-13.679000	-3.487803E-7
-13.673000	-3.825407E-7
-13.667000	-4.164176E-7
-13.661000	-5.813781E-7
-13.655000	-4.417961E-7
-13.649000	-3.190944E-7
-13.643000	-5.516922E-7
-13.637000	-3.952300E-7
-13.631000	-3.614696E-7
-13.625000	-2.895249E-7
-13.619000	-2.768356E-7
-13.613000	-2.599554E-7
-13.607000	-2.429588E-7
-13.601000	-2.937159E-7
-13.595000	-2.175802E-7
-13.589000	-3.022142E-7
-13.583000	-3.190944E-7
-13.577000	-4.374888E-7
-13.571000	-5.009351E-7
-13.565000	-4.713656E-7
-13.559000	-5.052425E-7
-13.553000	-2.937159E-7
-13.547000	-3.910391E-7
-13.541000	-3.994210E-7
-13.535000	-3.190944E-7
-13.529000	-2.387678E-7
-13.523000	-3.317837E-7
-13.517000	-2.133893E-7
-13.511000	-1.499429E-7
-13.505000	-2.345769E-7
-13.499000	-3.107125E-7
-13.493000	-3.741588E-7
-13.487000	-3.614696E-7
-13.481000	-3.825407E-7
-13.475000	-4.967442E-7
-13.469000	-4.332978E-7
-13.463000	-4.079193E-7
-13.457000	-4.164176E-7
-13.451000	-3.783498E-7
-13.445000	-3.783498E-7
-13.439000	-1.372537E-7
-13.433000	-1.711305E-7
-13.427000	-1.541339E-7
-13.421000	-3.149034E-7
-13.415000	-2.472661E-7
-13.409000	-2.853340E-7
-13.403000	-3.022142E-7
-13.397000	-3.022142E-7
-13.391000	-3.825407E-7
-13.385000	-4.713656E-7
-13.379000	-4.882459E-7
-13.373000	-4.291069E-7
-13.367000	-5.559996E-7
-13.361000	-3.444729E-7
-13.355000	-3.064051E-7
-13.349000	-2.345769E-7
-13.343000	-2.260786E-7
-13.337000	-1.838198E-7
-13.331000	-8.230563E-8
-13.325000	-2.556480E-7
-13.319000	-2.260786E-7
-13.313000	-3.275927E-7
-13.307000	-4.798640E-7
-13.301000	-5.221227E-7
-13.295000	-5.643815E-7
-13.289000	-3.910391E-7
-13.283000	-6.151386E-7
-13.277000	-4.121102E-7
-13.271000	-3.529713E-7
-13.265000	-1.880107E-7
-13.258500	-3.275927E-7
-13.252500	-2.048910E-7
-13.246500	-3.741588E-7
-13.240500	-1.626322E-7
-13.234500	-1.880107E-7
-13.228500	-2.472661E-7
-13.222500	-3.317837E-7
-13.216500	-2.007000E-7
-13.210500	-4.501780E-7
-13.204500	-4.671747E-7
-13.198500	-4.586764E-7
-13.192500	-4.291069E-7
-13.186500	-2.853340E-7
-13.180500	-3.234018E-7
-13.174500	-3.234018E-7
-13.168500	-4.037283E-7
-13.162500	-3.149034E-7
-13.156500	-1.880107E-7
-13.150500	-2.007000E-7
-13.144500	-2.514571E-7
-13.138500	-2.683373E-7
-13.132500	-4.332978E-7
-13.126500	-3.360910E-7
-13.120500	-4.079193E-7
-13.114500	-5.728798E-7
-13.108500	-5.136244E-7
-13.102500	-4.713656E-7
-13.096500	-4.840549E-7
-13.090500	-4.037283E-7
-13.084500	-3.234018E-7
-13.078500	-3.529713E-7
-13.072500	-9.918585E-8
-13.066500	-3.487803E-7
-13.060500	-2.302695E-7
-13.054500	-3.317837E-7
-13.048500	-1.922017E-7
-13.042500	-3.190944E-7
-13.036500	-4.206086E-7
-13.030500	-5.306210E-7
-13.024500	-5.263137E-7
-13.018500	-5.559996E-7
-13.012500	-4.840549E-7
-13.006500	-5.559996E-7
-13.000500	-4.291069E-7
-12.994500	-4.247995E-7
-12.988500	-3.402820E-7
-12.982500	-2.810266E-7
-12.976500	-1.880107E-7
-12.970500	-2.133893E-7
-12.964500	-2.683373E-7
-12.958500	-1.838198E-7
-12.952500	-2.895249E-7
-12.946500	-3.444729E-7
-12.940500	-2.133893E-7
-12.934500	-5.094334E-7
-12.928500	-4.840549E-7
-12.922500	-5.601905E-7
-12.916500	-4.417961E-7
-12.910500	-4.247995E-7
-12.904500	-4.755566E-7
-12.898500	-3.614696E-7
-12.892500	-3.529713E-7
-12.886500	-2.472661E-7
-12.880500	-1.457520E-7
-12.874500	-4.423782E-8
-12.868500	-3.149034E-7
-12.862500	-2.810266E-7
-12.856500	-2.937159E-7
-12.850500	-4.037283E-7
-12.844500	-5.433103E-7
-12.838500	-4.417961E-7
-12.832500	-4.544854E-7
-12.826500	-5.306210E-7
-12.820500	-3.614696E-7
-12.814500	-3.868481E-7
-12.808500	-1.668232E-7
-12.802500	-2.641464E-7
-12.796500	-2.345769E-7
-12.790500	-2.514571E-7
-12.784500	-1.626322E-7
-12.778500	-1.880107E-7
-12.772500	-2.895249E-7
-12.766500	-3.402820E-7
-12.760500	-3.064051E-7
-12.754500	-4.628673E-7
-12.748500	-5.433103E-7
-12.742500	-3.107125E-7
-12.736500	-4.417961E-7
-12.730500	-3.741588E-7
-12.724500	-3.868481E-7
-12.718500	-3.910391E-7
-12.712500	-3.656605E-7
-12.706500	-9.068754E-8
-12.700500	-2.007000E-7
-12.694500	-1.457520E-7
-12.688500	-3.360910E-7
-12.682500	-2.937159E-7
-12.676500	-2.472661E-7
-12.670500	-4.247995E-7
-12.664500	-4.079193E-7
-12.658500	-5.475013E-7
-12.652500	-3.149034E-7
-12.646500	-4.501780E-7
-12.640500	-3.698515E-7
-12.634500	-3.107125E-7
-12.628500	-2.895249E-7
-12.622500	-3.149034E-7
-12.616500	-2.810266E-7
-12.610500	-2.599554E-7
-12.604500	-1.711305E-7
-12.598500	-1.795124E-7
-12.592500	-1.626322E-7
-12.586500	-3.190944E-7
-12.580500	-2.853340E-7
-12.574500	-4.501780E-7
-12.568000	-4.501780E-7
-12.562000	-5.813781E-7
-12.556000	-5.601905E-7
-12.550000	-4.671747E-7
-12.544000	-4.121102E-7
-12.538000	-3.317837E-7
-12.532000	-3.022142E-7
-12.526000	-1.668232E-7
-12.520000	-3.317837E-7
-12.514000	-2.175802E-7
-12.508000	-2.091983E-7
-12.502000	-2.260786E-7
-12.496000	-2.556480E-7
-12.490000	-3.275927E-7
-12.484000	-4.374888E-7
-12.478000	-2.853340E-7
-12.472000	-4.374888E-7
-12.466000	-4.882459E-7
-12.460000	-4.671747E-7
-12.454000	-3.317837E-7
-12.448000	-3.444729E-7
-12.442000	-3.022142E-7
-12.436000	-1.922017E-7
-12.430000	-1.753215E-7
-12.424000	-1.838198E-7
-12.418000	-1.795124E-7
-12.412000	-8.649658E-8
-12.406000	-2.768356E-7
-12.400000	-2.980232E-7
-12.394000	-4.417961E-7
-12.388000	-4.628673E-7
-12.382000	-4.755566E-7
-12.376000	-4.206086E-7
-12.370000	-3.868481E-7
-12.364000	-4.037283E-7
-12.358000	-3.149034E-7
-12.352000	-2.853340E-7
-12.346000	-1.076842E-7
-12.340000	-1.795124E-7
-12.334000	-1.584413E-7
-12.328000	-1.838198E-7
-12.322000	-1.922017E-7
-12.316000	-2.429588E-7
-12.310000	-3.910391E-7
-12.304000	-4.840549E-7
-12.298000	-5.263137E-7
-12.292000	-4.544854E-7
-12.286000	-4.374888E-7
-12.280000	-2.980232E-7
-12.274000	-3.698515E-7
-12.268000	-2.683373E-7
-12.262000	-4.079193E-7
-12.256000	-2.599554E-7
-12.250000	-2.556480E-7
-12.244000	-1.880107E-7
-12.238000	-2.980232E-7
-12.232000	-1.668232E-7
-12.226000	-2.853340E-7
-12.220000	-3.107125E-7
-12.214000	-4.755566E-7
-12.208000	-3.868481E-7
-12.202000	-3.825407E-7
-12.196000	-4.459871E-7
-12.190000	-3.064051E-7
-12.184000	-3.910391E-7
-12.178000	-3.741588E-7
-12.172000	-3.444729E-7
-12.166000	-3.022142E-7
-12.160000	-2.007000E-7
-12.154000	-1.965091E-7
-12.148000	-1.584413E-7
-12.142000	-2.260786E-7
-12.136000	-2.641464E-7
-12.130000	-3.317837E-7
-12.124000	-4.671747E-7
-12.118000	-3.910391E-7
-12.112000	-4.079193E-7
-12.106000	-5.728798E-7
-12.100000	-4.291069E-7
-12.094000	-4.291069E-7
-12.088000	-2.683373E-7
-12.082000	-3.571622E-7
-12.076000	-2.599554E-7
-12.070000	-2.091983E-7
-12.064000	-2.472661E-7
-12.058000	-2.218876E-7
-12.052000	-1.711305E-7
-12.046000	-1.668232E-7
-12.040000	-2.175802E-7
-12.034000	-3.444729E-7
-12.028000	-4.374888E-7
-12.022000	-3.952300E-7
-12.016000	-4.164176E-7
-12.010000	-4.798640E-7
-12.004000	-5.306210E-7
-11.998000	-4.079193E-7
-11.992000	-3.444729E-7
-11.986000	-3.698515E-7
-11.980000	-2.345769E-7
-11.974000	-1.457520E-7
-11.968000	-1.457520E-7
-11.962000	-2.472661E-7
-11.956000	-2.302695E-7
-11.950000	-2.599554E-7
-11.944000	-4.079193E-7
-11.938000	-4.332978E-7
-11.932000	-3.910391E-7
-11.926000	-3.741588E-7
-11.920000	-5.433103E-7
-11.914000	-3.825407E-7
-11.908000	-3.614696E-7
-11.902000	-3.402820E-7
-11.896000	-2.810266E-7
-11.890000	-1.795124E-7
-11.884000	-6.961636E-8
-11.878000	-2.387678E-7
-11.871500	-1.457520E-7
-11.865500	-2.345769E-7
-11.859500	-3.022142E-7
-11.853500	-3.190944E-7
-11.847500	-3.994210E-7
-11.841500	-4.332978E-7
-11.835500	-4.332978E-7
-11.829500	-4.037283E-7
-11.823500	-4.247995E-7
-11.817500	-2.345769E-7
-11.811500	-3.529713E-7
-11.805500	-3.190944E-7
-11.799500	-2.260786E-7
-11.793500	-1.795124E-7
-11.787500	-2.133893E-7
-11.781500	-5.261973E-8
-11.775500	-1.668232E-7
-11.769500	-1.880107E-7
-11.763500	-2.599554E-7
-11.757500	-3.656605E-7
-11.751500	-5.094334E-7
-11.745500	-3.952300E-7
-11.739500	-5.643815E-7
-11.733500	-5.179318E-7
-11.727500	-2.641464E-7
-11.721500	-2.472661E-7
-11.715500	-2.641464E-7
-11.709500	-2.260786E-7
-11.703500	-2.895249E-7
-11.697500	-2.302695E-7
-11.691500	-2.218876E-7
-11.685500	-2.091983E-7
-11.679500	-3.064051E-7
-11.673500	-2.980232E-7
-11.667500	-3.149034E-7
-11.661500	-2.429588E-7
-11.655500	-4.291069E-7
-11.649500	-4.374888E-7
-11.643500	-2.937159E-7
-11.637500	-4.037283E-7
-11.631500	-4.417961E-7
-11.625500	-2.768356E-7
-11.619500	-2.853340E-7
-11.613500	-3.487803E-7
-11.607500	-3.107125E-7
-11.601500	-1.838198E-7
-11.595500	-6.530900E-8
-11.589500	-3.317837E-7
-11.583500	-2.175802E-7
-11.577500	-4.291069E-7
-11.571500	-4.247995E-7
-11.565500	-4.882459E-7
-11.559500	-4.291069E-7
-11.553500	-4.164176E-7
-11.547500	-4.079193E-7
-11.541500	-3.825407E-7
-11.535500	-4.206086E-7
-11.529500	-3.444729E-7
-11.523500	-2.683373E-7
-11.517500	-1.753215E-7
-11.511500	-2.937159E-7
-11.505500	-2.387678E-7
-11.499500	-2.048910E-7
-11.493500	-3.825407E-7
-11.487500	-3.402820E-7
-11.481500	-3.741588E-7
-11.475500	-4.247995E-7
-11.469500	-4.121102E-7
-11.463500	-3.698515E-7
-11.457500	-4.121102E-7
-11.451500	-3.487803E-7
-11.445500	-3.529713E-7
-11.439500	-3.868481E-7
-11.433500	-1.457520E-7
-11.427500	-2.133893E-7
-11.421500	-1.541339E-7
-11.415500	-2.895249E-7
-11.409500	-2.387678E-7
-11.403500	-3.571622E-7
-11.397500	-3.234018E-7
-11.391500	-3.360910E-7
-11.385500	-3.825407E-7
-11.379500	-5.348120E-7
-11.373500	-4.882459E-7
-11.367500	-5.601905E-7
-11.361500	-5.009351E-7
-11.355500	-2.810266E-7
-11.349500	-3.360910E-7
-11.343500	-2.133893E-7
-11.337500	-2.980232E-7
-11.331500	-2.007000E-7
-11.325500	-3.993046E-8
-11.319500	-2.260786E-7
-11.313500	-2.345769E-7
-11.307500	-2.514571E-7
-11.301500	-5.433103E-7
-11.295500	-4.164176E-7
-11.289500	-4.459871E-7
-11.283500	-4.037283E-7
-11.277500	-3.825407E-7
-11.271500	-5.094334E-7
-11.265500	-3.360910E-7
-11.259500	-3.234018E-7
-11.253500	-1.795124E-7
-11.247500	-2.429588E-7
-11.241500	-1.414446E-7
-11.235500	-2.218876E-7
-11.229500	-6.111804E-8
-11.223500	-3.614696E-7
-11.217500	-2.895249E-7
-11.211500	-4.164176E-7
-11.205500	-3.783498E-7
-11.199500	-2.726447E-7
-11.193500	-4.291069E-7
-11.187500	-3.868481E-7
-11.181000	-2.472661E-7
-11.175000	-3.107125E-7
-11.169000	-3.149034E-7
-11.163000	-2.810266E-7
-11.157000	-2.302695E-7
-11.151000	-1.457520E-7
-11.145000	-1.711305E-7
-11.139000	-1.965091E-7
-11.133000	-8.649658E-8
-11.127000	-3.107125E-7
-11.121000	-4.164176E-7
-11.115000	-3.952300E-7
-11.109000	-4.544854E-7
-11.103000	-4.037283E-7
-11.097000	-4.247995E-7
-11.091000	-3.614696E-7
-11.085000	-2.937159E-7
-11.079000	-2.768356E-7
-11.073000	-3.741588E-7
-11.067000	-2.048910E-7
-11.061000	-1.287553E-7
-11.055000	-2.980232E-7
-11.049000	-1.626322E-7
-11.043000	-2.726447E-7
-11.037000	-2.768356E-7
-11.031000	-3.487803E-7
-11.025000	-3.529713E-7
-11.019000	-3.910391E-7
-11.013000	-5.390029E-7
-11.007000	-3.952300E-7
-11.001000	-3.275927E-7
-10.995000	-3.275927E-7
-10.989000	-2.768356E-7
-10.983000	-4.798640E-7
-10.977000	-1.965091E-7
-10.971000	-3.107125E-7
-10.965000	-1.203734E-7
-10.959000	-2.937159E-7
-10.953000	-2.091983E-7
-10.947000	-2.895249E-7
-10.941000	-3.149034E-7
-10.935000	-3.741588E-7
-10.929000	-3.614696E-7
-10.923000	-2.810266E-7
-10.917000	-3.825407E-7
-10.911000	-4.840549E-7
-10.905000	-3.741588E-7
-10.899000	-2.641464E-7
-10.893000	-3.571622E-7
-10.887000	-2.175802E-7
-10.881000	-1.541339E-7
-10.875000	-2.218876E-7
-10.869000	-1.372537E-7
-10.863000	-4.842877E-8
-10.857000	-3.444729E-7
-10.851000	-2.556480E-7
-10.845000	-4.925532E-7
-10.839000	-3.487803E-7
-10.833000	-4.206086E-7
-10.827000	-4.374888E-7
-10.821000	-5.263137E-7
-10.815000	-3.487803E-7
-10.809000	-4.798640E-7
-10.803000	-3.614696E-7
-10.797000	-1.965091E-7
-10.791000	-1.457520E-7
-10.785000	-2.091983E-7
-10.779000	-2.726447E-7
-10.773000	-1.499429E-7
-10.767000	-7.799827E-8
-10.761000	-3.022142E-7
-10.755000	-4.501780E-7
-10.749000	-3.741588E-7
-10.743000	-4.332978E-7
-10.737000	-3.910391E-7
-10.731000	-3.783498E-7
-10.725000	-3.402820E-7
-10.719000	-3.190944E-7
-10.713000	-2.599554E-7
-10.707000	-2.260786E-7
-10.701000	-2.007000E-7
-10.695000	-2.133893E-7
-10.689000	-1.711305E-7
-10.683000	-1.838198E-7
-10.677000	-2.556480E-7
-10.671000	-3.571622E-7
-10.665000	-3.783498E-7
-10.659000	-3.783498E-7
-10.653000	-2.641464E-7
-10.647000	-4.206086E-7
-10.641000	-4.628673E-7
-10.635000	-2.175802E-7
-10.629000	-3.783498E-7
-10.623000	-3.275927E-7
-10.617000	-2.218876E-7
-10.611000	-2.980232E-7
-10.605000	-1.499429E-7
-10.599000	-1.372537E-7
-10.593000	-1.753215E-7
-10.587000	-9.918585E-8
-10.581000	-4.079193E-7
-10.575000	-2.556480E-7
-10.569000	-2.556480E-7
-10.563000	-4.332978E-7
-10.557000	-3.698515E-7
-10.551000	-3.614696E-7
-10.545000	-3.402820E-7
-10.539000	-2.810266E-7
-10.533000	-3.064051E-7
-10.527000	-2.091983E-7
-10.521000	-3.993046E-8
-10.515000	-2.726447E-7
-10.509000	-1.245644E-7
-10.503000	-2.429588E-7
-10.497000	-2.091983E-7
-10.491000	-3.022142E-7
-10.484500	-3.656605E-7
-10.478500	-4.374888E-7
-10.472500	-2.514571E-7
-10.466500	-3.825407E-7
-10.460500	-6.024493E-7
-10.454500	-2.345769E-7
-10.448500	-4.164176E-7
-10.442500	-2.810266E-7
-10.436500	-7.799827E-8
-10.430500	-1.499429E-7
-10.424500	-1.795124E-7
-10.418500	-1.287553E-7
-10.412500	-1.118751E-7
-10.406500	-1.626322E-7
-10.400500	-3.910391E-7
-10.394500	-3.190944E-7
-10.388500	-5.643815E-7
-10.382500	-4.291069E-7
-10.376500	-5.306210E-7
-10.370500	-3.656605E-7
-10.364500	-2.345769E-7
-10.358500	-3.444729E-7
-10.352500	-2.599554E-7
-10.346500	-3.868481E-7
-10.340500	-9.068754E-8
-10.334500	-2.853340E-7
-10.328500	-1.245644E-7
-10.322500	-1.795124E-7
-10.316500	-3.107125E-7
-10.310500	-2.556480E-7
-10.304500	-3.149034E-7
-10.298500	-3.783498E-7
-10.292500	-3.190944E-7
-10.286500	-4.628673E-7
-10.280500	-3.952300E-7
-10.274500	-3.487803E-7
-10.268500	-3.571622E-7
-10.262500	-2.853340E-7
-10.256500	-5.052425E-7
-10.250500	-3.993046E-8
-10.244500	-1.880107E-7
-10.238500	-1.245644E-7
-10.232500	-1.541339E-7
-10.226500	-2.175802E-7
-10.220500	-3.275927E-7
-10.214500	-2.599554E-7
-10.208500	-3.656605E-7
-10.202500	-3.825407E-7
-10.196500	-4.037283E-7
-10.190500	-4.840549E-7
-10.184500	-3.190944E-7
-10.178500	-3.234018E-7
-10.172500	-1.414446E-7
-10.166500	-2.556480E-7
-10.160500	-1.753215E-7
-10.154500	-2.641464E-7
-10.148500	-2.007000E-7
-10.142500	-1.245644E-7
-10.136500	-2.853340E-7
-10.130500	-2.007000E-7
-10.124500	-1.457520E-7
-10.118500	-3.402820E-7
-10.112500	-4.374888E-7
-10.106500	-3.487803E-7
-10.100500	-3.825407E-7
-10.094500	-4.206086E-7
-10.088500	-3.741588E-7
-10.082500	-3.190944E-7
-10.076500	-3.656605E-7
-10.070500	-2.133893E-7
-10.064500	-1.922017E-7
-10.058500	-1.036096E-8
-10.052500	-2.429588E-7
-10.046500	-1.753215E-7
-10.040500	-1.711305E-7
-10.034500	-2.810266E-7
-10.028500	-2.726447E-7
-10.022500	-4.925532E-7
-10.016500	-3.868481E-7
-10.010500	-4.840549E-7
-10.004500	-3.360910E-7
-9.998500	-3.317837E-7
-9.992500	-1.372537E-7
-9.986500	-3.910391E-7
-9.980500	-2.726447E-7
-9.974500	-1.753215E-7
-9.968500	-1.541339E-7
-9.962500	-2.937159E-7
-9.956500	-1.076842E-7
-9.950500	-2.429588E-7
-9.944500	-4.079193E-7
-9.938500	-3.190944E-7
-9.932500	-3.698515E-7
-9.926500	-3.868481E-7
-9.920500	-4.206086E-7
-9.914500	-4.079193E-7
-9.908500	-3.190944E-7
-9.902500	-1.626322E-7
-9.896500	-2.726447E-7
-9.890500	-3.149034E-7
-9.884500	-3.360910E-7
-9.878500	-1.330627E-7
-9.872500	-1.330627E-7
-9.866500	-1.245644E-7
-9.860500	-1.541339E-7
-9.854500	-2.218876E-7
-9.848500	-2.980232E-7
-9.842500	-3.868481E-7
-9.836500	-4.501780E-7
-9.830500	-3.825407E-7
-9.824500	-4.291069E-7
-9.818500	-3.741588E-7
-9.812500	-1.838198E-7
-9.806500	-3.064051E-7
-9.800000	-2.556480E-7
-9.794000	-5.261973E-8
-9.788000	-1.245644E-7
-9.782000	-1.076842E-7
-9.776000	-2.641464E-7
-9.770000	-2.218876E-7
-9.764000	-2.810266E-7
-9.758000	-2.768356E-7
-9.752000	-3.487803E-7
-9.746000	-4.882459E-7
-9.740000	-3.698515E-7
-9.734000	-4.417961E-7
-9.728000	-2.175802E-7
-9.722000	-3.234018E-7
-9.716000	-3.741588E-7
-9.710000	-2.387678E-7
-9.704000	-3.190944E-7
-9.698000	-1.584413E-7
-9.692000	-9.068754E-8
-9.686000	-2.937159E-7
-9.680000	-2.305023E-8
-9.674000	-2.048910E-7
-9.668000	-3.190944E-7
-9.662000	-3.614696E-7
-9.656000	-5.052425E-7
-9.650000	-2.768356E-7
-9.644000	-4.501780E-7
-9.638000	-3.656605E-7
-9.632000	-2.853340E-7
-9.626000	-2.937159E-7
-9.620000	-2.472661E-7
-9.614000	-3.993046E-8
-9.608000	-1.160661E-7
-9.602000	-1.922017E-7
-9.596000	-1.584413E-7
-9.590000	-1.499429E-7
-9.584000	-3.275927E-7
-9.578000	-2.937159E-7
-9.572000	-3.190944E-7
-9.566000	-3.698515E-7
-9.560000	-3.994210E-7
-9.554000	-5.052425E-7
-9.548000	-2.218876E-7
-9.542000	-2.683373E-7
-9.536000	-3.064051E-7
-9.530000	-2.175802E-7
-9.524000	-2.472661E-7
-9.518000	-1.838198E-7
-9.512000	-1.287553E-7
-9.506000	-7.380731E-8
-9.500000	-1.922017E-7
-9.494000	-2.091983E-7
-9.488000	-3.360910E-7
-9.482000	-3.064051E-7
-9.476000	-5.052425E-7
-9.470000	-3.698515E-7
-9.464000	-4.374888E-7
-9.458000	-3.656605E-7
-9.452000	-3.107125E-7
-9.446000	-3.910391E-7
-9.440000	-1.287553E-7
-9.434000	-1.838198E-7
-9.428000	-2.302695E-7
-9.422000	-6.111804E-8
-9.416000	-1.795124E-7
-9.410000	-1.838198E-7
-9.404000	-1.922017E-7
-9.398000	-2.683373E-7
-9.392000	-2.175802E-7
-9.386000	-3.402820E-7
-9.380000	-3.656605E-7
-9.374000	-3.952300E-7
-9.368000	-4.079193E-7
-9.362000	-3.275927E-7
-9.356000	-3.234018E-7
-9.350000	-2.260786E-7
-9.344000	-3.698515E-7
-9.338000	-8.649658E-8
-9.332000	-1.457520E-7
-9.326000	-1.838198E-7
-9.320000	-1.033768E-7
-9.314000	-1.979060E-9
-9.308000	-2.472661E-7
-9.302000	-3.868481E-7
-9.296000	-3.149034E-7
-9.290000	-4.882459E-7
-9.284000	-4.247995E-7
-9.278000	-4.798640E-7
-9.272000	-4.713656E-7
-9.266000	-2.429588E-7
-9.260000	-3.783498E-7
-9.254000	-1.922017E-7
-9.248000	-1.287553E-7
-9.242000	-4.121102E-7
-9.236000	-2.302695E-7
-9.230000	1.920853E-8
-9.224000	-1.033768E-7
-9.218000	-2.429588E-7
-9.212000	-2.514571E-7
-9.206000	-2.937159E-7
-9.200000	-2.726447E-7
-9.194000	-3.402820E-7
-9.188000	-4.291069E-7
-9.182000	-2.091983E-7
-9.176000	-2.683373E-7
-9.170000	-2.133893E-7
-9.164000	-2.556480E-7
-9.158000	-1.203734E-7
-9.152000	-2.472661E-7
-9.146000	-3.360910E-7
-9.140000	-1.668232E-7
-9.134000	-6.170012E-9
-9.128000	-1.668232E-7
-9.122000	-2.810266E-7
-9.116000	-3.064051E-7
-9.109500	-4.459871E-7
-9.103500	-3.868481E-7
-9.097500	-3.360910E-7
-9.091500	-4.417961E-7
-9.085500	-3.107125E-7
-9.079500	-2.810266E-7
-9.073500	-2.218876E-7
-9.067500	-6.170012E-9
-9.061500	-9.068754E-8
-9.055500	-2.175802E-7
-9.049500	-9.068754E-8
-9.043500	-2.305023E-8
-9.037500	-2.726447E-7
-9.031500	-3.444729E-7
-9.025500	-2.175802E-7
-9.019500	-3.910391E-7
-9.013500	-4.121102E-7
-9.007500	-3.149034E-7
-9.001500	-3.698515E-7
-8.995500	-3.064051E-7
-8.989500	-2.302695E-7
-8.983500	-2.007000E-7
-8.977500	-1.626322E-7
-8.971500	-1.372537E-7
-8.965500	-1.330627E-7
-8.959500	3.608875E-8
-8.953500	-2.853340E-7
-8.947500	-1.965091E-7
-8.941500	-1.499429E-7
-8.935500	-1.499429E-7
-8.929500	-2.853340E-7
-8.923500	-3.910391E-7
-8.917500	-6.321352E-7
-8.911500	-4.247995E-7
-8.905500	-3.317837E-7
-8.899500	-3.317837E-7
-8.893500	-2.641464E-7
-8.887500	-1.584413E-7
-8.881500	-2.091983E-7
-8.875500	-9.499490E-8
-8.869500	-1.118751E-7
-8.863500	-5.261973E-8
-8.857500	-1.711305E-7
-8.851500	-2.133893E-7
-8.845500	-2.726447E-7
-8.839500	-3.444729E-7
-8.833500	-4.671747E-7
-8.827500	-2.260786E-7
-8.821500	-3.529713E-7
-8.815500	-3.022142E-7
-8.809500	-3.614696E-7
-8.803500	-2.007000E-7
-8.797500	-2.556480E-7
-8.791500	-1.626322E-7
-8.785500	-7.799827E-8
-8.779500	-1.203734E-7
-8.773500	-6.111804E-8
-8.767500	-2.599554E-7
-8.761500	-1.711305E-7
-8.755500	-2.726447E-7
-8.749500	-3.444729E-7
-8.743500	-3.741588E-7
-8.737500	-3.149034E-7
-8.731500	-3.402820E-7
-8.725500	-2.472661E-7
-8.719500	-2.387678E-7
-8.713500	-2.345769E-7
-8.707500	-2.133893E-7
-8.701500	-2.429588E-7
-8.695500	-2.175802E-7
-8.689500	-9.068754E-8
-8.683500	-1.753215E-7
-8.677500	-1.838198E-7
-8.671500	-2.387678E-7
-8.665500	-1.880107E-7
-8.659500	-2.895249E-7
-8.653500	-3.107125E-7
-8.647500	-3.360910E-7
-8.641500	-3.022142E-7
-8.635500	-4.332978E-7
-8.629500	-3.234018E-7
-8.623500	-1.795124E-7
-8.617500	-1.457520E-7
-8.611500	-2.260786E-7
-8.605500	-9.068754E-8
-8.599500	-6.961636E-8
-8.593500	-2.305023E-8
-8.587500	-8.649658E-8
-8.581500	-3.064051E-7
-8.575500	-2.091983E-7
-8.569500	-3.064051E-7
-8.563500	-3.360910E-7
-8.557500	-1.838198E-7
-8.551500	-4.247995E-7
-8.545500	-2.641464E-7
-8.539500	-2.345769E-7
-8.533500	-8.649658E-8
-8.527500	-2.472661E-7
-8.521500	-1.414446E-7
-8.515500	-3.993046E-8
-8.509500	-6.111804E-8
-8.503500	-1.885928E-8
-8.497500	-1.922017E-7
-8.491500	-2.302695E-7
-8.485500	-1.880107E-7
-8.479500	-2.175802E-7
-8.473500	-2.895249E-7
-8.467500	-4.713656E-7
-8.461500	-1.880107E-7
-8.455500	-4.121102E-7
-8.449500	-2.514571E-7
-8.443500	-2.133893E-7
-8.437500	-2.048910E-7
-8.431500	-2.175802E-7
-8.425500	-1.466833E-8
-8.419000	-8.230563E-8
-8.413000	1.038425E-7
-8.407000	-6.961636E-8
-8.401000	-4.423782E-8
-8.395000	-1.541339E-7
-8.389000	-2.048910E-7
-8.383000	-2.683373E-7
-8.377000	-2.895249E-7
-8.371000	-2.302695E-7
-8.365000	-2.853340E-7
-8.359000	-3.234018E-7
-8.353000	-2.302695E-7
-8.347000	-1.287553E-7
-8.341000	-1.711305E-7
-8.335000	-6.961636E-8
-8.329000	1.080334E-7
-8.323000	-6.530900E-8
-8.317000	-7.380731E-8
-8.311000	-7.799827E-8
-8.305000	-1.499429E-7
-8.299000	-1.838198E-7
-8.293000	-3.275927E-7
-8.287000	-2.429588E-7
-8.281000	-1.584413E-7
-8.275000	-2.345769E-7
-8.269000	-2.937159E-7
-8.263000	-1.753215E-7
-8.257000	-1.076842E-7
-8.251000	-2.305023E-8
-8.245000	-1.076842E-7
-8.239000	-5.261973E-8
-8.233000	1.419103E-7
-8.227000	-6.111804E-8
-8.221000	-6.111804E-8
-8.215000	-1.711305E-7
-8.209000	-3.154855E-8
-8.203000	-1.880107E-7
-8.197000	-2.556480E-7
-8.191000	-2.683373E-7
-8.185000	-2.980232E-7
-8.179000	-3.360910E-7
-8.173000	-2.218876E-7
-8.167000	2.770685E-8
-8.161000	-6.530900E-8
-8.155000	-9.068754E-8
-8.149000	6.519258E-9
-8.143000	-1.118751E-7
-8.137000	-1.118751E-7
-8.131000	2.328306E-9
-8.125000	-2.345769E-7
-8.119000	-1.118751E-7
-8.113000	-1.414446E-7
-8.107000	-2.472661E-7
-8.101000	-3.444729E-7
-8.095000	-3.064051E-7
-8.089000	-2.048910E-7
-8.083000	-9.068754E-8
-8.077000	-8.230563E-8
-8.071000	-6.170012E-9
-8.065000	-6.530900E-8
-8.059000	1.920853E-8
-8.053000	-1.466833E-8
-8.047000	3.189780E-8
-8.041000	1.799781E-7
-8.035000	-9.068754E-8
-8.029000	-6.111804E-8
-8.023000	-1.245644E-7
-8.017000	-3.783498E-7
-8.011000	-1.372537E-7
-8.005000	-2.007000E-7
-7.999000	-2.302695E-7
-7.993000	-1.203734E-7
-7.987000	-1.668232E-7
-7.981000	1.071021E-8
-7.975000	7.846393E-8
-7.969000	6.577466E-8
-7.963000	5.308539E-8
-7.957000	1.038425E-7
-7.951000	1.249136E-7
-7.945000	-9.068754E-8
-7.939000	-6.170012E-9
-7.933000	-6.961636E-8
-7.927000	-1.330627E-7
-7.921000	-9.499490E-8
-7.915000	6.519258E-9
-7.909000	-1.033768E-7
-7.903000	-2.305023E-8
-7.897000	6.577466E-8
-7.891000	-1.466833E-8
-7.885000	1.080334E-7
-7.879000	1.376029E-7
-7.873000	2.053566E-7
-7.867000	2.306188E-7
-7.861000	1.122244E-7
-7.855000	4.039612E-8
-7.849000	2.137385E-7
-7.843000	4.877802E-8
-7.837000	-6.961636E-8
-7.831000	-6.530900E-8
-7.825000	-2.735760E-8
-7.819000	-1.466833E-8
-7.813000	3.189780E-8
-7.807000	1.207227E-7
-7.801000	-4.842877E-8
-7.795000	2.222368E-7
-7.789000	1.883600E-7
-7.783000	3.955793E-7
-7.777000	2.391171E-7
-7.771000	2.518063E-7
-7.765000	1.756707E-7
-7.759000	1.545995E-7
-7.752500	2.053566E-7
-7.746500	-7.380731E-8
-7.740500	2.339948E-8
-7.734500	1.756707E-7
-7.728500	9.115320E-8
-7.722500	6.996561E-8
-7.716500	1.461012E-7
-7.710500	2.349261E-7
-7.704500	2.306188E-7
-7.698500	3.237510E-7
-7.692500	3.152527E-7
-7.686500	5.055917E-7
-7.680500	3.660098E-7
-7.674500	2.898742E-7
-7.668500	2.644956E-7
-7.662500	1.799781E-7
-7.656500	1.756707E-7
-7.650500	6.577466E-8
-7.644500	1.799781E-7
-7.638500	3.321329E-7
-7.632500	2.559973E-7
-7.626500	3.364403E-7
-7.620500	3.828900E-7
-7.614500	4.590256E-7
-7.608500	4.505273E-7
-7.602500	5.520415E-7
-7.596500	3.998866E-7
-7.590500	4.336471E-7
-7.584500	3.660098E-7
-7.578500	1.249136E-7
-7.572500	4.505273E-7
-7.566500	3.913883E-7
-7.560500	4.632166E-7
-7.554500	1.926674E-7
-7.548500	3.660098E-7
-7.542500	3.152527E-7
-7.536500	4.632166E-7
-7.530500	4.632166E-7
-7.524500	4.421454E-7
-7.518500	5.901093E-7
-7.512500	5.351612E-7
-7.506500	6.450573E-7
-7.500500	6.408663E-7
-7.494500	5.647307E-7
-7.488500	7.762574E-7
-7.482500	6.620539E-7
-7.476500	5.393522E-7
-7.470500	4.082685E-7
-7.464500	4.970934E-7
-7.458500	5.901093E-7
-7.452500	4.463363E-7
-7.446500	6.112969E-7
-7.440500	6.112969E-7
-7.434500	7.170020E-7
-7.428500	8.015195E-7
-7.422500	1.017237E-6
-7.416500	9.115320E-7
-7.410500	9.242212E-7
-7.404500	8.734642E-7
-7.398500	8.015195E-7
-7.392500	7.592607E-7
-7.386500	7.508788E-7
-7.380500	8.227071E-7
-7.374500	9.537907E-7
-7.368500	8.734642E-7
-7.362500	8.227071E-7
-7.356500	9.369105E-7
-7.350500	9.495998E-7
-7.344500	8.100178E-7
-7.338500	1.067994E-6
-7.332500	1.161010E-6
-7.326500	1.194887E-6
-7.320500	1.262524E-6
-7.314500	1.220265E-6
-7.308500	1.076492E-6
-7.302500	1.152628E-6
-7.296500	1.152628E-6
-7.290500	1.063803E-6
-7.284500	1.029926E-6
-7.278500	1.059496E-6
-7.272500	1.173699E-6
-7.266500	1.245644E-6
-7.260500	1.287903E-6
-7.254500	1.397799E-6
-7.248500	1.499313E-6
-7.242500	1.520501E-6
-7.236500	1.588138E-6
-7.230500	1.609325E-6
-7.224500	1.685461E-6
-7.218500	1.676963E-6
-7.212500	1.579640E-6
-7.206500	1.579640E-6
-7.200500	1.431676E-6
-7.194500	1.558568E-6
-7.188500	1.634704E-6
-7.182500	1.605018E-6
-7.176500	1.634704E-6
-7.170500	1.947628E-6
-7.164500	1.748907E-6
-7.158500	1.854612E-6
-7.152500	2.036453E-6
-7.146500	2.222485E-6
-7.140500	2.125278E-6
-7.134500	2.184417E-6
-7.128000	2.057524E-6
-7.122000	2.137851E-6
-7.116000	2.201297E-6
-7.110000	2.011075E-6
-7.104000	2.053333E-6
-7.098000	2.163230E-6
-7.092000	2.336688E-6
-7.086000	2.290122E-6
-7.080000	2.319808E-6
-7.074000	2.463581E-6
-7.068000	2.548099E-6
-7.062000	2.535409E-6
-7.056000	2.713059E-6
-7.050000	2.620043E-6
-7.044000	2.607354E-6
-7.038000	2.818764E-6
-7.032000	2.772198E-6
-7.026000	2.827263E-6
-7.020000	2.932968E-6
-7.014000	2.856832E-6
-7.008000	2.844143E-6
-7.002000	3.072550E-6
-6.996000	2.966728E-6
-6.990000	3.102119E-6
-6.984000	3.169756E-6
-6.978000	3.267080E-6
-6.972000	3.393856E-6
-6.966000	3.516558E-6
-6.960000	3.588386E-6
-6.954000	3.799913E-6
-6.948000	3.601075E-6
-6.942000	3.668829E-6
-6.936000	3.596884E-6
-6.930000	3.668829E-6
-6.924000	3.727968E-6
-6.918000	3.651832E-6
-6.912000	3.723777E-6
-6.906000	3.990135E-6
-6.900000	4.040892E-6
-6.894000	4.188973E-6
-6.888000	4.239730E-6
-6.882000	4.303060E-6
-6.876000	4.442642E-6
-6.870000	4.476518E-6
-6.864000	4.649861E-6
-6.858000	4.747184E-6
-6.852000	4.802132E-6
-6.846000	4.679430E-6
-6.840000	4.764064E-6
-6.834000	4.725996E-6
-6.828000	5.038921E-6
-6.822000	4.941714E-6
-6.816000	5.119247E-6
-6.810000	5.305395E-6
-6.804000	5.237642E-6
-6.798000	5.364534E-6
-6.792000	5.504116E-6
-6.786000	5.669077E-6
-6.780000	5.855109E-6
-6.774000	5.935435E-6
-6.768000	5.965121E-6
-6.762000	6.104587E-6
-6.756000	6.206101E-6
-6.750000	6.184913E-6
-6.744000	6.206101E-6
-6.738000	6.294926E-6
-6.732000	6.544404E-6
-6.726000	6.485265E-6
-6.720000	6.768503E-6
-6.714000	6.874325E-6
-6.708000	6.980030E-6
-6.702000	7.106923E-6
-6.696000	7.233699E-6
-6.690000	7.555122E-6
-6.684000	7.588998E-6
-6.678000	7.783528E-6
-6.672000	7.749652E-6
-6.666000	7.741153E-6
-6.660000	7.927301E-6
-6.654000	7.982249E-6
-6.648000	8.079573E-6
-6.642000	8.303672E-6
-6.636000	8.197967E-6
-6.630000	8.312054E-6
-6.624000	8.667354E-6
-6.618000	8.806936E-6
-6.612000	8.929521E-6
-6.606000	9.183306E-6
-6.600000	9.382027E-6
-6.594000	9.538489E-6
-6.588000	9.563868E-6
-6.582000	9.728828E-6
-6.576000	9.902171E-6
-6.570000	9.864103E-6
-6.564000	1.007551E-5
-6.558000	1.015165E-5
-6.552000	1.046038E-5
-6.546000	1.047726E-5
-6.540000	1.062953E-5
-6.534000	1.083256E-5
-6.528000	1.104816E-5
-6.522000	1.111161E-5
-6.516000	1.145422E-5
-6.510000	1.169101E-5
-6.503500	1.186016E-5
-6.497500	1.207157E-5
-6.491500	1.223653E-5
-6.485500	1.240568E-5
-6.479500	1.239299E-5
-6.473500	1.263409E-5
-6.467500	1.273549E-5
-6.461500	1.294271E-5
-6.455500	1.314573E-5
-6.449500	1.327682E-5
-6.443500	1.355167E-5
-6.437500	1.372513E-5
-6.431500	1.408451E-5
-6.425500	1.442712E-5
-6.419500	1.460046E-5
-6.413500	1.479080E-5
-6.407500	1.498114E-5
-6.401500	1.519255E-5
-6.395500	1.540827E-5
-6.389500	1.566194E-5
-6.383500	1.571269E-5
-6.377500	1.583109E-5
-6.371500	1.598755E-5
-6.365500	1.639349E-5
-6.359500	1.653307E-5
-6.353500	1.679955E-5
-6.347500	1.701945E-5
-6.341500	1.731550E-5
-6.335500	1.772994E-5
-6.329500	1.792016E-5
-6.323500	1.821620E-5
-6.317500	1.842761E-5
-6.311500	1.871097E-5
-6.305500	1.907046E-5
-6.299500	1.910422E-5
-6.293500	1.935381E-5
-6.287500	1.962448E-5
-6.281500	1.992041E-5
-6.275500	2.007268E-5
-6.269500	2.029259E-5
-6.263500	2.073240E-5
-6.257500	2.102845E-5
-6.251500	2.133287E-5
-6.245500	2.158247E-5
-6.239500	2.198410E-5
-6.233500	2.225477E-5
-6.227500	2.261007E-5
-6.221500	2.295675E-5
-6.215500	2.323592E-5
-6.209500	2.341776E-5
-6.203500	2.361648E-5
-6.197500	2.402673E-5
-6.191500	2.437353E-5
-6.185500	2.455956E-5
-6.179500	2.474990E-5
-6.173500	2.517703E-5
-6.167500	2.553221E-5
-6.161500	2.596353E-5
-6.155500	2.620462E-5
-6.149500	2.679660E-5
-6.143500	2.705888E-5
-6.137500	2.736330E-5
-6.131500	2.790045E-5
-6.125500	2.820068E-5
-6.119500	2.848404E-5
-6.113500	2.899149E-5
-6.107500	2.912676E-5
-6.101500	2.937624E-5
-6.095500	2.983306E-5
-6.089500	3.015436E-5
-6.083500	3.047579E-5
-6.077500	3.096217E-5
-6.071500	3.141037E-5
-6.065500	3.190094E-5
-6.059500	3.238302E-5
-6.053500	3.277208E-5
-6.047500	3.322877E-5
-6.041500	3.368128E-5
-6.035500	3.405765E-5
-6.029500	3.445102E-5
-6.023500	3.481470E-5
-6.017500	3.525021E-5
-6.011500	3.553357E-5
-6.005500	3.598188E-5
-5.999500	3.636244E-5
-5.993500	3.677688E-5
-5.987500	3.732240E-5
-5.981500	3.785524E-5
-5.975500	3.826548E-5
-5.969500	3.876863E-5
-5.963500	3.939029E-5
-5.957500	3.984710E-5
-5.951500	4.038413E-5
-5.945500	4.089577E-5
-5.939500	4.137796E-5
-5.933500	4.186423E-5
-5.927500	4.228286E-5
-5.921500	4.279031E-5
-5.915500	4.313712E-5
-5.909500	4.365307E-5
-5.903500	4.424516E-5
-5.897500	4.473992E-5
-5.891500	4.528125E-5
-5.885500	4.579290E-5
-5.879000	4.654145E-5
-5.873000	4.701503E-5
-5.867000	4.764937E-5
-5.861000	4.828791E-5
-5.855000	4.885462E-5
-5.849000	4.941283E-5
-5.843000	4.995835E-5
-5.837000	5.050388E-5
-5.831000	5.103252E-5
-5.825000	5.148072E-5
-5.819000	5.216163E-5
-5.813000	5.274941E-5
-5.807000	5.319342E-5
-5.801000	5.385745E-5
-5.795000	5.453406E-5
-5.789000	5.536294E-5
-5.783000	5.582382E-5
-5.777000	5.666958E-5
-5.771000	5.735899E-5
-5.765000	5.800172E-5
-5.759000	5.880941E-5
-5.753000	5.936762E-5
-5.747000	5.998090E-5
-5.741000	6.043341E-5
-5.735000	6.122421E-5
-5.729000	6.184587E-5
-5.723000	6.243365E-5
-5.717000	6.308069E-5
-5.711000	6.390957E-5
-5.705000	6.463262E-5
-5.699000	6.528397E-5
-5.693000	6.616348E-5
-5.687000	6.692891E-5
-5.681000	6.766897E-5
-5.675000	6.841333E-5
-5.669000	6.923371E-5
-5.663000	6.996957E-5
-5.657000	7.073069E-5
-5.651000	7.152581E-5
-5.645000	7.218972E-5
-5.639000	7.270987E-5
-5.633000	7.364026E-5
-5.627000	7.450720E-5
-5.621000	7.517950E-5
-5.615000	7.605075E-5
-5.609000	7.691758E-5
-5.603000	7.778883E-5
-5.597000	7.868535E-5
-5.591000	7.957336E-5
-5.585000	8.051645E-5
-5.579000	8.131994E-5
-5.573000	8.230947E-5
-5.567000	8.304534E-5
-5.561000	8.380227E-5
-5.555000	8.467771E-5
-5.549000	8.537539E-5
-5.543000	8.633966E-5
-5.537000	8.728262E-5
-5.531000	8.818344E-5
-5.525000	8.897006E-5
-5.519000	8.998066E-5
-5.513000	9.084342E-5
-5.507000	9.196403E-5
-5.501000	9.298744E-5
-5.495000	9.393902E-5
-5.489000	9.474251E-5
-5.483000	9.580387E-5
-5.477000	9.691610E-5
-5.471000	9.788026E-5
-5.465000	9.875570E-5
-5.459000	9.973685E-5
-5.453000	0.000101
-5.447000	0.000102
-5.441000	0.000103
-5.435000	0.000104
-5.429000	0.000105
-5.423000	0.000106
-5.417000	0.000107
-5.411000	0.000108
-5.405000	0.000109
-5.399000	0.000110
-5.393000	0.000111
-5.387000	0.000112
-5.381000	0.000113
-5.375000	0.000114
-5.369000	0.000116
-5.363000	0.000116
-5.357000	0.000118
-5.351000	0.000119
-5.345000	0.000120
-5.339000	0.000121
-5.333000	0.000122
-5.327000	0.000123
-5.321000	0.000125
-5.315000	0.000126
-5.309000	0.000127
-5.303000	0.000128
-5.297000	0.000129
-5.291000	0.000131
-5.285000	0.000132
-5.279000	0.000133
-5.273000	0.000134
-5.267000	0.000135
-5.261000	0.000136
-5.254500	0.000138
-5.248500	0.000139
-5.242500	0.000140
-5.236500	0.000141
-5.230500	0.000143
-5.224500	0.000144
-5.218500	0.000145
-5.212500	0.000146
-5.206500	0.000148
-5.200500	0.000149
-5.194500	0.000150
-5.188500	0.000151
-5.182500	0.000153
-5.176500	0.000154
-5.170500	0.000155
-5.164500	0.000156
-5.158500	0.000157
-5.152500	0.000159
-5.146500	0.000160
-5.140500	0.000161
-5.134500	0.000163
-5.128500	0.000164
-5.122500	0.000165
-5.116500	0.000167
-5.110500	0.000168
-5.104500	0.000169
-5.098500	0.000170
-5.092500	0.000172
-5.086500	0.000173
-5.080500	0.000174
-5.074500	0.000175
-5.068500	0.000177
-5.062500	0.000178
-5.056500	0.000179
-5.050500	0.000181
-5.044500	0.000182
-5.038500	0.000183
-5.032500	0.000185
-5.026500	0.000186
-5.020500	0.000187
-5.014500	0.000188
-5.008500	0.000189
-5.002500	0.000191
-4.996500	0.000192
-4.990500	0.000193
-4.984500	0.000194
-4.978500	0.000195
-4.972500	0.000197
-4.966500	0.000198
-4.960500	0.000199
-4.954500	0.000200
-4.948500	0.000201
-4.942500	0.000203
-4.936500	0.000204
-4.930500	0.000205
-4.924500	0.000206
-4.918500	0.000207
-4.912500	0.000208
-4.906500	0.000209
-4.900500	0.000210
-4.894500	0.000211
-4.888500	0.000212
-4.882500	0.000213
-4.876500	0.000214
-4.870500	0.000215
-4.864500	0.000216
-4.858500	0.000217
-4.852500	0.000218
-4.846500	0.000219
-4.840500	0.000220
-4.834500	0.000221
-4.828500	0.000222
-4.822500	0.000223
-4.816500	0.000223
-4.810500	0.000224
-4.804500	0.000225
-4.798500	0.000226
-4.792500	0.000226
-4.786500	0.000227
-4.780500	0.000228
-4.774500	0.000229
-4.768500	0.000229
-4.762500	0.000230
-4.756500	0.000231
-4.750500	0.000231
-4.744500	0.000232
-4.738500	0.000232
-4.732500	0.000233
-4.726500	0.000234
-4.720500	0.000234
-4.714500	0.000235
-4.708500	0.000235
-4.702500	0.000236
-4.696500	0.000236
-4.690500	0.000237
-4.684500	0.000237
-4.678500	0.000238
-4.672500	0.000238
-4.666500	0.000239
-4.660500	0.000239
-4.654500	0.000240
-4.648500	0.000240
-4.642500	0.000241
-4.636500	0.000241
-4.630000	0.000241
-4.624000	0.000242
-4.618000	0.000242
-4.612000	0.000243
-4.606000	0.000243
-4.600000	0.000243
-4.594000	0.000244
-4.588000	0.000244
-4.582000	0.000245
-4.576000	0.000245
-4.570000	0.000246
-4.564000	0.000246
-4.558000	0.000246
-4.552000	0.000247
-4.546000	0.000247
-4.540000	0.000247
-4.534000	0.000248
-4.528000	0.000248
-4.522000	0.000248
-4.516000	0.000249
-4.510000	0.000249
-4.504000	0.000249
-4.498000	0.000250
-4.492000	0.000250
-4.486000	0.000250
-4.480000	0.000251
-4.474000	0.000251
-4.468000	0.000252
-4.462000	0.000252
-4.456000	0.000252
-4.450000	0.000252
-4.444000	0.000253
-4.438000	0.000253
-4.432000	0.000253
-4.426000	0.000254
-4.420000	0.000254
-4.414000	0.000254
-4.408000	0.000255
-4.402000	0.000255
-4.396000	0.000255
-4.390000	0.000256
-4.384000	0.000256
-4.378000	0.000256
-4.372000	0.000257
-4.366000	0.000257
-4.360000	0.000257
-4.354000	0.000257
-4.348000	0.000258
-4.342000	0.000258
-4.336000	0.000258
-4.330000	0.000258
-4.324000	0.000259
-4.318000	0.000259
-4.312000	0.000259
-4.306000	0.000260
-4.300000	0.000260
-4.294000	0.000260
-4.288000	0.000261
-4.282000	0.000261
-4.276000	0.000261
-4.270000	0.000261
-4.264000	0.000262
-4.258000	0.000262
-4.252000	0.000262
-4.246000	0.000262
-4.240000	0.000263
-4.234000	0.000263
-4.228000	0.000263
-4.222000	0.000263
-4.216000	0.000264
-4.210000	0.000264
-4.204000	0.000264
-4.198000	0.000265
-4.192000	0.000265
-4.186000	0.000265
-4.180000	0.000266
-4.174000	0.000266
-4.168000	0.000266
-4.162000	0.000266
-4.156000	0.000266
-4.150000	0.000267
-4.144000	0.000267
-4.138000	0.000267
-4.132000	0.000267
-4.126000	0.000268
-4.120000	0.000268
-4.114000	0.000268
-4.108000	0.000268
-4.102000	0.000269
-4.096000	0.000269
-4.090000	0.000269
-4.084000	0.000269
-4.078000	0.000270
-4.072000	0.000270
-4.066000	0.000270
-4.060000	0.000270
-4.054000	0.000270
-4.048000	0.000271
-4.042000	0.000271
-4.036000	0.000271
-4.030000	0.000271
-4.024000	0.000272
-4.018000	0.000272
-4.012000	0.000272
-4.005500	0.000273
-3.999500	0.000273
-3.993500	0.000273
-3.987500	0.000273
-3.981500	0.000273
-3.975500	0.000273
-3.969500	0.000274
-3.963500	0.000274
-3.957500	0.000274
-3.951500	0.000274
-3.945500	0.000274
-3.939500	0.000275
-3.933500	0.000275
-3.927500	0.000275
-3.921500	0.000275
-3.915500	0.000276
-3.909500	0.000276
-3.903500	0.000276
-3.897500	0.000276
-3.891500	0.000276
-3.885500	0.000277
-3.879500	0.000277
-3.873500	0.000277
-3.867500	0.000277
-3.861500	0.000277
-3.855500	0.000278
-3.849500	0.000278
-3.843500	0.000278
-3.837500	0.000278
-3.831500	0.000279
-3.825500	0.000279
-3.819500	0.000279
-3.813500	0.000279
-3.807500	0.000279
-3.801500	0.000280
-3.795500	0.000280
-3.789500	0.000280
-3.783500	0.000280
-3.777500	0.000280
-3.771500	0.000280
-3.765500	0.000280
-3.759500	0.000281
-3.753500	0.000281
-3.747500	0.000281
-3.741500	0.000281
-3.735500	0.000282
-3.729500	0.000282
-3.723500	0.000282
-3.717500	0.000282
-3.711500	0.000282
-3.705500	0.000282
-3.699500	0.000283
-3.693500	0.000283
-3.687500	0.000283
-3.681500	0.000283
-3.675500	0.000283
-3.669500	0.000283
-3.663500	0.000284
-3.657500	0.000284
-3.651500	0.000284
-3.645500	0.000284
-3.639500	0.000285
-3.633500	0.000285
-3.627500	0.000285
-3.621500	0.000285
-3.615500	0.000285
-3.609500	0.000285
-3.603500	0.000285
-3.597500	0.000285
-3.591500	0.000286
-3.585500	0.000286
-3.579500	0.000286
-3.573500	0.000286
-3.567500	0.000286
-3.561500	0.000287
-3.555500	0.000287
-3.549500	0.000287
-3.543500	0.000287
-3.537500	0.000287
-3.531500	0.000288
-3.525500	0.000288
-3.519500	0.000288
-3.513500	0.000288
-3.507500	0.000288
-3.501500	0.000288
-3.495500	0.000288
-3.489500	0.000288
-3.483500	0.000289
-3.477500	0.000289
-3.471500	0.000289
-3.465500	0.000289
-3.459500	0.000289
-3.453500	0.000290
-3.447500	0.000290
-3.441500	0.000290
-3.435500	0.000290
-3.429500	0.000290
-3.423500	0.000290
-3.417500	0.000290
-3.411500	0.000290
-3.405500	0.000291
-3.399500	0.000291
-3.393500	0.000291
-3.387500	0.000291
-3.381000	0.000291
-3.375000	0.000291
-3.369000	0.000292
-3.363000	0.000292
-3.357000	0.000292
-3.351000	0.000292
-3.345000	0.000292
-3.339000	0.000292
-3.333000	0.000292
-3.327000	0.000293
-3.321000	0.000293
-3.315000	0.000293
-3.309000	0.000293
-3.303000	0.000293
-3.297000	0.000293
-3.291000	0.000293
-3.285000	0.000294
-3.279000	0.000294
-3.273000	0.000294
-3.267000	0.000294
-3.261000	0.000294
-3.255000	0.000294
-3.249000	0.000295
-3.243000	0.000295
-3.237000	0.000295
-3.231000	0.000295
-3.225000	0.000295
-3.219000	0.000295
-3.213000	0.000295
-3.207000	0.000295
-3.201000	0.000295
-3.195000	0.000296
-3.189000	0.000296
-3.183000	0.000296
-3.177000	0.000296
-3.171000	0.000296
-3.165000	0.000297
-3.159000	0.000297
-3.153000	0.000297
-3.147000	0.000297
-3.141000	0.000297
-3.135000	0.000297
-3.129000	0.000297
-3.123000	0.000297
-3.117000	0.000297
-3.111000	0.000297
-3.105000	0.000298
-3.099000	0.000298
-3.093000	0.000298
-3.087000	0.000298
-3.081000	0.000298
-3.075000	0.000298
-3.069000	0.000298
-3.063000	0.000299
-3.057000	0.000299
-3.051000	0.000299
-3.045000	0.000299
-3.039000	0.000299
-3.033000	0.000299
-3.027000	0.000299
-3.021000	0.000299
-3.015000	0.000299
-3.009000	0.000300
-3.003000	0.000300
-2.997000	0.000300
-2.991000	0.000300
-2.985000	0.000300
-2.979000	0.000300
-2.973000	0.000300
-2.967000	0.000301
-2.961000	0.000301
-2.955000	0.000301
-2.949000	0.000301
-2.943000	0.000301
-2.937000	0.000301
-2.931000	0.000301
-2.925000	0.000301
-2.919000	0.000301
-2.913000	0.000301
-2.907000	0.000302
-2.901000	0.000302
-2.895000	0.000302
-2.889000	0.000302
-2.883000	0.000302
-2.877000	0.000302
-2.871000	0.000302
-2.865000	0.000302
-2.859000	0.000302
-2.853000	0.000302
-2.847000	0.000303
-2.841000	0.000303
-2.835000	0.000303
-2.829000	0.000303
-2.823000	0.000303
-2.817000	0.000303
-2.811000	0.000303
-2.805000	0.000304
-2.799000	0.000304
-2.793000	0.000304
-2.787000	0.000304
-2.781000	0.000304
-2.775000	0.000304
-2.769000	0.000304
-2.763000	0.000304
-2.756500	0.000304
-2.750500	0.000304
-2.744500	0.000304
-2.738500	0.000304
-2.732500	0.000305
-2.726500	0.000305
-2.720500	0.000305
-2.714500	0.000305
-2.708500	0.000305
-2.702500	0.000305
-2.696500	0.000305
-2.690500	0.000306
-2.684500	0.000306
-2.678500	0.000306
-2.672500	0.000306
-2.666500	0.000306
-2.660500	0.000306
-2.654500	0.000306
-2.648500	0.000306
-2.642500	0.000306
-2.636500	0.000306
-2.630500	0.000306
-2.624500	0.000307
-2.618500	0.000307
-2.612500	0.000307
-2.606500	0.000307
-2.600500	0.000307
-2.594500	0.000307
-2.588500	0.000307
-2.582500	0.000307
-2.576500	0.000307
-2.570500	0.000307
-2.564500	0.000307
-2.558500	0.000307
-2.552500	0.000308
-2.546500	0.000308
-2.540500	0.000308
-2.534500	0.000308
-2.528500	0.000308
-2.522500	0.000308
-2.516500	0.000308
-2.510500	0.000308
-2.504500	0.000309
-2.498500	0.000309
-2.492500	0.000309
-2.486500	0.000309
-2.480500	0.000309
-2.474500	0.000309
-2.468500	0.000309
-2.462500	0.000309
-2.456500	0.000309
-2.450500	0.000309
-2.444500	0.000309
-2.438500	0.000309
-2.432500	0.000310
-2.426500	0.000310
-2.420500	0.000310
-2.414500	0.000310
-2.408500	0.000310
-2.402500	0.000310
-2.396500	0.000310
-2.390500	0.000310
-2.384500	0.000310
-2.378500	0.000310
-2.372500	0.000310
-2.366500	0.000310
-2.360500	0.000310
-2.354500	0.000311
-2.348500	0.000311
-2.342500	0.000311
-2.336500	0.000311
-2.330500	0.000311
-2.324500	0.000311
-2.318500	0.000311
-2.312500	0.000311
-2.306500	0.000311
-2.300500	0.000311
-2.294500	0.000311
-2.288500	0.000311
-2.282500	0.000311
-2.276500	0.000312
-2.270500	0.000312
-2.264500	0.000312
-2.258500	0.000312
-2.252500	0.000312
-2.246500	0.000312
-2.240500	0.000312
-2.234500	0.000312
-2.228500	0.000312
-2.222500	0.000312
-2.216500	0.000312
-2.210500	0.000313
-2.204500	0.000313
-2.198500	0.000313
-2.192500	0.000313
-2.186500	0.000313
-2.180500	0.000313
-2.174500	0.000313
-2.168500	0.000313
-2.162500	0.000313
-2.156500	0.000313
-2.150500	0.000313
-2.144500	0.000314
-2.138500	0.000314
-2.132000	0.000314
-2.126000	0.000314
-2.120000	0.000314
-2.114000	0.000314
-2.108000	0.000314
-2.102000	0.000314
-2.096000	0.000314
-2.090000	0.000314
-2.084000	0.000314
-2.078000	0.000314
-2.072000	0.000314
-2.066000	0.000314
-2.060000	0.000315
-2.054000	0.000315
-2.048000	0.000315
-2.042000	0.000315
-2.036000	0.000315
-2.030000	0.000315
-2.024000	0.000315
-2.018000	0.000315
-2.012000	0.000315
-2.006000	0.000315
-2.000000	0.000315
-1.994000	0.000315
-1.988000	0.000315
-1.982000	0.000315
-1.976000	0.000316
-1.970000	0.000316
-1.964000	0.000316
-1.958000	0.000316
-1.952000	0.000316
-1.946000	0.000316
-1.940000	0.000316
-1.934000	0.000316
-1.928000	0.000316
-1.922000	0.000316
-1.916000	0.000316
-1.910000	0.000316
-1.904000	0.000316
-1.898000	0.000316
-1.892000	0.000316
-1.886000	0.000316
-1.880000	0.000317
-1.874000	0.000317
-1.868000	0.000317
-1.862000	0.000317
-1.856000	0.000317
-1.850000	0.000317
-1.844000	0.000317
-1.838000	0.000317
-1.832000	0.000317
-1.826000	0.000317
-1.820000	0.000317
-1.814000	0.000317
-1.808000	0.000317
-1.802000	0.000317
-1.796000	0.000317
-1.790000	0.000318
-1.784000	0.000318
-1.778000	0.000318
-1.772000	0.000318
-1.766000	0.000318
-1.760000	0.000318
-1.754000	0.000318
-1.748000	0.000318
-1.742000	0.000318
-1.736000	0.000318
-1.730000	0.000318
-1.724000	0.000318
-1.718000	0.000318
-1.712000	0.000318
-1.706000	0.000318
-1.700000	0.000318
-1.694000	0.000319
-1.688000	0.000319
-1.682000	0.000319
-1.676000	0.000319
-1.670000	0.000319
-1.664000	0.000319
-1.658000	0.000319
-1.652000	0.000319
-1.646000	0.000319
-1.640000	0.000319
-1.634000	0.000319
-1.628000	0.000319
-1.622000	0.000319
-1.616000	0.000319
-1.610000	0.000319
-1.604000	0.000319
-1.598000	0.000320
-1.592000	0.000320
-1.586000	0.000320
-1.580000	0.000320
-1.574000	0.000320
-1.568000	0.000320
-1.562000	0.000320
-1.556000	0.000320
-1.550000	0.000320
-1.544000	0.000320
-1.538000	0.000320
-1.532000	0.000320
-1.526000	0.000320
-1.520000	0.000320
-1.514000	0.000320
-1.507500	0.000321
-1.501500	0.000321
-1.495500	0.000321
-1.489500	0.000321
-1.483500	0.000321
-1.477500	0.000321
-1.471500	0.000321
-1.465500	0.000321
-1.459500	0.000321
-1.453500	0.000321
-1.447500	0.000321
-1.441500	0.000321
-1.435500	0.000321
-1.429500	0.000321
-1.423500	0.000321
-1.417500	0.000321
-1.411500	0.000321
-1.405500	0.000321
-1.399500	0.000322
-1.393500	0.000322
-1.387500	0.000322
-1.381500	0.000322
-1.375500	0.000322
-1.369500	0.000322
-1.363500	0.000322
-1.357500	0.000322
-1.351500	0.000322
-1.345500	0.000322
-1.339500	0.000322
-1.333500	0.000322
-1.327500	0.000322
-1.321500	0.000322
-1.315500	0.000322
-1.309500	0.000322
-1.303500	0.000322
-1.297500	0.000322
-1.291500	0.000322
-1.285500	0.000322
-1.279500	0.000322
-1.273500	0.000322
-1.267500	0.000323
-1.261500	0.000322
-1.255500	0.000323
-1.249500	0.000323
-1.243500	0.000323
-1.237500	0.000323
-1.231500	0.000323
-1.225500	0.000323
-1.219500	0.000323
-1.213500	0.000323
-1.207500	0.000323
-1.201500	0.000323
-1.195500	0.000323
-1.189500	0.000323
-1.183500	0.000323
-1.177500	0.000323
-1.171500	0.000323
-1.165500	0.000323
-1.159500	0.000323
-1.153500	0.000323
-1.147500	0.000324
-1.141500	0.000324
-1.135500	0.000324
-1.129500	0.000324
-1.123500	0.000324
-1.117500	0.000324
-1.111500	0.000324
-1.105500	0.000324
-1.099500	0.000324
-1.093500	0.000324
-1.087500	0.000324
-1.081500	0.000324
-1.075500	0.000324
-1.069500	0.000324
-1.063500	0.000324
-1.057500	0.000324
-1.051500	0.000324
-1.045500	0.000324
-1.039500	0.000325
-1.033500	0.000325
-1.027500	0.000325
-1.021500	0.000325
-1.015500	0.000325
-1.009500	0.000325
-1.003500	0.000325
-0.997500	0.000325
-0.991500	0.000325
-0.985500	0.000325
-0.979500	0.000325
-0.973500	0.000325
-0.967500	0.000325
-0.961500	0.000325
-0.955500	0.000325
-0.949500	0.000325
-0.943500	0.000325
-0.937500	0.000325
-0.931500	0.000325
-0.925500	0.000325
-0.919500	0.000325
-0.913500	0.000325
-0.907500	0.000325
-0.901500	0.000325
-0.895500	0.000325
-0.889500	0.000325
-0.883000	0.000326
-0.877000	0.000326
-0.871000	0.000326
-0.865000	0.000326
-0.859000	0.000326
-0.853000	0.000326
-0.847000	0.000326
-0.841000	0.000326
-0.835000	0.000326
-0.829000	0.000326
-0.823000	0.000326
-0.817000	0.000326
-0.811000	0.000326
-0.805000	0.000326
-0.799000	0.000326
-0.793000	0.000326
-0.787000	0.000326
-0.781000	0.000326
-0.775000	0.000326
-0.769000	0.000327
-0.763000	0.000327
-0.757000	0.000327
-0.751000	0.000327
-0.745000	0.000327
-0.739000	0.000327
-0.733000	0.000327
-0.727000	0.000327
-0.721000	0.000327
-0.715000	0.000327
-0.709000	0.000327
-0.703000	0.000327
-0.697000	0.000327
-0.691000	0.000327
-0.685000	0.000327
-0.679000	0.000327
-0.673000	0.000327
-0.667000	0.000327
-0.661000	0.000327
-0.655000	0.000327
-0.649000	0.000327
-0.643000	0.000327
-0.637000	0.000327
-0.631000	0.000327
-0.625000	0.000327
-0.619000	0.000327
-0.613000	0.000327
-0.607000	0.000327
-0.601000	0.000327
-0.595000	0.000328
-0.589000	0.000328
-0.583000	0.000328
-0.577000	0.000328
-0.571000	0.000328
-0.565000	0.000328
-0.559000	0.000328
-0.553000	0.000328
-0.547000	0.000328
-0.541000	0.000328
-0.535000	0.000328
-0.529000	0.000328
-0.523000	0.000328
-0.517000	0.000328
-0.511000	0.000328
-0.505000	0.000328
-0.499000	0.000328
-0.493000	0.000328
-0.487000	0.000328
-0.481000	0.000328
-0.475000	0.000328
-0.469000	0.000328
-0.463000	0.000328
-0.457000	0.000329
-0.451000	0.000328
-0.445000	0.000328
-0.439000	0.000328
-0.433000	0.000328
-0.427000	0.000328
-0.421000	0.000329
-0.415000	0.000329
-0.409000	0.000329
-0.403000	0.000329
-0.397000	0.000329
-0.391000	0.000329
-0.385000	0.000329
-0.379000	0.000329
-0.373000	0.000329
-0.367000	0.000329
-0.361000	0.000329
-0.355000	0.000329
-0.349000	0.000329
-0.343000	0.000329
-0.337000	0.000329
-0.331000	0.000329
-0.325000	0.000329
-0.319000	0.000329
-0.313000	0.000329
-0.307000	0.000329
-0.301000	0.000329
-0.295000	0.000329
-0.289000	0.000330
-0.283000	0.000330
-0.277000	0.000330
-0.271000	0.000330
-0.265000	0.000330
-0.258500	0.000330
-0.252500	0.000330
-0.246500	0.000330
-0.240500	0.000330
-0.234500	0.000330
-0.228500	0.000330
-0.222500	0.000330
-0.216500	0.000330
-0.210500	0.000330
-0.204500	0.000330
-0.198500	0.000330
-0.192500	0.000330
-0.186500	0.000330
-0.180500	0.000330
-0.174500	0.000330
-0.168500	0.000330
-0.162500	0.000330
-0.156500	0.000330
-0.150500	0.000330
-0.144500	0.000330
-0.138500	0.000330
-0.132500	0.000330
-0.126500	0.000330
-0.120500	0.000330
-0.114500	0.000330
-0.108500	0.000331
-0.102500	0.000331
-0.096500	0.000331
-0.090500	0.000331
-0.084500	0.000331
-0.078500	0.000331
-0.072500	0.000330
-0.066500	0.000330
-0.060500	0.000331
-0.054500	0.000331
-0.048500	0.000331
-0.042500	0.000331
-0.036500	0.000331
-0.030500	0.000331
-0.024500	0.000331
-0.018500	0.000331
-0.012500	0.000331
-0.006500	0.000331
-0.000500	0.000331
