% Langmuir characteristic curve

% U (Volt)	I (A)
-15.000000	-4.714821E-7
-14.994000	-3.953464E-7
-14.988000	-4.038448E-7
-14.982000	-1.585577E-7
-14.976000	-2.727611E-7
-14.970000	-1.627486E-7
-14.964000	-1.669396E-7
-14.958000	-4.435424E-8
-14.952000	-1.204899E-7
-14.946000	-1.881272E-7
-14.940000	-4.038448E-7
-14.934000	-2.684537E-7
-14.928000	-3.911555E-7
-14.922000	-4.249159E-7
-14.916000	-3.657769E-7
-14.910000	-4.249159E-7
-14.904000	-3.699679E-7
-14.898000	-4.756730E-7
-14.892000	-1.627486E-7
-14.886000	-2.430752E-7
-14.880000	-1.881272E-7
-14.874000	-1.627486E-7
-14.868000	-2.430752E-7
-14.862000	-2.811430E-7
-14.856000	-1.923181E-7
-14.850000	-1.542503E-7
-14.844000	-2.473826E-7
-14.838000	-3.150199E-7
-14.832000	-3.277091E-7
-14.826000	-4.672911E-7
-14.820000	-4.122267E-7
-14.814000	-4.122267E-7
-14.808000	-3.235182E-7
-14.802000	-2.938323E-7
-14.796000	-2.261950E-7
-14.790000	-2.346933E-7
-14.784000	-1.627486E-7
-14.778000	-1.839362E-7
-14.772000	-1.331791E-7
-14.766000	-1.627486E-7
-14.760000	-1.796288E-7
-14.754000	-2.388842E-7
-14.748000	-2.896413E-7
-14.742000	-3.784662E-7
-14.736000	-3.572786E-7
-14.730000	-4.461035E-7
-14.724000	-3.572786E-7
-14.718000	-3.277091E-7
-14.712000	-3.530877E-7
-14.706000	-3.108289E-7
-14.700000	-2.135057E-7
-14.694000	-2.388842E-7
-14.688000	-1.119915E-7
-14.682000	-1.161825E-7
-14.676000	-8.661300E-8
-14.670000	-2.093147E-7
-14.664000	-2.769521E-7
-14.658000	-2.515735E-7
-14.652000	-4.629837E-7
-14.645500	-3.784662E-7
-14.639500	-3.784662E-7
-14.633500	-3.488967E-7
-14.627500	-3.784662E-7
-14.621500	-2.684537E-7
-14.615500	-2.600718E-7
-14.609500	-2.135057E-7
-14.603500	-1.585577E-7
-14.597500	-2.050074E-7
-14.591500	-7.392373E-8
-14.585500	-1.288718E-7
-14.579500	-2.303859E-7
-14.573500	-1.415610E-7
-14.567500	-2.642628E-7
-14.561500	-4.292233E-7
-14.555500	-3.530877E-7
-14.549500	-3.995374E-7
-14.543500	-4.080357E-7
-14.537500	-2.811430E-7
-14.531500	-3.657769E-7
-14.525500	-1.542503E-7
-14.519500	-3.741588E-7
-14.513500	-2.008164E-7
-14.507500	-2.050074E-7
-14.501500	-2.388842E-7
-14.495500	-1.458684E-7
-14.489500	-2.008164E-7
-14.483500	-3.065215E-7
-14.477500	-1.627486E-7
-14.471500	-2.684537E-7
-14.465500	-3.235182E-7
-14.459500	-3.488967E-7
-14.453500	-3.868481E-7
-14.447500	-4.334142E-7
-14.441500	-3.699679E-7
-14.435500	-2.346933E-7
-14.429500	-1.415610E-7
-14.423500	-1.712469E-7
-14.417500	-1.373701E-7
-14.411500	-1.839362E-7
-14.405500	-1.078006E-7
-14.399500	-2.938323E-7
-14.393500	-3.277091E-7
-14.387500	-2.176967E-7
-14.381500	-3.699679E-7
-14.375500	-4.587928E-7
-14.369500	-3.826572E-7
-14.363500	-4.165340E-7
-14.357500	-3.488967E-7
-14.351500	-3.530877E-7
-14.345500	-3.108289E-7
-14.339500	-2.811430E-7
-14.333500	-1.500593E-7
-14.327500	-1.500593E-7
-14.321500	-2.176967E-7
-14.315500	-1.246808E-7
-14.309500	-2.346933E-7
-14.303500	-1.500593E-7
-14.297500	-2.050074E-7
-14.291500	-3.868481E-7
-14.285500	-3.277091E-7
-14.279500	-4.334142E-7
-14.273500	-4.207250E-7
-14.267500	-3.488967E-7
-14.261500	-3.192108E-7
-14.255500	-3.362074E-7
-14.249500	-3.572786E-7
-14.243500	-2.642628E-7
-14.237500	-1.796288E-7
-14.231500	-1.034932E-7
-14.225500	-3.166497E-8
-14.219500	-1.415610E-7
-14.213500	-1.796288E-7
-14.207500	-2.896413E-7
-14.201500	-2.388842E-7
-14.195500	-3.235182E-7
-14.189500	-3.572786E-7
-14.183500	-4.249159E-7
-14.177500	-3.741588E-7
-14.171500	-3.657769E-7
-14.165500	-3.403984E-7
-14.159500	-3.150199E-7
-14.153500	-4.004687E-8
-14.147500	-1.585577E-7
-14.141500	-1.754379E-7
-14.135500	-1.331791E-7
-14.129500	-1.034932E-7
-14.123500	-1.161825E-7
-14.117500	-3.403984E-7
-14.111500	-4.672911E-7
-14.105500	-3.572786E-7
-14.099500	-3.699679E-7
-14.093500	-2.642628E-7
-14.087500	-4.207250E-7
-14.081500	-3.235182E-7
-14.075500	-4.122267E-7
-14.069500	-2.473826E-7
-14.063500	-1.796288E-7
-14.057500	-1.246808E-7
-14.051500	-1.627486E-7
-14.045500	-1.119915E-7
-14.039500	-2.388842E-7
-14.033500	-1.458684E-7
-14.027500	-1.923181E-7
-14.021500	-3.868481E-7
-14.015500	-4.587928E-7
-14.009500	-3.784662E-7
-14.003500	-3.953464E-7
-13.997500	-2.727611E-7
-13.991500	-4.334142E-7
-13.985500	-4.122267E-7
-13.979500	-2.981396E-7
-13.973500	-3.403984E-7
-13.967500	-2.600718E-7
-13.961500	-1.373701E-7
-13.955500	-1.034932E-7
-13.949000	-1.078006E-7
-13.943000	-1.669396E-7
-13.937000	-1.078006E-7
-13.931000	-3.657769E-7
-13.925000	-2.515735E-7
-13.919000	-3.023306E-7
-13.913000	-4.883623E-7
-13.907000	-3.826572E-7
-13.901000	-3.403984E-7
-13.895000	-3.319001E-7
-13.889000	-2.388842E-7
-13.883000	-2.346933E-7
-13.877000	-1.966255E-7
-13.871000	-1.373701E-7
-13.865000	-1.627486E-7
-13.859000	-1.373701E-7
-13.853000	-9.511132E-8
-13.847000	-3.065215E-7
-13.841000	-2.515735E-7
-13.835000	-2.938323E-7
-13.829000	-3.995374E-7
-13.823000	-3.784662E-7
-13.817000	-4.334142E-7
-13.811000	-4.672911E-7
-13.805000	-3.277091E-7
-13.799000	-2.938323E-7
-13.793000	-2.811430E-7
-13.787000	-1.839362E-7
-13.781000	-2.261950E-7
-13.775000	-1.712469E-7
-13.769000	-9.080395E-8
-13.763000	-1.331791E-7
-13.757000	-1.627486E-7
-13.751000	-2.093147E-7
-13.745000	-3.362074E-7
-13.739000	-3.362074E-7
-13.733000	-3.741588E-7
-13.727000	-3.362074E-7
-13.721000	-3.150199E-7
-13.715000	-3.741588E-7
-13.709000	-2.176967E-7
-13.703000	-2.388842E-7
-13.697000	-1.542503E-7
-13.691000	-1.415610E-7
-13.685000	-1.500593E-7
-13.679000	-9.930227E-8
-13.673000	-2.050074E-7
-13.667000	-3.023306E-7
-13.661000	-2.600718E-7
-13.655000	-2.981396E-7
-13.649000	-2.303859E-7
-13.643000	-3.615860E-7
-13.637000	-4.334142E-7
-13.631000	-3.868481E-7
-13.625000	-3.319001E-7
-13.619000	-2.727611E-7
-13.613000	-2.981396E-7
-13.607000	-1.881272E-7
-13.601000	-1.161825E-7
-13.595000	-1.373701E-7
-13.589000	-1.331791E-7
-13.583000	-8.242205E-8
-13.577000	-2.430752E-7
-13.571000	-2.346933E-7
-13.565000	-4.672911E-7
-13.559000	-3.615860E-7
-13.553000	-2.600718E-7
-13.547000	-4.714821E-7
-13.541000	-3.572786E-7
-13.535000	-4.756730E-7
-13.529000	-2.896413E-7
-13.523000	-2.050074E-7
-13.517000	-2.769521E-7
-13.511000	-1.712469E-7
-13.505000	-1.047738E-8
-13.499000	-9.930227E-8
-13.493000	-1.500593E-7
-13.487000	-2.557645E-7
-13.481000	-2.600718E-7
-13.475000	-2.008164E-7
-13.469000	-2.854504E-7
-13.463000	-3.235182E-7
-13.457000	-3.826572E-7
-13.451000	-4.376052E-7
-13.445000	-4.587928E-7
-13.439000	-3.362074E-7
-13.433000	-2.557645E-7
-13.427000	-1.923181E-7
-13.421000	-1.796288E-7
-13.415000	-1.839362E-7
-13.409000	-1.881272E-7
-13.403000	-1.288718E-7
-13.397000	-1.754379E-7
-13.391000	-1.796288E-7
-13.385000	-3.362074E-7
-13.379000	-4.546018E-7
-13.373000	-3.572786E-7
-13.367000	-3.530877E-7
-13.361000	-4.672911E-7
-13.355000	-3.445894E-7
-13.349000	-3.065215E-7
-13.343000	-2.346933E-7
-13.337000	-2.642628E-7
-13.331000	-1.500593E-7
-13.325000	-2.515735E-7
-13.319000	-1.585577E-7
-13.313000	-1.966255E-7
-13.307000	-1.500593E-7
-13.301000	-2.135057E-7
-13.295000	-2.642628E-7
-13.289000	-2.642628E-7
-13.283000	-4.080357E-7
-13.277000	-3.277091E-7
-13.271000	-2.854504E-7
-13.265000	-3.699679E-7
-13.258500	-3.530877E-7
-13.252500	-2.600718E-7
-13.246500	-2.896413E-7
-13.240500	-1.542503E-7
-13.234500	-2.303859E-7
-13.228500	-2.135057E-7
-13.222500	-8.661300E-8
-13.216500	-8.242205E-8
-13.210500	-1.796288E-7
-13.204500	-1.415610E-7
-13.198500	-1.458684E-7
-13.192500	-3.784662E-7
-13.186500	-2.176967E-7
-13.180500	-3.615860E-7
-13.174500	-3.699679E-7
-13.168500	-3.868481E-7
-13.162500	-2.220040E-7
-13.156500	-2.684537E-7
-13.150500	-1.796288E-7
-13.144500	-8.661300E-8
-13.138500	-1.712469E-7
-13.132500	-8.242205E-8
-13.126500	-1.161825E-7
-13.120500	-1.923181E-7
-13.114500	-2.050074E-7
-13.108500	-2.769521E-7
-13.102500	-3.699679E-7
-13.096500	-3.445894E-7
-13.090500	-2.515735E-7
-13.084500	-4.841713E-7
-13.078500	-4.038448E-7
-13.072500	-2.981396E-7
-13.066500	-2.261950E-7
-13.060500	-2.430752E-7
-13.054500	-2.008164E-7
-13.048500	-1.078006E-7
-13.042500	6.402843E-9
-13.036500	-1.712469E-7
-13.030500	-1.923181E-7
-13.024500	-2.008164E-7
-13.018500	-2.642628E-7
-13.012500	-3.108289E-7
-13.006500	-3.403984E-7
-13.000500	-3.784662E-7
-12.994500	-4.587928E-7
-12.988500	-3.445894E-7
-12.982500	-2.938323E-7
-12.976500	-2.854504E-7
-12.970500	-2.557645E-7
-12.964500	-1.161825E-7
-12.958500	-2.261950E-7
-12.952500	-9.080395E-8
-12.946500	-9.080395E-8
-12.940500	-1.119915E-7
-12.934500	-1.458684E-7
-12.928500	-2.473826E-7
-12.922500	-3.445894E-7
-12.916500	-3.953464E-7
-12.910500	-4.376052E-7
-12.904500	-3.953464E-7
-12.898500	-3.784662E-7
-12.892500	-3.192108E-7
-12.886500	-2.303859E-7
-12.880500	-3.362074E-7
-12.874500	-1.966255E-7
-12.868500	-2.261950E-7
-12.862500	-5.273614E-8
-12.856500	-2.135057E-7
-12.850500	-1.585577E-7
-12.844500	-2.050074E-7
-12.838500	-1.923181E-7
-12.832500	-5.180482E-7
-12.826500	-3.953464E-7
-12.820500	-4.799804E-7
-12.814500	-4.587928E-7
-12.808500	-3.784662E-7
-12.802500	-3.657769E-7
-12.796500	-2.220040E-7
-12.790500	-2.430752E-7
-12.784500	-2.642628E-7
-12.778500	-2.303859E-7
-12.772500	-1.415610E-7
-12.766500	-1.881272E-7
-12.760500	-1.415610E-7
-12.754500	-2.515735E-7
-12.748500	-2.557645E-7
-12.742500	-1.966255E-7
-12.736500	-2.220040E-7
-12.730500	-4.122267E-7
-12.724500	-2.430752E-7
-12.718500	-3.572786E-7
-12.712500	-3.319001E-7
-12.706500	-2.811430E-7
-12.700500	-2.811430E-7
-12.694500	-1.923181E-7
-12.688500	-1.415610E-7
-12.682500	-2.220040E-7
-12.676500	-1.246808E-7
-12.670500	-1.415610E-7
-12.664500	-1.796288E-7
-12.658500	-1.669396E-7
-12.652500	-3.445894E-7
-12.646500	-4.122267E-7
-12.640500	-3.530877E-7
-12.634500	-3.319001E-7
-12.628500	-2.430752E-7
-12.622500	-3.445894E-7
-12.616500	-3.488967E-7
-12.610500	-3.319001E-7
-12.604500	-2.346933E-7
-12.598500	-3.362074E-7
-12.592500	-8.661300E-8
-12.586500	-1.458684E-7
-12.580500	1.071021E-8
-12.574500	-1.458684E-7
-12.568000	-1.923181E-7
-12.562000	-3.445894E-7
-12.556000	-4.419126E-7
-12.550000	-3.235182E-7
-12.544000	-3.403984E-7
-12.538000	-4.714821E-7
-12.532000	-3.572786E-7
-12.526000	-2.896413E-7
-12.520000	-2.557645E-7
-12.514000	-1.458684E-7
-12.508000	-8.242205E-8
-12.502000	-5.273614E-8
-12.496000	-8.661300E-8
-12.490000	-2.388842E-7
-12.484000	-2.261950E-7
-12.478000	-1.754379E-7
-12.472000	-2.008164E-7
-12.466000	-3.065215E-7
-12.460000	-3.826572E-7
-12.454000	-4.756730E-7
-12.448000	-4.376052E-7
-12.442000	-3.403984E-7
-12.436000	-3.235182E-7
-12.430000	-2.600718E-7
-12.424000	-1.754379E-7
-12.418000	-1.966255E-7
-12.412000	-1.415610E-7
-12.406000	-1.331791E-7
-12.400000	-9.930227E-8
-12.394000	-1.500593E-7
-12.388000	-1.881272E-7
-12.382000	-2.388842E-7
-12.376000	-3.868481E-7
-12.370000	-3.403984E-7
-12.364000	-3.995374E-7
-12.358000	-5.476177E-7
-12.352000	-3.319001E-7
-12.346000	-2.557645E-7
-12.340000	-2.642628E-7
-12.334000	-2.515735E-7
-12.328000	-2.303859E-7
-12.322000	-8.661300E-8
-12.316000	-9.930227E-8
-12.310000	-1.288718E-7
-12.304000	-1.796288E-7
-12.298000	-2.176967E-7
-12.292000	-2.261950E-7
-12.286000	-4.292233E-7
-12.280000	-4.756730E-7
-12.274000	-2.346933E-7
-12.268000	-4.546018E-7
-12.262000	-2.176967E-7
-12.256000	-2.727611E-7
-12.250000	-2.093147E-7
-12.244000	-3.023306E-7
-12.238000	-1.204899E-7
-12.232000	-9.511132E-8
-12.226000	-1.034932E-7
-12.220000	-6.973278E-8
-12.214000	-8.661300E-8
-12.208000	-1.712469E-7
-12.202000	-2.261950E-7
-12.196000	-3.572786E-7
-12.190000	-4.080357E-7
-12.184000	-3.699679E-7
-12.178000	-2.981396E-7
-12.172000	-4.629837E-7
-12.166000	-1.966255E-7
-12.160000	-2.684537E-7
-12.154000	-2.430752E-7
-12.148000	-1.542503E-7
-12.142000	-2.135057E-7
-12.136000	-2.261950E-7
-12.130000	-8.661300E-8
-12.124000	-1.204899E-7
-12.118000	-1.923181E-7
-12.112000	-2.050074E-7
-12.106000	-1.881272E-7
-12.100000	-2.981396E-7
-12.094000	-2.938323E-7
-12.088000	-4.672911E-7
-12.082000	-2.346933E-7
-12.076000	-2.854504E-7
-12.070000	-2.430752E-7
-12.064000	-2.050074E-7
-12.058000	-1.246808E-7
-12.052000	-1.373701E-7
-12.046000	-8.242205E-8
-12.040000	-6.123446E-8
-12.034000	1.490116E-8
-12.028000	-1.542503E-7
-12.022000	-2.135057E-7
-12.016000	-2.008164E-7
-12.010000	-3.657769E-7
-12.004000	-3.826572E-7
-11.998000	-3.615860E-7
-11.992000	-3.192108E-7
-11.986000	-1.966255E-7
-11.980000	-3.403984E-7
-11.974000	-1.204899E-7
-11.968000	-2.220040E-7
-11.962000	-1.034932E-7
-11.956000	-8.661300E-8
-11.950000	-1.288718E-7
-11.944000	-1.204899E-7
-11.938000	-1.246808E-7
-11.932000	-1.796288E-7
-11.926000	-2.600718E-7
-11.920000	-1.754379E-7
-11.914000	-4.419126E-7
-11.908000	-3.657769E-7
-11.902000	-3.362074E-7
-11.896000	-2.938323E-7
-11.890000	-2.261950E-7
-11.884000	-2.008164E-7
-11.878000	-1.542503E-7
-11.871500	-1.585577E-7
-11.865500	-6.542541E-8
-11.859500	-4.854519E-8
-11.853500	3.178138E-8
-11.847500	-1.669396E-7
-11.841500	-2.220040E-7
-11.835500	-3.445894E-7
-11.829500	-2.938323E-7
-11.823500	-3.150199E-7
-11.817500	-3.826572E-7
-11.811500	-3.868481E-7
-11.805500	-3.362074E-7
-11.799500	-2.261950E-7
-11.793500	-2.684537E-7
-11.787500	-1.923181E-7
-11.781500	-8.661300E-8
-11.775500	-1.204899E-7
-11.769500	-7.811468E-8
-11.763500	-1.796288E-7
-11.757500	-9.511132E-8
-11.751500	-2.008164E-7
-11.745500	-1.881272E-7
-11.739500	-3.826572E-7
-11.733500	-3.319001E-7
-11.727500	-2.220040E-7
-11.721500	-3.488967E-7
-11.715500	-3.530877E-7
-11.709500	-2.938323E-7
-11.703500	-1.839362E-7
-11.697500	-2.050074E-7
-11.691500	-1.246808E-7
-11.685500	-8.661300E-8
-11.679500	-8.661300E-8
-11.673500	-1.047738E-8
-11.667500	-7.811468E-8
-11.661500	-2.346933E-7
-11.655500	-2.557645E-7
-11.649500	-2.515735E-7
-11.643500	-2.981396E-7
-11.637500	-4.207250E-7
-11.631500	-3.615860E-7
-11.625500	-4.207250E-7
-11.619500	-3.572786E-7
-11.613500	-2.769521E-7
-11.607500	-2.176967E-7
-11.601500	-1.500593E-7
-11.595500	-3.166497E-8
-11.589500	-4.854519E-8
-11.583500	-8.661300E-8
-11.577500	2.211891E-9
-11.571500	-1.034932E-7
-11.565500	-2.220040E-7
-11.559500	-3.319001E-7
-11.553500	-3.065215E-7
-11.547500	-2.938323E-7
-11.541500	-4.546018E-7
-11.535500	-2.896413E-7
-11.529500	-3.784662E-7
-11.523500	-2.261950E-7
-11.517500	-1.881272E-7
-11.511500	-8.661300E-8
-11.505500	-6.123446E-8
-11.499500	-1.119915E-7
-11.493500	-1.161825E-7
-11.487500	2.759043E-8
-11.481500	-1.373701E-7
-11.475500	-2.176967E-7
-11.469500	-2.135057E-7
-11.463500	-2.981396E-7
-11.457500	-3.995374E-7
-11.451500	-3.192108E-7
-11.445500	-2.684537E-7
-11.439500	-3.065215E-7
-11.433500	-2.220040E-7
-11.427500	-2.430752E-7
-11.421500	-1.034932E-7
-11.415500	-7.811468E-8
-11.409500	-8.661300E-8
-11.403500	-9.511132E-8
-11.397500	-1.839362E-7
-11.391500	-9.930227E-8
-11.385500	-9.080395E-8
-11.379500	-2.430752E-7
-11.373500	-2.684537E-7
-11.367500	-2.727611E-7
-11.361500	-2.642628E-7
-11.355500	-1.966255E-7
-11.349500	-3.150199E-7
-11.343500	-3.699679E-7
-11.337500	-7.392373E-8
-11.331500	-9.080395E-8
-11.325500	-6.123446E-8
-11.319500	-7.392373E-8
-11.313500	-2.735760E-8
-11.307500	-6.123446E-8
-11.301500	-6.542541E-8
-11.295500	-1.415610E-7
-11.289500	-1.585577E-7
-11.283500	-3.572786E-7
-11.277500	-2.811430E-7
-11.271500	-3.445894E-7
-11.265500	-1.923181E-7
-11.259500	-3.150199E-7
-11.253500	-2.220040E-7
-11.247500	-1.458684E-7
-11.241500	-3.235182E-7
-11.235500	-1.712469E-7
-11.229500	-1.288718E-7
-11.223500	-1.415610E-7
-11.217500	-4.854519E-8
-11.211500	-1.078006E-7
-11.205500	-1.078006E-7
-11.199500	-5.273614E-8
-11.193500	-2.981396E-7
-11.187500	-3.784662E-7
-11.181000	-3.445894E-7
-11.175000	-2.981396E-7
-11.169000	-2.684537E-7
-11.163000	-2.938323E-7
-11.157000	-1.585577E-7
-11.151000	-2.769521E-7
-11.145000	-9.080395E-8
-11.139000	-5.273614E-8
-11.133000	-6.123446E-8
-11.127000	2.211891E-9
-11.121000	-3.166497E-8
-11.115000	-2.430752E-7
-11.109000	-2.981396E-7
-11.103000	-1.881272E-7
-11.097000	-2.981396E-7
-11.091000	-3.065215E-7
-11.085000	-2.981396E-7
-11.079000	-3.953464E-7
-11.073000	-2.854504E-7
-11.067000	-1.415610E-7
-11.061000	-1.796288E-7
-11.055000	-1.078006E-7
-11.049000	2.211891E-9
-11.043000	-1.246808E-7
-11.037000	-1.047738E-8
-11.031000	-5.273614E-8
-11.025000	-2.346933E-7
-11.019000	-1.034932E-7
-11.013000	-1.415610E-7
-11.007000	-2.600718E-7
-11.001000	-2.727611E-7
-10.995000	-3.108289E-7
-10.989000	-2.430752E-7
-10.983000	-2.135057E-7
-10.977000	-2.727611E-7
-10.971000	-1.585577E-7
-10.965000	-9.930227E-8
-10.959000	-5.273614E-8
-10.953000	-5.273614E-8
-10.947000	-1.204899E-7
-10.941000	-6.123446E-8
-10.935000	-1.078006E-7
-10.929000	-1.627486E-7
-10.923000	-1.288718E-7
-10.917000	-9.080395E-8
-10.911000	-2.769521E-7
-10.905000	-1.796288E-7
-10.899000	-2.727611E-7
-10.893000	-2.220040E-7
-10.887000	-1.373701E-7
-10.881000	-8.661300E-8
-10.875000	-1.466833E-8
-10.869000	4.027970E-8
-10.863000	1.909211E-8
-10.857000	1.164153E-7
-10.851000	-1.161825E-7
-10.845000	-4.004687E-8
-10.839000	-1.034932E-7
-10.833000	-9.930227E-8
-10.827000	-2.220040E-7
-10.821000	-2.050074E-7
-10.815000	-2.642628E-7
-10.809000	-3.445894E-7
-10.803000	-3.488967E-7
-10.797000	-1.119915E-7
-10.791000	-1.119915E-7
-10.785000	-1.204899E-7
-10.779000	-1.466833E-8
-10.773000	3.608875E-8
-10.767000	-1.627486E-7
-10.761000	-6.542541E-8
-10.755000	2.339948E-8
-10.749000	-4.435424E-8
-10.743000	-4.854519E-8
-10.737000	-2.727611E-7
-10.731000	-2.303859E-7
-10.725000	-2.473826E-7
-10.719000	-2.176967E-7
-10.713000	-6.973278E-8
-10.707000	-2.135057E-7
-10.701000	-6.542541E-8
-10.695000	-1.466833E-8
-10.689000	-1.204899E-7
-10.683000	2.339948E-8
-10.677000	2.339948E-8
-10.671000	1.037261E-7
-10.665000	3.608875E-8
-10.659000	-6.286427E-9
-10.653000	-8.242205E-8
-10.647000	-2.303859E-7
-10.641000	-1.415610E-7
-10.635000	-1.204899E-7
-10.629000	-5.273614E-8
-10.623000	-9.080395E-8
-10.617000	-1.500593E-7
-10.611000	-6.973278E-8
-10.605000	6.402843E-9
-10.599000	3.178138E-8
-10.593000	9.953510E-8
-10.587000	8.684583E-8
-10.581000	2.476154E-7
-10.575000	1.587905E-7
-10.569000	6.565824E-8
-10.563000	3.178138E-8
-10.557000	-1.288718E-7
-10.551000	-1.288718E-7
-10.545000	-1.966255E-7
-10.539000	-1.246808E-7
-10.533000	2.759043E-8
-10.527000	-1.047738E-8
-10.521000	1.249136E-7
-10.515000	2.339948E-8
-10.509000	8.684583E-8
-10.503000	1.756707E-7
-10.497000	-1.047738E-8
-10.491000	1.925509E-7
-10.484500	1.841690E-7
-10.478500	1.080334E-7
-10.472500	-3.585592E-8
-10.466500	1.164153E-7
-10.460500	6.565824E-8
-10.454500	7.834751E-8
-10.448500	-1.047738E-8
-10.442500	-1.979060E-9
-10.436500	-1.466833E-8
-10.430500	-2.316665E-8
-10.424500	6.565824E-8
-10.418500	1.587905E-7
-10.412500	1.249136E-7
-10.406500	2.813758E-7
-10.400500	3.067544E-7
-10.394500	2.349261E-7
-10.388500	1.629815E-7
-10.382500	7.415656E-8
-10.376500	1.671724E-7
-10.370500	6.565824E-8
-10.364500	3.178138E-8
-10.358500	1.756707E-7
-10.352500	1.249136E-7
-10.346500	-2.316665E-8
-10.340500	1.037261E-7
-10.334500	9.534415E-8
-10.328500	2.137385E-7
-10.322500	3.194436E-7
-10.316500	3.702007E-7
-10.310500	3.533205E-7
-10.304500	3.955793E-7
-10.298500	4.717149E-7
-10.292500	1.968583E-7
-10.286500	1.841690E-7
-10.280500	1.798617E-7
-10.274500	-4.435424E-8
-10.268500	1.417939E-7
-10.262500	1.122244E-7
-10.256500	2.095476E-7
-10.250500	3.786990E-7
-10.244500	2.940651E-7
-10.238500	3.617024E-7
-10.232500	3.236346E-7
-10.226500	5.139736E-7
-10.220500	5.139736E-7
-10.214500	4.885951E-7
-10.208500	4.927861E-7
-10.202500	4.970934E-7
-10.196500	3.997702E-7
-10.190500	4.082685E-7
-10.184500	2.855668E-7
-10.178500	3.406312E-7
-10.172500	3.575115E-7
-10.166500	3.152527E-7
-10.160500	4.082685E-7
-10.154500	5.393522E-7
-10.148500	5.393522E-7
-10.142500	5.943002E-7
-10.136500	6.323680E-7
-10.130500	6.831251E-7
-10.124500	6.493647E-7
-10.118500	6.747432E-7
-10.112500	7.931376E-7
-10.106500	5.266629E-7
-10.100500	5.901093E-7
-10.094500	6.789342E-7
-10.088500	5.054753E-7
-10.082500	4.505273E-7
-10.076500	6.112969E-7
-10.070500	5.393522E-7
-10.064500	7.465715E-7
-10.058500	6.154878E-7
-10.052500	7.296912E-7
-10.046500	1.021428E-6
-10.040500	9.452924E-7
-10.034500	9.369105E-7
-10.028500	9.452924E-7
-10.022500	9.452924E-7
-10.016500	9.199139E-7
-10.010500	8.522766E-7
-10.004500	8.142088E-7
-9.998500	9.369105E-7
-9.992500	8.395873E-7
-9.986500	7.761410E-7
-9.980500	8.819625E-7
-9.974500	9.537907E-7
-9.968500	1.034117E-6
-9.962500	1.139822E-6
-9.956500	1.258333E-6
-9.950500	1.152512E-6
-9.944500	1.249835E-6
-9.938500	1.152512E-6
-9.932500	1.283712E-6
-9.926500	1.152512E-6
-9.920500	1.211767E-6
-9.914500	1.156819E-6
-9.908500	1.292094E-6
-9.902500	1.199078E-6
-9.896500	1.097564E-6
-9.890500	1.254026E-6
-9.884500	1.359731E-6
-9.878500	1.275213E-6
-9.872500	1.579640E-6
-9.866500	1.550070E-6
-9.860500	1.520501E-6
-9.854500	1.651584E-6
-9.848500	1.681154E-6
-9.842500	1.651584E-6
-9.836500	1.706532E-6
-9.830500	1.778477E-6
-9.824500	1.622015E-6
-9.818500	1.622015E-6
-9.812500	1.660082E-6
-9.806500	1.660082E-6
-9.800000	1.862994E-6
-9.794000	1.778477E-6
-9.788000	1.951819E-6
-9.782000	1.858803E-6
-9.776000	2.078712E-6
-9.770000	2.036453E-6
-9.764000	2.209796E-6
-9.758000	2.192915E-6
-9.752000	2.285931E-6
-9.746000	2.230983E-6
-9.740000	2.099900E-6
-9.734000	2.082903E-6
-9.728000	2.176035E-6
-9.722000	2.197106E-6
-9.716000	2.146349E-6
-9.710000	2.125278E-6
-9.704000	2.370565E-6
-9.698000	2.548099E-6
-9.692000	2.505840E-6
-9.686000	2.700370E-6
-9.680000	2.776505E-6
-9.674000	2.713059E-6
-9.668000	2.852641E-6
-9.662000	2.810382E-6
-9.656000	2.894900E-6
-9.650000	2.911780E-6
-9.644000	2.916087E-6
-9.638000	2.878020E-6
-9.632000	2.971035E-6
-9.626000	2.937159E-6
-9.620000	3.047171E-6
-9.614000	3.110617E-6
-9.608000	3.313529E-6
-9.602000	3.415043E-6
-9.596000	3.470108E-6
-9.590000	3.520749E-6
-9.584000	3.711088E-6
-9.578000	3.833789E-6
-9.572000	3.744964E-6
-9.566000	3.778725E-6
-9.560000	3.727968E-6
-9.554000	3.812602E-6
-9.548000	3.766036E-6
-9.542000	3.808411E-6
-9.536000	3.757654E-6
-9.530000	3.956375E-6
-9.524000	4.062080E-6
-9.518000	4.108646E-6
-9.512000	4.425761E-6
-9.506000	4.455447E-6
-9.500000	4.586531E-6
-9.494000	4.637288E-6
-9.488000	4.759873E-6
-9.482000	4.742993E-6
-9.476000	4.776753E-6
-9.470000	4.806439E-6
-9.464000	4.814821E-6
-9.458000	4.903646E-6
-9.452000	4.946021E-6
-9.446000	5.077105E-6
-9.440000	5.157432E-6
-9.434000	5.322392E-6
-9.428000	5.313894E-6
-9.422000	5.622627E-6
-9.416000	5.593058E-6
-9.410000	5.732523E-6
-9.404000	5.872105E-6
-9.398000	5.965121E-6
-9.392000	6.130082E-6
-9.386000	6.172340E-6
-9.380000	6.092014E-6
-9.374000	6.235787E-6
-9.368000	6.172340E-6
-9.362000	6.349990E-6
-9.356000	6.421935E-6
-9.350000	6.497954E-6
-9.344000	6.667222E-6
-9.338000	6.840564E-6
-9.332000	6.963150E-6
-9.326000	7.064664E-6
-9.320000	7.238123E-6
-9.314000	7.415656E-6
-9.308000	7.546856E-6
-9.302000	7.665250E-6
-9.296000	7.893541E-6
-9.290000	7.838593E-6
-9.284000	7.779337E-6
-9.278000	7.838593E-6
-9.272000	7.973984E-6
-9.266000	8.151517E-6
-9.260000	8.286908E-6
-9.254000	8.422183E-6
-9.248000	8.511008E-6
-9.242000	8.663279E-6
-9.236000	8.781673E-6
-9.230000	9.077718E-6
-9.224000	9.187614E-6
-9.218000	9.166542E-6
-9.212000	9.538606E-6
-9.206000	9.703566E-6
-9.200000	9.627431E-6
-9.194000	9.788200E-6
-9.188000	9.927666E-6
-9.182000	1.005456E-5
-9.176000	1.019833E-5
-9.170000	1.016457E-5
-9.164000	1.039717E-5
-9.158000	1.070159E-5
-9.152000	1.101033E-5
-9.146000	1.099764E-5
-9.140000	1.133175E-5
-9.134000	1.154747E-5
-9.128000	1.169962E-5
-9.122000	1.180114E-5
-9.116000	1.202105E-5
-9.109500	1.208868E-5
-9.103500	1.224526E-5
-9.097500	1.250312E-5
-9.091500	1.260894E-5
-9.085500	1.257088E-5
-9.079500	1.271465E-5
-9.073500	1.302338E-5
-9.067500	1.314597E-5
-9.061500	1.339975E-5
-9.055500	1.370418E-5
-9.049500	1.399603E-5
-9.043500	1.428358E-5
-9.037500	1.443585E-5
-9.031500	1.471920E-5
-9.025500	1.472759E-5
-9.019500	1.495180E-5
-9.013500	1.511665E-5
-9.007500	1.526473E-5
-9.001500	1.545926E-5
-8.995500	1.569605E-5
-8.989500	1.581875E-5
-8.983500	1.605973E-5
-8.977500	1.622050E-5
-8.971500	1.656718E-5
-8.965500	1.682516E-5
-8.959500	1.702819E-5
-8.953500	1.730304E-5
-8.947500	1.757802E-5
-8.941500	1.786975E-5
-8.935500	1.807697E-5
-8.929500	1.824612E-5
-8.923500	1.854217E-5
-8.917500	1.861830E-5
-8.911500	1.885940E-5
-8.905500	1.904124E-5
-8.899500	1.915533E-5
-8.893500	1.955708E-5
-8.887500	1.978967E-5
-8.881500	2.009841E-5
-8.875500	2.036907E-5
-8.869500	2.059329E-5
-8.863500	2.116419E-5
-8.857500	2.130365E-5
-8.851500	2.158282E-5
-8.845500	2.201414E-5
-8.839500	2.220867E-5
-8.833500	2.240320E-5
-8.827500	2.265698E-5
-8.821500	2.288958E-5
-8.815500	2.317294E-5
-8.809500	2.343510E-5
-8.803500	2.360006E-5
-8.797500	2.400600E-5
-8.791500	2.435700E-5
-8.785500	2.455153E-5
-8.779500	2.510985E-5
-8.773500	2.531277E-5
-8.767500	2.580334E-5
-8.761500	2.611207E-5
-8.755500	2.639962E-5
-8.749500	2.681406E-5
-8.743500	2.675061E-5
-8.737500	2.723280E-5
-8.731500	2.758380E-5
-8.725500	2.768950E-5
-8.719500	2.817577E-5
-8.713500	2.843374E-5
-8.707500	2.882711E-5
-8.701500	2.896239E-5
-8.695500	2.957985E-5
-8.689500	3.002817E-5
-8.683500	3.024377E-5
-8.677500	3.064552E-5
-8.671500	3.130524E-5
-8.665500	3.149139E-5
-8.659500	3.193959E-5
-8.653500	3.217650E-5
-8.647500	3.259513E-5
-8.641500	3.295462E-5
-8.635500	3.324216E-5
-8.629500	3.367779E-5
-8.623500	3.401178E-5
-8.617500	3.427407E-5
-8.611500	3.479421E-5
-8.605500	3.519596E-5
-8.599500	3.563997E-5
-8.593500	3.615173E-5
-8.587500	3.660843E-5
-8.581500	3.713707E-5
-8.575500	3.744150E-5
-8.569500	3.797014E-5
-8.563500	3.835501E-5
-8.557500	3.872719E-5
-8.551500	3.913732E-5
-8.545500	3.945874E-5
-8.539500	3.987749E-5
-8.533500	4.019460E-5
-8.527500	4.069367E-5
-8.521500	4.111230E-5
-8.515500	4.173396E-5
-8.509500	4.214840E-5
-8.503500	4.274049E-5
-8.497500	4.318031E-5
-8.491500	4.362431E-5
-8.485500	4.430942E-5
-8.479500	4.466041E-5
-8.473500	4.526088E-5
-8.467500	4.551886E-5
-8.461500	4.608557E-5
-8.455500	4.673260E-5
-8.449500	4.700746E-5
-8.443500	4.754879E-5
-8.437500	4.805205E-5
-8.431500	4.844961E-5
-8.425500	4.899513E-5
-8.419000	4.956184E-5
-8.413000	5.025964E-5
-8.407000	5.072483E-5
-8.401000	5.129992E-5
-8.395000	5.190040E-5
-8.389000	5.262787E-5
-8.383000	5.293230E-5
-8.377000	5.364697E-5
-8.371000	5.406141E-5
-8.365000	5.462812E-5
-8.359000	5.519483E-5
-8.353000	5.563884E-5
-8.347000	5.631556E-5
-8.341000	5.680614E-5
-8.335000	5.726283E-5
-8.329000	5.814666E-5
-8.323000	5.855691E-5
-8.317000	5.928427E-5
-8.311000	6.009627E-5
-8.305000	6.049802E-5
-8.299000	6.129302E-5
-8.293000	6.191048E-5
-8.287000	6.246869E-5
-8.281000	6.321305E-5
-8.275000	6.367394E-5
-8.269000	6.450282E-5
-8.263000	6.495952E-5
-8.257000	6.547547E-5
-8.251000	6.621564E-5
-8.245000	6.663427E-5
-8.239000	6.743777E-5
-8.233000	6.822858E-5
-8.227000	6.874872E-5
-8.221000	6.967061E-5
-8.215000	7.033464E-5
-8.209000	7.110427E-5
-8.203000	7.197121E-5
-8.197000	7.259287E-5
-8.191000	7.311732E-5
-8.185000	7.397996E-5
-8.179000	7.444096E-5
-8.173000	7.526984E-5
-8.167000	7.592537E-5
-8.161000	7.642014E-5
-8.155000	7.736741E-5
-8.149000	7.801875E-5
-8.143000	7.884763E-5
-8.137000	7.965532E-5
-8.131000	8.033193E-5
-8.125000	8.131308E-5
-8.119000	8.209969E-5
-8.113000	8.271716E-5
-8.107000	8.373626E-5
-8.101000	8.433685E-5
-8.095000	8.530950E-5
-8.089000	8.587190E-5
-8.083000	8.663314E-5
-8.077000	8.741126E-5
-8.071000	8.808367E-5
-8.065000	8.882803E-5
-8.059000	8.976262E-5
-8.053000	9.055762E-5
-8.047000	9.155564E-5
-8.041000	9.240990E-5
-8.035000	9.321352E-5
-8.029000	9.419885E-5
-8.023000	9.487546E-5
-8.017000	9.589887E-5
-8.011000	9.679119E-5
-8.005000	9.756512E-5
-7.999000	9.850389E-5
-7.993000	9.913405E-5
-7.987000	0.000100
-7.981000	0.000101
-7.975000	0.000102
-7.969000	0.000103
-7.963000	0.000103
-7.957000	0.000104
-7.951000	0.000105
-7.945000	0.000106
-7.939000	0.000107
-7.933000	0.000108
-7.927000	0.000109
-7.921000	0.000110
-7.915000	0.000111
-7.909000	0.000112
-7.903000	0.000113
-7.897000	0.000114
-7.891000	0.000115
-7.885000	0.000116
-7.879000	0.000116
-7.873000	0.000117
-7.867000	0.000118
-7.861000	0.000119
-7.855000	0.000121
-7.849000	0.000121
-7.843000	0.000123
-7.837000	0.000124
-7.831000	0.000125
-7.825000	0.000126
-7.819000	0.000126
-7.813000	0.000128
-7.807000	0.000128
-7.801000	0.000129
-7.795000	0.000130
-7.789000	0.000131
-7.783000	0.000132
-7.777000	0.000133
-7.771000	0.000134
-7.765000	0.000135
-7.759000	0.000137
-7.752500	0.000138
-7.746500	0.000139
-7.740500	0.000140
-7.734500	0.000141
-7.728500	0.000142
-7.722500	0.000143
-7.716500	0.000144
-7.710500	0.000145
-7.704500	0.000146
-7.698500	0.000147
-7.692500	0.000148
-7.686500	0.000149
-7.680500	0.000150
-7.674500	0.000151
-7.668500	0.000152
-7.662500	0.000153
-7.656500	0.000154
-7.650500	0.000155
-7.644500	0.000156
-7.638500	0.000157
-7.632500	0.000158
-7.626500	0.000159
-7.620500	0.000160
-7.614500	0.000161
-7.608500	0.000162
-7.602500	0.000163
-7.596500	0.000164
-7.590500	0.000165
-7.584500	0.000167
-7.578500	0.000167
-7.572500	0.000169
-7.566500	0.000169
-7.560500	0.000171
-7.554500	0.000172
-7.548500	0.000172
-7.542500	0.000174
-7.536500	0.000174
-7.530500	0.000175
-7.524500	0.000176
-7.518500	0.000177
-7.512500	0.000178
-7.506500	0.000179
-7.500500	0.000180
-7.494500	0.000181
-7.488500	0.000182
-7.482500	0.000183
-7.476500	0.000184
-7.470500	0.000185
-7.464500	0.000186
-7.458500	0.000187
-7.452500	0.000187
-7.446500	0.000188
-7.440500	0.000189
-7.434500	0.000190
-7.428500	0.000190
-7.422500	0.000191
-7.416500	0.000192
-7.410500	0.000193
-7.404500	0.000194
-7.398500	0.000195
-7.392500	0.000195
-7.386500	0.000196
-7.380500	0.000197
-7.374500	0.000198
-7.368500	0.000198
-7.362500	0.000199
-7.356500	0.000200
-7.350500	0.000200
-7.344500	0.000201
-7.338500	0.000201
-7.332500	0.000202
-7.326500	0.000202
-7.320500	0.000203
-7.314500	0.000204
-7.308500	0.000204
-7.302500	0.000205
-7.296500	0.000205
-7.290500	0.000206
-7.284500	0.000207
-7.278500	0.000207
-7.272500	0.000208
-7.266500	0.000208
-7.260500	0.000208
-7.254500	0.000209
-7.248500	0.000209
-7.242500	0.000209
-7.236500	0.000210
-7.230500	0.000210
-7.224500	0.000211
-7.218500	0.000211
-7.212500	0.000212
-7.206500	0.000212
-7.200500	0.000212
-7.194500	0.000213
-7.188500	0.000213
-7.182500	0.000214
-7.176500	0.000214
-7.170500	0.000214
-7.164500	0.000215
-7.158500	0.000215
-7.152500	0.000215
-7.146500	0.000215
-7.140500	0.000216
-7.134500	0.000216
-7.128000	0.000216
-7.122000	0.000217
-7.116000	0.000217
-7.110000	0.000218
-7.104000	0.000218
-7.098000	0.000218
-7.092000	0.000219
-7.086000	0.000219
-7.080000	0.000219
-7.074000	0.000219
-7.068000	0.000220
-7.062000	0.000220
-7.056000	0.000220
-7.050000	0.000220
-7.044000	0.000221
-7.038000	0.000221
-7.032000	0.000221
-7.026000	0.000222
-7.020000	0.000222
-7.014000	0.000222
-7.008000	0.000223
-7.002000	0.000223
-6.996000	0.000223
-6.990000	0.000223
-6.984000	0.000224
-6.978000	0.000224
-6.972000	0.000224
-6.966000	0.000224
-6.960000	0.000224
-6.954000	0.000225
-6.948000	0.000225
-6.942000	0.000225
-6.936000	0.000226
-6.930000	0.000226
-6.924000	0.000226
-6.918000	0.000226
-6.912000	0.000227
-6.906000	0.000227
-6.900000	0.000227
-6.894000	0.000228
-6.888000	0.000228
-6.882000	0.000228
-6.876000	0.000228
-6.870000	0.000228
-6.864000	0.000228
-6.858000	0.000229
-6.852000	0.000229
-6.846000	0.000229
-6.840000	0.000229
-6.834000	0.000230
-6.828000	0.000230
-6.822000	0.000230
-6.816000	0.000231
-6.810000	0.000231
-6.804000	0.000231
-6.798000	0.000231
-6.792000	0.000231
-6.786000	0.000231
-6.780000	0.000232
-6.774000	0.000232
-6.768000	0.000232
-6.762000	0.000232
-6.756000	0.000233
-6.750000	0.000233
-6.744000	0.000233
-6.738000	0.000233
-6.732000	0.000234
-6.726000	0.000234
-6.720000	0.000234
-6.714000	0.000234
-6.708000	0.000234
-6.702000	0.000235
-6.696000	0.000235
-6.690000	0.000235
-6.684000	0.000235
-6.678000	0.000235
-6.672000	0.000236
-6.666000	0.000236
-6.660000	0.000236
-6.654000	0.000236
-6.648000	0.000237
-6.642000	0.000237
-6.636000	0.000237
-6.630000	0.000237
-6.624000	0.000237
-6.618000	0.000237
-6.612000	0.000238
-6.606000	0.000238
-6.600000	0.000238
-6.594000	0.000238
-6.588000	0.000238
-6.582000	0.000238
-6.576000	0.000239
-6.570000	0.000239
-6.564000	0.000239
-6.558000	0.000239
-6.552000	0.000240
-6.546000	0.000240
-6.540000	0.000240
-6.534000	0.000240
-6.528000	0.000240
-6.522000	0.000240
-6.516000	0.000241
-6.510000	0.000241
-6.503500	0.000241
-6.497500	0.000241
-6.491500	0.000241
-6.485500	0.000241
-6.479500	0.000242
-6.473500	0.000242
-6.467500	0.000242
-6.461500	0.000242
-6.455500	0.000243
-6.449500	0.000243
-6.443500	0.000243
-6.437500	0.000243
-6.431500	0.000243
-6.425500	0.000243
-6.419500	0.000243
-6.413500	0.000243
-6.407500	0.000244
-6.401500	0.000244
-6.395500	0.000244
-6.389500	0.000244
-6.383500	0.000244
-6.377500	0.000245
-6.371500	0.000245
-6.365500	0.000245
-6.359500	0.000245
-6.353500	0.000245
-6.347500	0.000246
-6.341500	0.000246
-6.335500	0.000246
-6.329500	0.000246
-6.323500	0.000246
-6.317500	0.000246
-6.311500	0.000246
-6.305500	0.000246
-6.299500	0.000247
-6.293500	0.000247
-6.287500	0.000247
-6.281500	0.000247
-6.275500	0.000247
-6.269500	0.000248
-6.263500	0.000248
-6.257500	0.000248
-6.251500	0.000248
-6.245500	0.000248
-6.239500	0.000248
-6.233500	0.000248
-6.227500	0.000248
-6.221500	0.000248
-6.215500	0.000249
-6.209500	0.000249
-6.203500	0.000249
-6.197500	0.000249
-6.191500	0.000249
-6.185500	0.000250
-6.179500	0.000250
-6.173500	0.000250
-6.167500	0.000250
-6.161500	0.000250
-6.155500	0.000250
-6.149500	0.000250
-6.143500	0.000251
-6.137500	0.000251
-6.131500	0.000251
-6.125500	0.000251
-6.119500	0.000251
-6.113500	0.000251
-6.107500	0.000251
-6.101500	0.000251
-6.095500	0.000252
-6.089500	0.000252
-6.083500	0.000252
-6.077500	0.000252
-6.071500	0.000252
-6.065500	0.000252
-6.059500	0.000252
-6.053500	0.000253
-6.047500	0.000253
-6.041500	0.000253
-6.035500	0.000253
-6.029500	0.000253
-6.023500	0.000253
-6.017500	0.000253
-6.011500	0.000253
-6.005500	0.000254
-5.999500	0.000254
-5.993500	0.000254
-5.987500	0.000254
-5.981500	0.000254
-5.975500	0.000254
-5.969500	0.000254
-5.963500	0.000254
-5.957500	0.000255
-5.951500	0.000255
-5.945500	0.000255
-5.939500	0.000255
-5.933500	0.000255
-5.927500	0.000255
-5.921500	0.000255
-5.915500	0.000256
-5.909500	0.000256
-5.903500	0.000256
-5.897500	0.000256
-5.891500	0.000256
-5.885500	0.000256
-5.879000	0.000256
-5.873000	0.000256
-5.867000	0.000256
-5.861000	0.000256
-5.855000	0.000257
-5.849000	0.000257
-5.843000	0.000257
-5.837000	0.000257
-5.831000	0.000257
-5.825000	0.000257
-5.819000	0.000257
-5.813000	0.000258
-5.807000	0.000258
-5.801000	0.000258
-5.795000	0.000258
-5.789000	0.000258
-5.783000	0.000258
-5.777000	0.000258
-5.771000	0.000258
-5.765000	0.000258
-5.759000	0.000258
-5.753000	0.000258
-5.747000	0.000259
-5.741000	0.000259
-5.735000	0.000259
-5.729000	0.000259
-5.723000	0.000259
-5.717000	0.000259
-5.711000	0.000259
-5.705000	0.000260
-5.699000	0.000260
-5.693000	0.000260
-5.687000	0.000260
-5.681000	0.000260
-5.675000	0.000260
-5.669000	0.000260
-5.663000	0.000260
-5.657000	0.000260
-5.651000	0.000260
-5.645000	0.000260
-5.639000	0.000261
-5.633000	0.000261
-5.627000	0.000261
-5.621000	0.000261
-5.615000	0.000261
-5.609000	0.000261
-5.603000	0.000261
-5.597000	0.000261
-5.591000	0.000261
-5.585000	0.000261
-5.579000	0.000261
-5.573000	0.000262
-5.567000	0.000262
-5.561000	0.000262
-5.555000	0.000262
-5.549000	0.000262
-5.543000	0.000262
-5.537000	0.000262
-5.531000	0.000263
-5.525000	0.000263
-5.519000	0.000263
-5.513000	0.000263
-5.507000	0.000263
-5.501000	0.000263
-5.495000	0.000263
-5.489000	0.000263
-5.483000	0.000263
-5.477000	0.000263
-5.471000	0.000263
-5.465000	0.000263
-5.459000	0.000263
-5.453000	0.000264
-5.447000	0.000264
-5.441000	0.000264
-5.435000	0.000264
-5.429000	0.000264
-5.423000	0.000264
-5.417000	0.000264
-5.411000	0.000264
-5.405000	0.000264
-5.399000	0.000264
-5.393000	0.000264
-5.387000	0.000265
-5.381000	0.000265
-5.375000	0.000265
-5.369000	0.000265
-5.363000	0.000265
-5.357000	0.000265
-5.351000	0.000265
-5.345000	0.000265
-5.339000	0.000265
-5.333000	0.000266
-5.327000	0.000266
-5.321000	0.000266
-5.315000	0.000266
-5.309000	0.000266
-5.303000	0.000266
-5.297000	0.000266
-5.291000	0.000266
-5.285000	0.000266
-5.279000	0.000266
-5.273000	0.000266
-5.267000	0.000266
-5.261000	0.000267
-5.254500	0.000267
-5.248500	0.000267
-5.242500	0.000267
-5.236500	0.000267
-5.230500	0.000267
-5.224500	0.000267
-5.218500	0.000267
-5.212500	0.000267
-5.206500	0.000267
-5.200500	0.000267
-5.194500	0.000267
-5.188500	0.000267
-5.182500	0.000267
-5.176500	0.000268
-5.170500	0.000268
-5.164500	0.000268
-5.158500	0.000268
-5.152500	0.000268
-5.146500	0.000268
-5.140500	0.000268
-5.134500	0.000268
-5.128500	0.000268
-5.122500	0.000268
-5.116500	0.000268
-5.110500	0.000268
-5.104500	0.000268
-5.098500	0.000269
-5.092500	0.000269
-5.086500	0.000269
-5.080500	0.000269
-5.074500	0.000269
-5.068500	0.000269
-5.062500	0.000269
-5.056500	0.000269
-5.050500	0.000269
-5.044500	0.000269
-5.038500	0.000269
-5.032500	0.000269
-5.026500	0.000269
-5.020500	0.000270
-5.014500	0.000270
-5.008500	0.000270
-5.002500	0.000270
-4.996500	0.000270
-4.990500	0.000270
-4.984500	0.000270
-4.978500	0.000270
-4.972500	0.000270
-4.966500	0.000270
-4.960500	0.000270
-4.954500	0.000271
-4.948500	0.000271
-4.942500	0.000271
-4.936500	0.000271
-4.930500	0.000271
-4.924500	0.000271
-4.918500	0.000271
-4.912500	0.000271
-4.906500	0.000271
-4.900500	0.000271
-4.894500	0.000271
-4.888500	0.000271
-4.882500	0.000271
-4.876500	0.000271
-4.870500	0.000272
-4.864500	0.000272
-4.858500	0.000272
-4.852500	0.000272
-4.846500	0.000272
-4.840500	0.000272
-4.834500	0.000272
-4.828500	0.000272
-4.822500	0.000272
-4.816500	0.000272
-4.810500	0.000272
-4.804500	0.000272
-4.798500	0.000272
-4.792500	0.000272
-4.786500	0.000272
-4.780500	0.000272
-4.774500	0.000273
-4.768500	0.000273
-4.762500	0.000273
-4.756500	0.000273
-4.750500	0.000273
-4.744500	0.000273
-4.738500	0.000273
-4.732500	0.000273
-4.726500	0.000273
-4.720500	0.000273
-4.714500	0.000273
-4.708500	0.000273
-4.702500	0.000273
-4.696500	0.000273
-4.690500	0.000273
-4.684500	0.000274
-4.678500	0.000274
-4.672500	0.000274
-4.666500	0.000274
-4.660500	0.000274
-4.654500	0.000274
-4.648500	0.000274
-4.642500	0.000274
-4.636500	0.000274
-4.630000	0.000274
-4.624000	0.000274
-4.618000	0.000274
-4.612000	0.000274
-4.606000	0.000274
-4.600000	0.000274
-4.594000	0.000274
-4.588000	0.000275
-4.582000	0.000275
-4.576000	0.000275
-4.570000	0.000275
-4.564000	0.000275
-4.558000	0.000275
-4.552000	0.000275
-4.546000	0.000275
-4.540000	0.000275
-4.534000	0.000275
-4.528000	0.000275
-4.522000	0.000275
-4.516000	0.000275
-4.510000	0.000275
-4.504000	0.000275
-4.498000	0.000275
-4.492000	0.000275
-4.486000	0.000275
-4.480000	0.000275
-4.474000	0.000275
-4.468000	0.000276
-4.462000	0.000275
-4.456000	0.000276
-4.450000	0.000275
-4.444000	0.000276
-4.438000	0.000276
-4.432000	0.000276
-4.426000	0.000276
-4.420000	0.000276
-4.414000	0.000276
-4.408000	0.000276
-4.402000	0.000276
-4.396000	0.000276
-4.390000	0.000276
-4.384000	0.000276
-4.378000	0.000276
-4.372000	0.000276
-4.366000	0.000276
-4.360000	0.000276
-4.354000	0.000276
-4.348000	0.000276
-4.342000	0.000277
-4.336000	0.000277
-4.330000	0.000277
-4.324000	0.000277
-4.318000	0.000277
-4.312000	0.000277
-4.306000	0.000277
-4.300000	0.000277
-4.294000	0.000277
-4.288000	0.000277
-4.282000	0.000277
-4.276000	0.000277
-4.270000	0.000277
-4.264000	0.000277
-4.258000	0.000277
-4.252000	0.000277
-4.246000	0.000278
-4.240000	0.000278
-4.234000	0.000278
-4.228000	0.000278
-4.222000	0.000278
-4.216000	0.000278
-4.210000	0.000278
-4.204000	0.000278
-4.198000	0.000278
-4.192000	0.000278
-4.186000	0.000278
-4.180000	0.000278
-4.174000	0.000278
-4.168000	0.000278
-4.162000	0.000278
-4.156000	0.000278
-4.150000	0.000278
-4.144000	0.000278
-4.138000	0.000279
-4.132000	0.000279
-4.126000	0.000279
-4.120000	0.000279
-4.114000	0.000279
-4.108000	0.000279
-4.102000	0.000279
-4.096000	0.000279
-4.090000	0.000279
-4.084000	0.000279
-4.078000	0.000279
-4.072000	0.000279
-4.066000	0.000279
-4.060000	0.000279
-4.054000	0.000279
-4.048000	0.000279
-4.042000	0.000279
-4.036000	0.000279
-4.030000	0.000279
-4.024000	0.000279
-4.018000	0.000279
-4.012000	0.000279
-4.005500	0.000279
-3.999500	0.000279
-3.993500	0.000279
-3.987500	0.000279
-3.981500	0.000279
-3.975500	0.000280
-3.969500	0.000280
-3.963500	0.000280
-3.957500	0.000280
-3.951500	0.000280
-3.945500	0.000280
-3.939500	0.000280
-3.933500	0.000280
-3.927500	0.000280
-3.921500	0.000280
-3.915500	0.000280
-3.909500	0.000280
-3.903500	0.000280
-3.897500	0.000280
-3.891500	0.000280
-3.885500	0.000280
-3.879500	0.000280
-3.873500	0.000280
-3.867500	0.000280
-3.861500	0.000280
-3.855500	0.000281
-3.849500	0.000281
-3.843500	0.000281
-3.837500	0.000281
-3.831500	0.000281
-3.825500	0.000281
-3.819500	0.000281
-3.813500	0.000281
-3.807500	0.000281
-3.801500	0.000281
-3.795500	0.000281
-3.789500	0.000281
-3.783500	0.000281
-3.777500	0.000281
-3.771500	0.000281
-3.765500	0.000281
-3.759500	0.000281
-3.753500	0.000281
-3.747500	0.000281
-3.741500	0.000281
-3.735500	0.000281
-3.729500	0.000281
-3.723500	0.000281
-3.717500	0.000281
-3.711500	0.000281
-3.705500	0.000281
-3.699500	0.000281
-3.693500	0.000282
-3.687500	0.000282
-3.681500	0.000282
-3.675500	0.000282
-3.669500	0.000282
-3.663500	0.000282
-3.657500	0.000282
-3.651500	0.000282
-3.645500	0.000282
-3.639500	0.000282
-3.633500	0.000282
-3.627500	0.000282
-3.621500	0.000282
-3.615500	0.000282
-3.609500	0.000282
-3.603500	0.000282
-3.597500	0.000282
-3.591500	0.000282
-3.585500	0.000282
-3.579500	0.000282
-3.573500	0.000283
-3.567500	0.000283
-3.561500	0.000283
-3.555500	0.000283
-3.549500	0.000283
-3.543500	0.000283
-3.537500	0.000283
-3.531500	0.000283
-3.525500	0.000283
-3.519500	0.000283
-3.513500	0.000283
-3.507500	0.000283
-3.501500	0.000283
-3.495500	0.000283
-3.489500	0.000283
-3.483500	0.000283
-3.477500	0.000283
-3.471500	0.000283
-3.465500	0.000283
-3.459500	0.000283
-3.453500	0.000283
-3.447500	0.000283
-3.441500	0.000283
-3.435500	0.000283
-3.429500	0.000283
-3.423500	0.000283
-3.417500	0.000283
-3.411500	0.000283
-3.405500	0.000283
-3.399500	0.000283
-3.393500	0.000284
-3.387500	0.000284
-3.381000	0.000284
-3.375000	0.000284
-3.369000	0.000284
-3.363000	0.000284
-3.357000	0.000284
-3.351000	0.000284
-3.345000	0.000284
-3.339000	0.000284
-3.333000	0.000284
-3.327000	0.000284
-3.321000	0.000284
-3.315000	0.000284
-3.309000	0.000284
-3.303000	0.000284
-3.297000	0.000284
-3.291000	0.000284
-3.285000	0.000284
-3.279000	0.000284
-3.273000	0.000284
-3.267000	0.000284
-3.261000	0.000284
-3.255000	0.000284
-3.249000	0.000284
-3.243000	0.000284
-3.237000	0.000284
-3.231000	0.000284
-3.225000	0.000284
-3.219000	0.000284
-3.213000	0.000285
-3.207000	0.000285
-3.201000	0.000285
-3.195000	0.000285
-3.189000	0.000285
-3.183000	0.000285
-3.177000	0.000285
-3.171000	0.000285
-3.165000	0.000285
-3.159000	0.000285
-3.153000	0.000285
-3.147000	0.000285
-3.141000	0.000285
-3.135000	0.000285
-3.129000	0.000285
-3.123000	0.000285
-3.117000	0.000285
-3.111000	0.000285
-3.105000	0.000285
-3.099000	0.000285
-3.093000	0.000285
-3.087000	0.000285
-3.081000	0.000285
-3.075000	0.000285
-3.069000	0.000285
-3.063000	0.000285
-3.057000	0.000285
-3.051000	0.000285
-3.045000	0.000285
-3.039000	0.000285
-3.033000	0.000285
-3.027000	0.000286
-3.021000	0.000286
-3.015000	0.000286
-3.009000	0.000286
-3.003000	0.000286
-2.997000	0.000286
-2.991000	0.000286
-2.985000	0.000286
-2.979000	0.000286
-2.973000	0.000286
-2.967000	0.000286
-2.961000	0.000286
-2.955000	0.000286
-2.949000	0.000286
-2.943000	0.000286
-2.937000	0.000286
-2.931000	0.000286
-2.925000	0.000286
-2.919000	0.000286
-2.913000	0.000286
-2.907000	0.000286
-2.901000	0.000286
-2.895000	0.000286
-2.889000	0.000286
-2.883000	0.000286
-2.877000	0.000286
-2.871000	0.000286
-2.865000	0.000286
-2.859000	0.000286
-2.853000	0.000286
-2.847000	0.000286
-2.841000	0.000286
-2.835000	0.000286
-2.829000	0.000286
-2.823000	0.000287
-2.817000	0.000286
-2.811000	0.000287
-2.805000	0.000286
-2.799000	0.000286
-2.793000	0.000286
-2.787000	0.000286
-2.781000	0.000286
-2.775000	0.000286
-2.769000	0.000286
-2.763000	0.000287
-2.756500	0.000287
-2.750500	0.000287
-2.744500	0.000287
-2.738500	0.000287
-2.732500	0.000287
-2.726500	0.000287
-2.720500	0.000287
-2.714500	0.000287
-2.708500	0.000287
-2.702500	0.000287
-2.696500	0.000287
-2.690500	0.000287
-2.684500	0.000287
-2.678500	0.000287
-2.672500	0.000287
-2.666500	0.000287
-2.660500	0.000287
-2.654500	0.000287
-2.648500	0.000287
-2.642500	0.000287
-2.636500	0.000287
-2.630500	0.000287
-2.624500	0.000287
-2.618500	0.000287
-2.612500	0.000287
-2.606500	0.000287
-2.600500	0.000287
-2.594500	0.000287
-2.588500	0.000287
-2.582500	0.000287
-2.576500	0.000287
-2.570500	0.000287
-2.564500	0.000288
-2.558500	0.000288
-2.552500	0.000288
-2.546500	0.000288
-2.540500	0.000288
-2.534500	0.000288
-2.528500	0.000288
-2.522500	0.000288
-2.516500	0.000288
-2.510500	0.000288
-2.504500	0.000288
-2.498500	0.000288
-2.492500	0.000288
-2.486500	0.000288
-2.480500	0.000288
-2.474500	0.000288
-2.468500	0.000288
-2.462500	0.000288
-2.456500	0.000288
-2.450500	0.000288
-2.444500	0.000288
-2.438500	0.000288
-2.432500	0.000288
-2.426500	0.000288
-2.420500	0.000288
-2.414500	0.000288
-2.408500	0.000288
-2.402500	0.000288
-2.396500	0.000288
-2.390500	0.000288
-2.384500	0.000288
-2.378500	0.000288
-2.372500	0.000288
-2.366500	0.000288
-2.360500	0.000288
-2.354500	0.000288
-2.348500	0.000288
-2.342500	0.000288
-2.336500	0.000288
-2.330500	0.000288
-2.324500	0.000288
-2.318500	0.000288
-2.312500	0.000288
-2.306500	0.000288
-2.300500	0.000288
-2.294500	0.000288
-2.288500	0.000289
-2.282500	0.000289
-2.276500	0.000289
-2.270500	0.000289
-2.264500	0.000289
-2.258500	0.000289
-2.252500	0.000289
-2.246500	0.000289
-2.240500	0.000289
-2.234500	0.000289
-2.228500	0.000289
-2.222500	0.000289
-2.216500	0.000289
-2.210500	0.000289
-2.204500	0.000289
-2.198500	0.000289
-2.192500	0.000289
-2.186500	0.000289
-2.180500	0.000289
-2.174500	0.000289
-2.168500	0.000289
-2.162500	0.000289
-2.156500	0.000289
-2.150500	0.000289
-2.144500	0.000289
-2.138500	0.000289
-2.132000	0.000289
-2.126000	0.000289
-2.120000	0.000289
-2.114000	0.000289
-2.108000	0.000289
-2.102000	0.000289
-2.096000	0.000289
-2.090000	0.000289
-2.084000	0.000289
-2.078000	0.000289
-2.072000	0.000289
-2.066000	0.000289
-2.060000	0.000289
-2.054000	0.000289
-2.048000	0.000289
-2.042000	0.000289
-2.036000	0.000289
-2.030000	0.000289
-2.024000	0.000289
-2.018000	0.000289
-2.012000	0.000289
-2.006000	0.000290
-2.000000	0.000290
-1.994000	0.000290
-1.988000	0.000290
-1.982000	0.000290
-1.976000	0.000290
-1.970000	0.000290
-1.964000	0.000290
-1.958000	0.000290
-1.952000	0.000290
-1.946000	0.000290
-1.940000	0.000290
-1.934000	0.000290
-1.928000	0.000290
-1.922000	0.000290
-1.916000	0.000290
-1.910000	0.000290
-1.904000	0.000290
-1.898000	0.000290
-1.892000	0.000290
-1.886000	0.000290
-1.880000	0.000290
-1.874000	0.000290
-1.868000	0.000290
-1.862000	0.000290
-1.856000	0.000290
-1.850000	0.000290
-1.844000	0.000290
-1.838000	0.000290
-1.832000	0.000290
-1.826000	0.000290
-1.820000	0.000290
-1.814000	0.000290
-1.808000	0.000290
-1.802000	0.000290
-1.796000	0.000290
-1.790000	0.000290
-1.784000	0.000290
-1.778000	0.000290
-1.772000	0.000290
-1.766000	0.000290
-1.760000	0.000290
-1.754000	0.000290
-1.748000	0.000290
-1.742000	0.000290
-1.736000	0.000290
-1.730000	0.000290
-1.724000	0.000291
-1.718000	0.000290
-1.712000	0.000290
-1.706000	0.000291
-1.700000	0.000291
-1.694000	0.000290
-1.688000	0.000290
-1.682000	0.000290
-1.676000	0.000290
-1.670000	0.000290
-1.664000	0.000290
-1.658000	0.000290
-1.652000	0.000290
-1.646000	0.000291
-1.640000	0.000291
-1.634000	0.000291
-1.628000	0.000291
-1.622000	0.000291
-1.616000	0.000291
-1.610000	0.000291
-1.604000	0.000291
-1.598000	0.000291
-1.592000	0.000291
-1.586000	0.000291
-1.580000	0.000291
-1.574000	0.000291
-1.568000	0.000291
-1.562000	0.000291
-1.556000	0.000291
-1.550000	0.000291
-1.544000	0.000291
-1.538000	0.000291
-1.532000	0.000291
-1.526000	0.000291
-1.520000	0.000291
-1.514000	0.000291
-1.507500	0.000291
-1.501500	0.000291
-1.495500	0.000291
-1.489500	0.000291
-1.483500	0.000291
-1.477500	0.000291
-1.471500	0.000291
-1.465500	0.000291
-1.459500	0.000291
-1.453500	0.000291
-1.447500	0.000291
-1.441500	0.000291
-1.435500	0.000291
-1.429500	0.000291
-1.423500	0.000291
-1.417500	0.000291
-1.411500	0.000291
-1.405500	0.000291
-1.399500	0.000291
-1.393500	0.000291
-1.387500	0.000291
-1.381500	0.000291
-1.375500	0.000291
-1.369500	0.000291
-1.363500	0.000291
-1.357500	0.000291
-1.351500	0.000291
-1.345500	0.000291
-1.339500	0.000292
-1.333500	0.000291
-1.327500	0.000292
-1.321500	0.000291
-1.315500	0.000291
-1.309500	0.000291
-1.303500	0.000291
-1.297500	0.000291
-1.291500	0.000291
-1.285500	0.000291
-1.279500	0.000292
-1.273500	0.000292
-1.267500	0.000292
-1.261500	0.000292
-1.255500	0.000292
-1.249500	0.000292
-1.243500	0.000292
-1.237500	0.000292
-1.231500	0.000292
-1.225500	0.000292
-1.219500	0.000292
-1.213500	0.000292
-1.207500	0.000292
-1.201500	0.000292
-1.195500	0.000292
-1.189500	0.000292
-1.183500	0.000292
-1.177500	0.000292
-1.171500	0.000292
-1.165500	0.000292
-1.159500	0.000292
-1.153500	0.000292
-1.147500	0.000292
-1.141500	0.000292
-1.135500	0.000292
-1.129500	0.000292
-1.123500	0.000292
-1.117500	0.000292
-1.111500	0.000292
-1.105500	0.000292
-1.099500	0.000292
-1.093500	0.000292
-1.087500	0.000292
-1.081500	0.000292
-1.075500	0.000292
-1.069500	0.000292
-1.063500	0.000292
-1.057500	0.000292
-1.051500	0.000292
-1.045500	0.000292
-1.039500	0.000292
-1.033500	0.000292
-1.027500	0.000292
-1.021500	0.000292
-1.015500	0.000292
-1.009500	0.000292
-1.003500	0.000292
-0.997500	0.000292
-0.991500	0.000292
-0.985500	0.000292
-0.979500	0.000292
-0.973500	0.000292
-0.967500	0.000292
-0.961500	0.000292
-0.955500	0.000292
-0.949500	0.000292
-0.943500	0.000292
-0.937500	0.000292
-0.931500	0.000292
-0.925500	0.000292
-0.919500	0.000292
-0.913500	0.000292
-0.907500	0.000292
-0.901500	0.000292
-0.895500	0.000292
-0.889500	0.000293
-0.883000	0.000293
-0.877000	0.000293
-0.871000	0.000293
-0.865000	0.000293
-0.859000	0.000293
-0.853000	0.000293
-0.847000	0.000292
-0.841000	0.000292
-0.835000	0.000292
-0.829000	0.000292
-0.823000	0.000293
-0.817000	0.000292
-0.811000	0.000293
-0.805000	0.000293
-0.799000	0.000293
-0.793000	0.000293
-0.787000	0.000293
-0.781000	0.000293
-0.775000	0.000293
-0.769000	0.000293
-0.763000	0.000293
-0.757000	0.000293
-0.751000	0.000293
-0.745000	0.000293
-0.739000	0.000293
-0.733000	0.000293
-0.727000	0.000293
-0.721000	0.000293
-0.715000	0.000293
-0.709000	0.000293
-0.703000	0.000293
-0.697000	0.000293
-0.691000	0.000293
-0.685000	0.000293
-0.679000	0.000293
-0.673000	0.000293
-0.667000	0.000293
-0.661000	0.000293
-0.655000	0.000293
-0.649000	0.000293
-0.643000	0.000293
-0.637000	0.000293
-0.631000	0.000293
-0.625000	0.000293
-0.619000	0.000293
-0.613000	0.000293
-0.607000	0.000293
-0.601000	0.000293
-0.595000	0.000293
-0.589000	0.000293
-0.583000	0.000293
-0.577000	0.000293
-0.571000	0.000293
-0.565000	0.000293
-0.559000	0.000293
-0.553000	0.000293
-0.547000	0.000293
-0.541000	0.000293
-0.535000	0.000293
-0.529000	0.000293
-0.523000	0.000293
-0.517000	0.000293
-0.511000	0.000293
-0.505000	0.000293
-0.499000	0.000293
-0.493000	0.000293
-0.487000	0.000293
-0.481000	0.000293
-0.475000	0.000293
-0.469000	0.000293
-0.463000	0.000293
-0.457000	0.000293
-0.451000	0.000293
-0.445000	0.000293
-0.439000	0.000293
-0.433000	0.000293
-0.427000	0.000293
-0.421000	0.000293
-0.415000	0.000293
-0.409000	0.000294
-0.403000	0.000294
-0.397000	0.000294
-0.391000	0.000294
-0.385000	0.000293
-0.379000	0.000293
-0.373000	0.000293
-0.367000	0.000293
-0.361000	0.000293
-0.355000	0.000293
-0.349000	0.000293
-0.343000	0.000294
-0.337000	0.000294
-0.331000	0.000294
-0.325000	0.000294
-0.319000	0.000294
-0.313000	0.000294
-0.307000	0.000294
-0.301000	0.000294
-0.295000	0.000294
-0.289000	0.000294
-0.283000	0.000294
-0.277000	0.000293
-0.271000	0.000294
-0.265000	0.000293
-0.258500	0.000294
-0.252500	0.000294
-0.246500	0.000294
-0.240500	0.000294
-0.234500	0.000294
-0.228500	0.000294
-0.222500	0.000294
-0.216500	0.000294
-0.210500	0.000294
-0.204500	0.000294
-0.198500	0.000294
-0.192500	0.000294
-0.186500	0.000294
-0.180500	0.000294
-0.174500	0.000294
-0.168500	0.000294
-0.162500	0.000294
-0.156500	0.000294
-0.150500	0.000294
-0.144500	0.000294
-0.138500	0.000294
-0.132500	0.000294
-0.126500	0.000294
-0.120500	0.000294
-0.114500	0.000294
-0.108500	0.000294
-0.102500	0.000294
-0.096500	0.000294
-0.090500	0.000294
-0.084500	0.000294
-0.078500	0.000294
-0.072500	0.000294
-0.066500	0.000294
-0.060500	0.000294
-0.054500	0.000294
-0.048500	0.000294
-0.042500	0.000294
-0.036500	0.000294
-0.030500	0.000294
-0.024500	0.000294
-0.018500	0.000294
-0.012500	0.000294
-0.006500	0.000294
-0.000500	0.000294
