% Langmuir characteristic curve

% U (Volt)	I (A)
-15.000000	-5.180482E-7
-14.994000	-4.756730E-7
-14.988000	-2.811430E-7
-14.982000	-3.403984E-7
-14.976000	-2.980232E-7
-14.970000	-2.684537E-7
-14.964000	2.211891E-9
-14.958000	-1.669396E-7
-14.952000	-1.119915E-7
-14.946000	-2.642628E-7
-14.940000	-2.599554E-7
-14.934000	-4.038448E-7
-14.928000	-4.165340E-7
-14.922000	-4.122267E-7
-14.916000	-5.518086E-7
-14.910000	-3.784662E-7
-14.904000	-3.784662E-7
-14.898000	-3.403984E-7
-14.892000	-3.319001E-7
-14.886000	-2.853340E-7
-14.880000	-3.585592E-8
-14.874000	-2.303859E-7
-14.868000	-2.599554E-7
-14.862000	-1.881272E-7
-14.856000	-1.584413E-7
-14.850000	-2.008164E-7
-14.844000	-2.726447E-7
-14.838000	-3.741588E-7
-14.832000	-3.699679E-7
-14.826000	-4.799804E-7
-14.820000	-4.968606E-7
-14.814000	-4.799804E-7
-14.808000	-3.150199E-7
-14.802000	-2.599554E-7
-14.796000	-2.853340E-7
-14.790000	-1.965091E-7
-14.784000	-1.838198E-7
-14.778000	-9.080395E-8
-14.772000	-2.726447E-7
-14.766000	-1.669396E-7
-14.760000	-2.896413E-7
-14.754000	-2.811430E-7
-14.748000	-4.672911E-7
-14.742000	-5.137408E-7
-14.736000	-4.672911E-7
-14.730000	-4.502945E-7
-14.724000	-4.207250E-7
-14.718000	-3.699679E-7
-14.712000	-2.980232E-7
-14.706000	-2.684537E-7
-14.700000	-1.330627E-7
-14.694000	-1.034932E-7
-14.688000	-1.034932E-7
-14.682000	-1.669396E-7
-14.676000	-2.050074E-7
-14.670000	-2.303859E-7
-14.664000	-2.811430E-7
-14.658000	-5.307375E-7
-14.652000	-4.122267E-7
-14.645500	-3.953464E-7
-14.639500	-4.502945E-7
-14.633500	-3.403984E-7
-14.627500	-3.234018E-7
-14.621500	-2.938323E-7
-14.615500	-2.472661E-7
-14.609500	-1.838198E-7
-14.603500	-4.423782E-8
-14.597500	-2.135057E-7
-14.591500	-3.911555E-7
-14.585500	-2.091983E-7
-14.579500	-3.065215E-7
-14.573500	-2.472661E-7
-14.567500	-4.587928E-7
-14.561500	-3.023306E-7
-14.555500	-4.756730E-7
-14.549500	-4.080357E-7
-14.543500	-4.334142E-7
-14.537500	-3.699679E-7
-14.531500	-2.853340E-7
-14.525500	-3.403984E-7
-14.519500	-1.500593E-7
-14.513500	-1.711305E-7
-14.507500	-7.811468E-8
-14.501500	-1.500593E-7
-14.495500	-1.246808E-7
-14.489500	-1.584413E-7
-14.483500	-1.500593E-7
-14.477500	-2.811430E-7
-14.471500	-4.080357E-7
-14.465500	-3.911555E-7
-14.459500	-5.180482E-7
-14.453500	-5.391194E-7
-14.447500	-4.207250E-7
-14.441500	-3.403984E-7
-14.435500	-2.557645E-7
-14.429500	-2.091983E-7
-14.423500	-1.754379E-7
-14.417500	-1.965091E-7
-14.411500	-2.091983E-7
-14.405500	-2.642628E-7
-14.399500	-2.218876E-7
-14.393500	-2.135057E-7
-14.387500	-3.784662E-7
-14.381500	-3.530877E-7
-14.375500	-4.502945E-7
-14.369500	-4.165340E-7
-14.363500	-5.391194E-7
-14.357500	-3.911555E-7
-14.351500	-3.995374E-7
-14.345500	-2.642628E-7
-14.339500	-2.557645E-7
-14.333500	-1.246808E-7
-14.327500	-1.838198E-7
-14.321500	-1.373701E-7
-14.315500	-1.584413E-7
-14.309500	-2.091983E-7
-14.303500	-2.345769E-7
-14.297500	-2.008164E-7
-14.291500	-3.530877E-7
-14.285500	-4.122267E-7
-14.279500	-3.277091E-7
-14.273500	-4.038448E-7
-14.267500	-4.334142E-7
-14.261500	-4.249159E-7
-14.255500	-3.150199E-7
-14.249500	-2.896413E-7
-14.243500	-1.373701E-7
-14.237500	-1.415610E-7
-14.231500	-1.076842E-7
-14.225500	-1.669396E-7
-14.219500	-1.965091E-7
-14.213500	-2.515735E-7
-14.207500	-2.599554E-7
-14.201500	-3.487803E-7
-14.195500	-4.419126E-7
-14.189500	-4.629837E-7
-14.183500	-5.095499E-7
-14.177500	-4.080357E-7
-14.171500	-3.403984E-7
-14.165500	-3.065215E-7
-14.159500	-3.107125E-7
-14.153500	-1.669396E-7
-14.147500	-1.881272E-7
-14.141500	-2.345769E-7
-14.135500	-2.472661E-7
-14.129500	-3.585592E-8
-14.123500	-2.091983E-7
-14.117500	-3.360910E-7
-14.111500	-3.741588E-7
-14.105500	-4.419126E-7
-14.099500	-3.445894E-7
-14.093500	-3.868481E-7
-14.087500	-3.784662E-7
-14.081500	-4.883623E-7
-14.075500	-3.192108E-7
-14.069500	-2.472661E-7
-14.063500	-2.303859E-7
-14.057500	-1.923181E-7
-14.051500	-2.345769E-7
-14.045500	-1.415610E-7
-14.039500	-6.286427E-9
-14.033500	-3.445894E-7
-14.027500	-2.218876E-7
-14.021500	-4.122267E-7
-14.015500	-3.657769E-7
-14.009500	-4.799804E-7
-14.003500	-4.334142E-7
-13.997500	-4.714821E-7
-13.991500	-3.868481E-7
-13.985500	-4.968606E-7
-13.979500	-2.938323E-7
-13.973500	-2.135057E-7
-13.967500	-2.599554E-7
-13.961500	-2.135057E-7
-13.955500	-1.627486E-7
-13.949000	-2.388842E-7
-13.943000	-1.288718E-7
-13.937000	-2.472661E-7
-13.931000	-3.150199E-7
-13.925000	-3.360910E-7
-13.919000	-4.672911E-7
-13.913000	-5.053589E-7
-13.907000	-5.095499E-7
-13.901000	-3.699679E-7
-13.895000	-3.530877E-7
-13.889000	-2.769521E-7
-13.883000	-3.530877E-7
-13.877000	-1.119915E-7
-13.871000	-2.642628E-7
-13.865000	-1.796288E-7
-13.859000	-6.286427E-9
-13.853000	-1.203734E-7
-13.847000	-2.769521E-7
-13.841000	-3.319001E-7
-13.835000	-3.319001E-7
-13.829000	-5.307375E-7
-13.823000	-5.264301E-7
-13.817000	-5.180482E-7
-13.811000	-3.868481E-7
-13.805000	-3.868481E-7
-13.799000	-1.584413E-7
-13.793000	-3.023306E-7
-13.787000	-2.980232E-7
-13.781000	-1.076842E-7
-13.775000	-1.076842E-7
-13.769000	-2.008164E-7
-13.763000	-2.135057E-7
-13.757000	-3.107125E-7
-13.751000	-1.500593E-7
-13.745000	-3.445894E-7
-13.739000	-3.911555E-7
-13.733000	-2.599554E-7
-13.727000	-5.686888E-7
-13.721000	-3.572786E-7
-13.715000	-3.319001E-7
-13.709000	-2.853340E-7
-13.703000	-2.599554E-7
-13.697000	-1.500593E-7
-13.691000	-1.584413E-7
-13.685000	-1.047738E-8
-13.679000	-1.669396E-7
-13.673000	-1.500593E-7
-13.667000	-2.557645E-7
-13.661000	-1.796288E-7
-13.655000	-4.756730E-7
-13.649000	-5.095499E-7
-13.643000	-4.038448E-7
-13.637000	-5.307375E-7
-13.631000	-3.784662E-7
-13.625000	-3.699679E-7
-13.619000	-2.472661E-7
-13.613000	-3.107125E-7
-13.607000	-1.754379E-7
-13.601000	-1.542503E-7
-13.595000	-1.979060E-9
-13.589000	-1.500593E-7
-13.583000	-1.542503E-7
-13.577000	-2.218876E-7
-13.571000	-2.726447E-7
-13.565000	-2.684537E-7
-13.559000	-3.699679E-7
-13.553000	-3.741588E-7
-13.547000	-4.080357E-7
-13.541000	-4.249159E-7
-13.535000	-3.911555E-7
-13.529000	-4.249159E-7
-13.523000	-2.980232E-7
-13.517000	-2.008164E-7
-13.511000	-1.203734E-7
-13.505000	-1.881272E-7
-13.499000	-1.034932E-7
-13.493000	-1.415610E-7
-13.487000	-1.881272E-7
-13.481000	-2.303859E-7
-13.475000	-4.546018E-7
-13.469000	-2.642628E-7
-13.463000	-3.445894E-7
-13.457000	-5.434267E-7
-13.451000	-3.868481E-7
-13.445000	-4.883623E-7
-13.439000	-2.684537E-7
-13.433000	-3.023306E-7
-13.427000	-2.218876E-7
-13.421000	-2.599554E-7
-13.415000	-1.119915E-7
-13.409000	-5.692709E-8
-13.403000	-6.286427E-9
-13.397000	-1.669396E-7
-13.391000	-2.388842E-7
-13.385000	-2.980232E-7
-13.379000	-4.038448E-7
-13.373000	-4.165340E-7
-13.367000	-4.038448E-7
-13.361000	-3.868481E-7
-13.355000	-4.841713E-7
-13.349000	-2.896413E-7
-13.343000	-2.388842E-7
-13.337000	-7.811468E-8
-13.331000	-2.938323E-7
-13.325000	-1.119915E-7
-13.319000	-1.796288E-7
-13.313000	-1.584413E-7
-13.307000	-2.345769E-7
-13.301000	-2.430752E-7
-13.295000	-1.669396E-7
-13.289000	-2.135057E-7
-13.283000	-5.137408E-7
-13.277000	-4.376052E-7
-13.271000	-4.292233E-7
-13.265000	-3.995374E-7
-13.258500	-3.107125E-7
-13.252500	-2.303859E-7
-13.246500	-1.669396E-7
-13.240500	-2.472661E-7
-13.234500	-2.218876E-7
-13.228500	-1.415610E-7
-13.222500	6.402843E-9
-13.216500	-2.472661E-7
-13.210500	-2.472661E-7
-13.204500	-3.065215E-7
-13.198500	-3.741588E-7
-13.192500	-3.657769E-7
-13.186500	-5.180482E-7
-13.180500	-3.826572E-7
-13.174500	-4.122267E-7
-13.168500	-3.826572E-7
-13.162500	-2.303859E-7
-13.156500	-3.065215E-7
-13.150500	-2.261950E-7
-13.144500	-1.203734E-7
-13.138500	-1.119915E-7
-13.132500	1.490116E-8
-13.126500	-2.345769E-7
-13.120500	-3.023306E-7
-13.114500	-2.303859E-7
-13.108500	-2.938323E-7
-13.102500	-6.533228E-7
-13.096500	-5.222391E-7
-13.090500	-3.868481E-7
-13.084500	-4.038448E-7
-13.078500	-3.741588E-7
-13.072500	-2.472661E-7
-13.066500	-2.599554E-7
-13.060500	-2.008164E-7
-13.054500	-2.345769E-7
-13.048500	-1.373701E-7
-13.042500	-7.392373E-8
-13.036500	-2.303859E-7
-13.030500	-7.811468E-8
-13.024500	-2.896413E-7
-13.018500	-2.684537E-7
-13.012500	-4.080357E-7
-13.006500	-3.868481E-7
-13.000500	-3.911555E-7
-12.994500	-4.334142E-7
-12.988500	-4.122267E-7
-12.982500	-2.345769E-7
-12.976500	-2.345769E-7
-12.970500	-1.373701E-7
-12.964500	-1.838198E-7
-12.958500	2.211891E-9
-12.952500	-1.669396E-7
-12.946500	-1.373701E-7
-12.940500	-1.669396E-7
-12.934500	-2.684537E-7
-12.928500	-2.938323E-7
-12.922500	-6.110640E-7
-12.916500	-5.264301E-7
-12.910500	-3.150199E-7
-12.904500	-3.826572E-7
-12.898500	-3.741588E-7
-12.892500	-3.572786E-7
-12.886500	-2.853340E-7
-12.880500	-1.373701E-7
-12.874500	1.490116E-8
-12.868500	-1.457520E-7
-12.862500	-1.330627E-7
-12.856500	-2.599554E-7
-12.850500	-2.388842E-7
-12.844500	-1.542503E-7
-12.838500	-3.234018E-7
-12.832500	-4.165340E-7
-12.826500	-2.853340E-7
-12.820500	-3.953464E-7
-12.814500	-3.826572E-7
-12.808500	-2.515735E-7
-12.802500	-3.657769E-7
-12.796500	-3.150199E-7
-12.790500	-2.557645E-7
-12.784500	-1.119915E-7
-12.778500	-9.080395E-8
-12.772500	-1.627486E-7
-12.766500	-4.423782E-8
-12.760500	-4.854519E-8
-12.754500	-2.769521E-7
-12.748500	-2.896413E-7
-12.742500	-3.107125E-7
-12.736500	-4.080357E-7
-12.730500	-4.968606E-7
-12.724500	-2.726447E-7
-12.718500	-3.530877E-7
-12.712500	-3.614696E-7
-12.706500	-2.853340E-7
-12.700500	-2.218876E-7
-12.694500	-1.669396E-7
-12.688500	-1.923181E-7
-12.682500	-6.961636E-8
-12.676500	-2.345769E-7
-12.670500	-2.261950E-7
-12.664500	-3.065215E-7
-12.658500	-3.826572E-7
-12.652500	-2.430752E-7
-12.646500	-3.741588E-7
-12.640500	-3.445894E-7
-12.634500	-5.559996E-7
-12.628500	-3.868481E-7
-12.622500	-3.360910E-7
-12.616500	-2.769521E-7
-12.610500	-2.557645E-7
-12.604500	-1.881272E-7
-12.598500	-1.076842E-7
-12.592500	-2.388842E-7
-12.586500	-9.499490E-8
-12.580500	-1.203734E-7
-12.574500	-1.965091E-7
-12.568000	-3.699679E-7
-12.562000	-5.559996E-7
-12.556000	-3.572786E-7
-12.550000	-2.938323E-7
-12.544000	-3.699679E-7
-12.538000	-3.530877E-7
-12.532000	-2.642628E-7
-12.526000	-3.572786E-7
-12.520000	-3.784662E-7
-12.514000	-1.838198E-7
-12.508000	-2.472661E-7
-12.502000	-1.076842E-7
-12.496000	-1.203734E-7
-12.490000	-9.930227E-8
-12.484000	-1.965091E-7
-12.478000	-1.330627E-7
-12.472000	-3.150199E-7
-12.466000	-3.614696E-7
-12.460000	-4.080357E-7
-12.454000	-4.376052E-7
-12.448000	-4.207250E-7
-12.442000	-4.502945E-7
-12.436000	-3.277091E-7
-12.430000	-2.557645E-7
-12.424000	-1.457520E-7
-12.418000	-1.373701E-7
-12.412000	-1.627486E-7
-12.406000	-1.457520E-7
-12.400000	-1.161825E-7
-12.394000	-1.627486E-7
-12.388000	-2.811430E-7
-12.382000	-1.881272E-7
-12.376000	-3.445894E-7
-12.370000	-4.376052E-7
-12.364000	-4.080357E-7
-12.358000	-4.334142E-7
-12.352000	-4.038448E-7
-12.346000	-2.896413E-7
-12.340000	-2.472661E-7
-12.334000	-1.330627E-7
-12.328000	-1.669396E-7
-12.322000	-2.261950E-7
-12.316000	-1.500593E-7
-12.310000	-2.008164E-7
-12.304000	-1.965091E-7
-12.298000	-3.319001E-7
-12.292000	-2.430752E-7
-12.286000	-2.388842E-7
-12.280000	-2.472661E-7
-12.274000	-3.826572E-7
-12.268000	-5.180482E-7
-12.262000	-3.360910E-7
-12.256000	-3.107125E-7
-12.250000	-2.472661E-7
-12.244000	-1.161825E-7
-12.238000	-9.499490E-8
-12.232000	-1.796288E-7
-12.226000	-1.246808E-7
-12.220000	-1.415610E-7
-12.214000	-2.430752E-7
-12.208000	-2.599554E-7
-12.202000	-2.938323E-7
-12.196000	-3.784662E-7
-12.190000	-2.684537E-7
-12.184000	-4.546018E-7
-12.178000	-3.911555E-7
-12.172000	-3.530877E-7
-12.166000	-3.445894E-7
-12.160000	-3.572786E-7
-12.154000	-2.599554E-7
-12.148000	-1.669396E-7
-12.142000	-6.961636E-8
-12.136000	-9.080395E-8
-12.130000	-1.457520E-7
-12.124000	-2.345769E-7
-12.118000	-1.965091E-7
-12.112000	-2.303859E-7
-12.106000	-3.699679E-7
-12.100000	-4.883623E-7
-12.094000	-3.741588E-7
-12.088000	-3.699679E-7
-12.082000	-4.714821E-7
-12.076000	-3.150199E-7
-12.070000	-2.388842E-7
-12.064000	-3.150199E-7
-12.058000	-1.965091E-7
-12.052000	-1.457520E-7
-12.046000	-1.415610E-7
-12.040000	-7.811468E-8
-12.034000	-1.500593E-7
-12.028000	-1.457520E-7
-12.022000	-2.726447E-7
-12.016000	-1.627486E-7
-12.010000	-2.684537E-7
-12.004000	-4.841713E-7
-11.998000	-4.080357E-7
-11.992000	-4.672911E-7
-11.986000	-2.853340E-7
-11.980000	-3.868481E-7
-11.974000	-3.572786E-7
-11.968000	-2.938323E-7
-11.962000	-1.754379E-7
-11.956000	-2.515735E-7
-11.950000	4.027970E-8
-11.944000	-1.330627E-7
-11.938000	-1.881272E-7
-11.932000	-2.135057E-7
-11.926000	-3.065215E-7
-11.920000	-4.799804E-7
-11.914000	-3.953464E-7
-11.908000	-3.868481E-7
-11.902000	-3.995374E-7
-11.896000	-3.319001E-7
-11.890000	-2.980232E-7
-11.884000	-2.218876E-7
-11.878000	-1.669396E-7
-11.871500	-8.230563E-8
-11.865500	-1.203734E-7
-11.859500	-9.080395E-8
-11.853500	-1.965091E-7
-11.847500	-1.881272E-7
-11.841500	-2.853340E-7
-11.835500	-1.161825E-7
-11.829500	-4.334142E-7
-11.823500	-4.334142E-7
-11.817500	-4.080357E-7
-11.811500	-3.572786E-7
-11.805500	-4.546018E-7
-11.799500	-2.515735E-7
-11.793500	-3.445894E-7
-11.787500	-1.161825E-7
-11.781500	-2.218876E-7
-11.775500	-1.203734E-7
-11.769500	1.490116E-8
-11.763500	-1.161825E-7
-11.757500	-1.754379E-7
-11.751500	-3.614696E-7
-11.745500	-3.953464E-7
-11.739500	-4.122267E-7
-11.733500	-3.953464E-7
-11.727500	-2.599554E-7
-11.721500	-4.714821E-7
-11.715500	-3.360910E-7
-11.709500	-2.642628E-7
-11.703500	-1.373701E-7
-11.697500	-2.345769E-7
-11.691500	-3.445894E-7
-11.685500	-9.499490E-8
-11.679500	-1.246808E-7
-11.673500	-6.123446E-8
-11.667500	-1.457520E-7
-11.661500	-6.542541E-8
-11.655500	-2.261950E-7
-11.649500	-3.107125E-7
-11.643500	-3.911555E-7
-11.637500	-4.122267E-7
-11.631500	-3.530877E-7
-11.625500	-5.010515E-7
-11.619500	-2.599554E-7
-11.613500	-2.472661E-7
-11.607500	-2.853340E-7
-11.601500	-3.741588E-7
-11.595500	-1.457520E-7
-11.589500	-6.123446E-8
-11.583500	-4.004687E-8
-11.577500	-1.627486E-7
-11.571500	-2.176967E-7
-11.565500	-2.176967E-7
-11.559500	-3.107125E-7
-11.553500	-3.360910E-7
-11.547500	-3.868481E-7
-11.541500	-3.995374E-7
-11.535500	-3.614696E-7
-11.529500	-3.234018E-7
-11.523500	-2.896413E-7
-11.517500	-2.135057E-7
-11.511500	-1.711305E-7
-11.505500	-8.661300E-8
-11.499500	-9.930227E-8
-11.493500	-1.034932E-7
-11.487500	-9.930227E-8
-11.481500	-2.050074E-7
-11.475500	-2.091983E-7
-11.469500	-3.487803E-7
-11.463500	-2.726447E-7
-11.457500	-5.264301E-7
-11.451500	-4.165340E-7
-11.445500	-3.150199E-7
-11.439500	-4.122267E-7
-11.433500	-2.261950E-7
-11.427500	-3.107125E-7
-11.421500	-2.938323E-7
-11.415500	-1.542503E-7
-11.409500	-2.261950E-7
-11.403500	-7.811468E-8
-11.397500	-1.711305E-7
-11.391500	-2.091983E-7
-11.385500	-2.303859E-7
-11.379500	-3.277091E-7
-11.373500	-3.657769E-7
-11.367500	-3.234018E-7
-11.361500	-3.699679E-7
-11.355500	-2.472661E-7
-11.349500	-3.319001E-7
-11.343500	-1.203734E-7
-11.337500	-2.261950E-7
-11.331500	-1.415610E-7
-11.325500	-5.692709E-8
-11.319500	-6.123446E-8
-11.313500	-8.661300E-8
-11.307500	-1.373701E-7
-11.301500	-2.261950E-7
-11.295500	-2.515735E-7
-11.289500	-2.642628E-7
-11.283500	-4.461035E-7
-11.277500	-4.672911E-7
-11.271500	-3.319001E-7
-11.265500	-3.826572E-7
-11.259500	-3.784662E-7
-11.253500	-3.107125E-7
-11.247500	-1.203734E-7
-11.241500	-2.135057E-7
-11.235500	-1.542503E-7
-11.229500	-2.472661E-7
-11.223500	-3.585592E-8
-11.217500	-1.119915E-7
-11.211500	-1.203734E-7
-11.205500	-1.627486E-7
-11.199500	-2.008164E-7
-11.193500	-3.150199E-7
-11.187500	-2.599554E-7
-11.181000	-3.445894E-7
-11.175000	-3.530877E-7
-11.169000	-4.249159E-7
-11.163000	-3.699679E-7
-11.157000	-2.642628E-7
-11.151000	-1.965091E-7
-11.145000	-1.923181E-7
-11.139000	-6.123446E-8
-11.133000	-7.811468E-8
-11.127000	-1.415610E-7
-11.121000	-1.330627E-7
-11.115000	-1.838198E-7
-11.109000	-2.430752E-7
-11.103000	-4.714821E-7
-11.097000	-3.530877E-7
-11.091000	-3.657769E-7
-11.085000	-3.319001E-7
-11.079000	-2.896413E-7
-11.073000	-3.234018E-7
-11.067000	-3.530877E-7
-11.061000	-1.711305E-7
-11.055000	-5.273614E-8
-11.049000	-3.154855E-8
-11.043000	-6.961636E-8
-11.037000	-2.345769E-7
-11.031000	-1.457520E-7
-11.025000	-2.135057E-7
-11.019000	-2.515735E-7
-11.013000	-3.107125E-7
-11.007000	-3.319001E-7
-11.001000	-4.038448E-7
-10.995000	-5.053589E-7
-10.989000	-4.038448E-7
-10.983000	-2.811430E-7
-10.977000	-2.515735E-7
-10.971000	-1.923181E-7
-10.965000	-2.261950E-7
-10.959000	-1.542503E-7
-10.953000	-1.203734E-7
-10.947000	-1.161825E-7
-10.941000	-1.203734E-7
-10.935000	-3.995374E-7
-10.929000	-1.584413E-7
-10.923000	-3.107125E-7
-10.917000	-3.953464E-7
-10.911000	-4.165340E-7
-10.905000	-3.784662E-7
-10.899000	-2.980232E-7
-10.893000	-4.376052E-7
-10.887000	-2.811430E-7
-10.881000	-9.080395E-8
-10.875000	-2.642628E-7
-10.869000	-1.288718E-7
-10.863000	-9.080395E-8
-10.857000	-9.080395E-8
-10.851000	-1.203734E-7
-10.845000	-1.965091E-7
-10.839000	-1.965091E-7
-10.833000	-2.769521E-7
-10.827000	-3.319001E-7
-10.821000	-3.826572E-7
-10.815000	-4.968606E-7
-10.809000	-2.938323E-7
-10.803000	-3.234018E-7
-10.797000	-2.769521E-7
-10.791000	-2.642628E-7
-10.785000	1.071021E-8
-10.779000	-5.273614E-8
-10.773000	-1.881272E-7
-10.767000	-9.930227E-8
-10.761000	-1.373701E-7
-10.755000	-1.119915E-7
-10.749000	-1.796288E-7
-10.743000	-3.614696E-7
-10.737000	-3.150199E-7
-10.731000	-3.784662E-7
-10.725000	-2.980232E-7
-10.719000	-2.472661E-7
-10.713000	-3.065215E-7
-10.707000	-3.065215E-7
-10.701000	-4.841713E-7
-10.695000	-1.754379E-7
-10.689000	-6.961636E-8
-10.683000	-1.203734E-7
-10.677000	-1.203734E-7
-10.671000	2.759043E-8
-10.665000	-8.230563E-8
-10.659000	-4.587928E-7
-10.653000	-3.530877E-7
-10.647000	-2.896413E-7
-10.641000	-3.614696E-7
-10.635000	-3.614696E-7
-10.629000	-3.530877E-7
-10.623000	-2.980232E-7
-10.617000	-2.769521E-7
-10.611000	-2.345769E-7
-10.605000	-1.669396E-7
-10.599000	-7.392373E-8
-10.593000	-8.661300E-8
-10.587000	-9.499490E-8
-10.581000	-7.811468E-8
-10.575000	-1.246808E-7
-10.569000	-2.303859E-7
-10.563000	-3.234018E-7
-10.557000	-2.980232E-7
-10.551000	-3.995374E-7
-10.545000	-3.826572E-7
-10.539000	-4.080357E-7
-10.533000	-4.165340E-7
-10.527000	-2.896413E-7
-10.521000	-2.050074E-7
-10.515000	-1.627486E-7
-10.509000	-1.076842E-7
-10.503000	-1.466833E-8
-10.497000	-9.499490E-8
-10.491000	-9.499490E-8
-10.484500	-1.542503E-7
-10.478500	-3.530877E-7
-10.472500	-1.796288E-7
-10.466500	-2.599554E-7
-10.460500	-4.038448E-7
-10.454500	-3.826572E-7
-10.448500	-4.968606E-7
-10.442500	-3.403984E-7
-10.436500	-2.980232E-7
-10.430500	-2.388842E-7
-10.424500	-2.261950E-7
-10.418500	-2.091983E-7
-10.412500	-1.076842E-7
-10.406500	-5.273614E-8
-10.400500	5.296897E-8
-10.394500	-9.499490E-8
-10.388500	-1.796288E-7
-10.382500	-1.500593E-7
-10.376500	-3.614696E-7
-10.370500	-3.530877E-7
-10.364500	-3.953464E-7
-10.358500	-3.784662E-7
-10.352500	-3.360910E-7
-10.346500	-3.530877E-7
-10.340500	-3.403984E-7
-10.334500	-2.472661E-7
-10.328500	-1.669396E-7
-10.322500	-1.288718E-7
-10.316500	-1.119915E-7
-10.310500	-7.811468E-8
-10.304500	3.608875E-8
-10.298500	-1.457520E-7
-10.292500	-2.218876E-7
-10.286500	-1.881272E-7
-10.280500	-2.599554E-7
-10.274500	-3.192108E-7
-10.268500	-3.784662E-7
-10.262500	-4.292233E-7
-10.256500	-1.965091E-7
-10.250500	-2.261950E-7
-10.244500	-1.881272E-7
-10.238500	-7.811468E-8
-10.232500	-1.923181E-7
-10.226500	-9.930227E-8
-10.220500	-9.499490E-8
-10.214500	-9.930227E-8
-10.208500	-1.979060E-9
-10.202500	-1.754379E-7
-10.196500	-1.923181E-7
-10.190500	-2.642628E-7
-10.184500	-3.403984E-7
-10.178500	-4.841713E-7
-10.172500	-3.150199E-7
-10.166500	-3.150199E-7
-10.160500	-2.388842E-7
-10.154500	-2.008164E-7
-10.148500	-1.965091E-7
-10.142500	-1.119915E-7
-10.136500	-1.466833E-8
-10.130500	-7.811468E-8
-10.124500	1.909211E-8
-10.118500	-7.811468E-8
-10.112500	-2.008164E-7
-10.106500	-1.542503E-7
-10.100500	-2.853340E-7
-10.094500	-3.741588E-7
-10.088500	-3.572786E-7
-10.082500	-4.376052E-7
-10.076500	-4.292233E-7
-10.070500	-1.330627E-7
-10.064500	-1.669396E-7
-10.058500	-1.161825E-7
-10.052500	-1.161825E-7
-10.046500	-6.542541E-8
-10.040500	-6.961636E-8
-10.034500	-1.965091E-7
-10.028500	-1.203734E-7
-10.022500	-1.711305E-7
-10.016500	-3.023306E-7
-10.010500	-3.107125E-7
-10.004500	-4.672911E-7
-9.998500	-3.065215E-7
-9.992500	-2.811430E-7
-9.986500	-3.530877E-7
-9.980500	-2.303859E-7
-9.974500	-3.234018E-7
-9.968500	-2.811430E-7
-9.962500	-1.246808E-7
-9.956500	-5.692709E-8
-9.950500	-3.154855E-8
-9.944500	-1.466833E-8
-9.938500	-1.796288E-7
-9.932500	-2.091983E-7
-9.926500	-2.008164E-7
-9.920500	-3.403984E-7
-9.914500	-3.360910E-7
-9.908500	-2.769521E-7
-9.902500	-3.995374E-7
-9.896500	-1.754379E-7
-9.890500	-3.403984E-7
-9.884500	-3.277091E-7
-9.878500	-3.065215E-7
-9.872500	-1.965091E-7
-9.866500	-6.123446E-8
-9.860500	-4.423782E-8
-9.854500	2.211891E-9
-9.848500	-2.735760E-8
-9.842500	-9.930227E-8
-9.836500	-1.754379E-7
-9.830500	-2.388842E-7
-9.824500	-2.388842E-7
-9.818500	-3.530877E-7
-9.812500	-4.292233E-7
-9.806500	-2.769521E-7
-9.800000	-3.784662E-7
-9.794000	-1.923181E-7
-9.788000	-1.373701E-7
-9.782000	-9.499490E-8
-9.776000	-1.047738E-8
-9.770000	-8.661300E-8
-9.764000	-4.423782E-8
-9.758000	-1.542503E-7
-9.752000	6.565824E-8
-9.746000	-2.515735E-7
-9.740000	-2.091983E-7
-9.734000	-2.135057E-7
-9.728000	-3.234018E-7
-9.722000	-3.023306E-7
-9.716000	-1.965091E-7
-9.710000	-3.360910E-7
-9.704000	-2.642628E-7
-9.698000	-2.345769E-7
-9.692000	-1.457520E-7
-9.686000	-1.076842E-7
-9.680000	-3.585592E-8
-9.674000	-3.585592E-8
-9.668000	-1.711305E-7
-9.662000	-1.076842E-7
-9.656000	-1.881272E-7
-9.650000	-1.542503E-7
-9.644000	-3.023306E-7
-9.638000	-3.487803E-7
-9.632000	-1.542503E-7
-9.626000	-3.360910E-7
-9.620000	-3.657769E-7
-9.614000	-2.472661E-7
-9.608000	-2.599554E-7
-9.602000	-1.119915E-7
-9.596000	2.211891E-9
-9.590000	-4.004687E-8
-9.584000	-7.392373E-8
-9.578000	-1.457520E-7
-9.572000	-3.154855E-8
-9.566000	3.178138E-8
-9.560000	-9.080395E-8
-9.554000	-2.176967E-7
-9.548000	-2.896413E-7
-9.542000	-2.896413E-7
-9.536000	-3.150199E-7
-9.530000	-2.515735E-7
-9.524000	-2.176967E-7
-9.518000	-2.472661E-7
-9.512000	-1.119915E-7
-9.506000	-8.230563E-8
-9.500000	1.332955E-7
-9.494000	-6.961636E-8
-9.488000	-1.796288E-7
-9.482000	-4.423782E-8
-9.476000	-1.500593E-7
-9.470000	-1.457520E-7
-9.464000	-2.472661E-7
-9.458000	-2.896413E-7
-9.452000	-2.980232E-7
-9.446000	-2.261950E-7
-9.440000	-2.853340E-7
-9.434000	-2.176967E-7
-9.428000	-2.303859E-7
-9.422000	-2.303859E-7
-9.416000	-1.373701E-7
-9.410000	1.586741E-7
-9.404000	6.146729E-8
-9.398000	3.178138E-8
-9.392000	-8.230563E-8
-9.386000	-1.373701E-7
-9.380000	-6.123446E-8
-9.374000	-6.542541E-8
-9.368000	-1.796288E-7
-9.362000	-3.360910E-7
-9.356000	-1.881272E-7
-9.350000	-3.403984E-7
-9.344000	-6.961636E-8
-9.338000	-1.246808E-7
-9.332000	-4.004687E-8
-9.326000	1.629815E-7
-9.320000	-4.854519E-8
-9.314000	8.684583E-8
-9.308000	9.953510E-8
-9.302000	1.122244E-7
-9.296000	4.447065E-8
-9.290000	-4.423782E-8
-9.284000	-7.811468E-8
-9.278000	-2.261950E-7
-9.272000	-2.599554E-7
-9.266000	-2.642628E-7
-9.260000	-2.303859E-7
-9.254000	-1.881272E-7
-9.248000	-3.530877E-7
-9.242000	-6.123446E-8
-9.236000	7.834751E-8
-9.230000	6.984919E-8
-9.224000	-3.154855E-8
-9.218000	1.291046E-7
-9.212000	1.291046E-7
-9.206000	5.296897E-8
-9.200000	2.339948E-8
-9.194000	-7.392373E-8
-9.188000	-1.047738E-8
-9.182000	-6.123446E-8
-9.176000	-2.853340E-7
-9.170000	-1.457520E-7
-9.164000	-2.176967E-7
-9.158000	-3.154855E-8
-9.152000	-6.286427E-9
-9.146000	1.376029E-7
-9.140000	3.278255E-7
-9.134000	2.094312E-7
-9.128000	1.671724E-7
-9.122000	1.079170E-7
-9.116000	2.094312E-7
-9.109500	1.332955E-7
-9.103500	5.296897E-8
-9.097500	-6.286427E-9
-9.091500	-7.392373E-8
-9.085500	-1.923181E-7
-9.079500	-1.897570E-8
-9.073500	-5.692709E-8
-9.067500	-7.392373E-8
-9.061500	1.586741E-7
-9.055500	1.376029E-7
-9.049500	3.363239E-7
-9.043500	2.770685E-7
-9.037500	1.798617E-7
-9.031500	3.785826E-7
-9.025500	2.982561E-7
-9.019500	1.459848E-7
-9.013500	1.586741E-7
-9.007500	7.415656E-8
-9.001500	4.447065E-8
-8.995500	-2.316665E-8
-8.989500	5.715992E-8
-8.983500	1.925509E-7
-8.977500	8.253846E-8
-8.971500	1.459848E-7
-8.965500	2.433080E-7
-8.959500	1.925509E-7
-8.953500	3.785826E-7
-8.947500	2.433080E-7
-8.941500	4.251488E-7
-8.935500	2.770685E-7
-8.929500	3.151363E-7
-8.923500	2.644956E-7
-8.917500	3.024470E-7
-8.911500	5.296897E-8
-8.905500	4.447065E-8
-8.899500	1.417939E-7
-8.893500	1.840526E-7
-8.887500	1.883600E-7
-8.881500	2.813758E-7
-8.875500	3.743917E-7
-8.869500	4.166504E-7
-8.863500	5.520415E-7
-8.857500	4.970934E-7
-8.851500	5.604234E-7
-8.845500	5.393522E-7
-8.839500	5.731126E-7
-8.833500	4.632166E-7
-8.827500	3.912719E-7
-8.821500	2.855668E-7
-8.815500	3.151363E-7
-8.809500	1.798617E-7
-8.803500	3.194436E-7
-8.797500	3.575115E-7
-8.791500	4.547182E-7
-8.785500	4.844042E-7
-8.779500	5.604234E-7
-8.773500	6.958144E-7
-8.767500	6.831251E-7
-8.761500	7.380731E-7
-8.755500	7.043127E-7
-8.749500	7.085036E-7
-8.743500	5.774200E-7
-8.737500	5.562324E-7
-8.731500	5.689217E-7
-8.725500	4.547182E-7
-8.719500	4.800968E-7
-8.713500	5.689217E-7
-8.707500	4.505273E-7
-8.701500	6.450573E-7
-8.695500	7.465715E-7
-8.689500	7.719500E-7
-8.683500	8.607749E-7
-8.677500	9.326031E-7
-8.671500	1.012930E-6
-8.665500	9.622891E-7
-8.659500	9.369105E-7
-8.653500	6.365590E-7
-8.647500	8.480856E-7
-8.641500	8.903444E-7
-8.635500	8.776551E-7
-8.629500	7.592607E-7
-8.623500	8.227071E-7
-8.617500	8.057104E-7
-8.611500	9.242212E-7
-8.605500	1.017237E-6
-8.599500	1.025619E-6
-8.593500	1.270906E-6
-8.587500	1.317472E-6
-8.581500	1.169508E-6
-8.575500	1.237146E-6
-8.569500	1.368229E-6
-8.563500	1.241337E-6
-8.557500	1.139822E-6
-8.551500	1.067994E-6
-8.545500	1.114444E-6
-8.539500	1.211767E-6
-8.533500	1.165201E-6
-8.527500	1.055305E-6
-8.521500	1.270906E-6
-8.515500	1.338660E-6
-8.509500	1.355540E-6
-8.503500	1.495122E-6
-8.497500	1.630397E-6
-8.491500	1.402106E-6
-8.485500	1.550070E-6
-8.479500	1.676963E-6
-8.473500	1.622015E-6
-8.467500	1.617707E-6
-8.461500	1.622015E-6
-8.455500	1.541572E-6
-8.449500	1.545879E-6
-8.443500	1.588138E-6
-8.437500	1.566950E-6
-8.431500	1.507811E-6
-8.425500	1.693843E-6
-8.419000	1.964509E-6
-8.413000	1.930632E-6
-8.407000	2.175919E-6
-8.401000	2.104091E-6
-8.395000	2.201297E-6
-8.389000	2.146349E-6
-8.383000	2.163230E-6
-8.377000	2.108281E-6
-8.371000	2.133660E-6
-8.365000	2.057524E-6
-8.359000	2.091401E-6
-8.353000	2.027955E-6
-8.347000	2.099900E-6
-8.341000	2.362067E-6
-8.335000	2.340879E-6
-8.329000	2.438203E-6
-8.323000	2.476270E-6
-8.317000	2.603047E-6
-8.311000	2.721557E-6
-8.305000	2.776505E-6
-8.299000	2.598856E-6
-8.293000	2.721557E-6
-8.287000	2.772314E-6
-8.281000	2.746936E-6
-8.275000	2.772314E-6
-8.269000	2.768007E-6
-8.263000	2.797693E-6
-8.257000	2.958346E-6
-8.251000	2.971035E-6
-8.245000	3.051362E-6
-8.239000	3.161374E-6
-8.233000	3.254390E-6
-8.227000	3.402354E-6
-8.221000	3.474299E-6
-8.215000	3.588502E-6
-8.209000	3.634952E-6
-8.203000	3.592693E-6
-8.197000	3.584195E-6
-8.191000	3.664638E-6
-8.185000	3.753346E-6
-8.179000	3.605383E-6
-8.173000	3.647641E-6
-8.167000	3.778725E-6
-8.161000	3.825291E-6
-8.155000	3.994443E-6
-8.149000	4.167901E-6
-8.143000	4.227040E-6
-8.137000	4.383503E-6
-8.131000	4.480826E-6
-8.125000	4.489208E-6
-8.119000	4.742993E-6
-8.113000	4.633097E-6
-8.107000	4.641479E-6
-8.101000	4.696427E-6
-8.095000	4.637288E-6
-8.089000	4.692236E-6
-8.083000	4.671048E-6
-8.077000	4.895264E-6
-8.071000	4.933332E-6
-8.065000	5.132053E-6
-8.059000	5.187001E-6
-8.053000	5.318201E-6
-8.047000	5.550799E-6
-8.041000	5.639507E-6
-8.035000	5.783397E-6
-8.029000	6.028684E-6
-8.023000	5.927170E-6
-8.017000	5.855225E-6
-8.011000	5.884795E-6
-8.005000	6.159768E-6
-7.999000	6.104703E-6
-7.993000	6.062444E-6
-7.987000	6.092014E-6
-7.981000	6.371178E-6
-7.975000	6.366987E-6
-7.969000	6.612274E-6
-7.963000	6.810995E-6
-7.957000	6.929389E-6
-7.951000	7.123919E-6
-7.945000	7.250812E-6
-7.939000	7.310067E-6
-7.933000	7.610302E-6
-7.927000	7.546856E-6
-7.921000	7.606111E-6
-7.915000	7.711817E-6
-7.909000	7.644179E-6
-7.903000	7.923227E-6
-7.897000	7.990864E-6
-7.891000	8.016243E-6
-7.885000	8.164323E-6
-7.879000	8.367235E-6
-7.873000	8.502626E-6
-7.867000	8.722534E-6
-7.861000	8.984702E-6
-7.855000	9.183539E-6
-7.849000	9.136973E-6
-7.843000	9.382260E-6
-7.837000	9.500654E-6
-7.831000	9.496463E-6
-7.825000	9.661424E-6
-7.819000	9.665615E-6
-7.813000	9.682495E-6
-7.807000	9.817886E-6
-7.801000	1.003349E-5
-7.795000	1.023232E-5
-7.789000	1.048599E-5
-7.783000	1.067214E-5
-7.777000	1.084979E-5
-7.771000	1.108658E-5
-7.765000	1.123885E-5
-7.759000	1.159403E-5
-7.752500	1.162791E-5
-7.746500	1.178437E-5
-7.740500	1.184351E-5
-7.734500	1.199159E-5
-7.728500	1.194503E-5
-7.722500	1.216924E-5
-7.716500	1.239334E-5
-7.710500	1.252024E-5
-7.704500	1.271477E-5
-7.698500	1.308694E-5
-7.692500	1.324341E-5
-7.686500	1.342944E-5
-7.680500	1.370860E-5
-7.674500	1.394120E-5
-7.668500	1.417380E-5
-7.662500	1.416949E-5
-7.656500	1.455867E-5
-7.650500	1.462630E-5
-7.644500	1.482503E-5
-7.638500	1.485890E-5
-7.632500	1.502805E-5
-7.626500	1.519721E-5
-7.620500	1.536217E-5
-7.614500	1.584005E-5
-7.608500	1.592888E-5
-7.602500	1.625018E-5
-7.596500	1.653354E-5
-7.590500	1.682120E-5
-7.584500	1.710455E-5
-7.578500	1.728209E-5
-7.572500	1.764577E-5
-7.566500	1.768814E-5
-7.560500	1.789955E-5
-7.554500	1.812796E-5
-7.548500	1.826754E-5
-7.542500	1.853821E-5
-7.536500	1.867767E-5
-7.530500	1.898641E-5
-7.524500	1.922750E-5
-7.518500	1.953193E-5
-7.512500	1.967151E-5
-7.506500	2.004788E-5
-7.500500	2.047501E-5
-7.494500	2.067385E-5
-7.488500	2.110098E-5
-7.482500	2.147735E-5
-7.476500	2.165069E-5
-7.470500	2.185791E-5
-7.464500	2.203975E-5
-7.458500	2.235698E-5
-7.452500	2.261915E-5
-7.446500	2.281799E-5
-7.440500	2.305477E-5
-7.434500	2.336770E-5
-7.428500	2.367643E-5
-7.422500	2.401473E-5
-7.416500	2.429809E-5
-7.410500	2.476329E-5
-7.404500	2.508890E-5
-7.398500	2.549915E-5
-7.392500	2.593477E-5
-7.386500	2.618006E-5
-7.380500	2.639997E-5
-7.374500	2.672977E-5
-7.368500	2.695818E-5
-7.362500	2.731348E-5
-7.356500	2.756715E-5
-7.350500	2.775330E-5
-7.344500	2.809160E-5
-7.338500	2.842990E-5
-7.332500	2.873433E-5
-7.326500	2.930104E-5
-7.320500	2.984237E-5
-7.314500	3.012992E-5
-7.308500	3.054866E-5
-7.302500	3.097579E-5
-7.296500	3.130990E-5
-7.290500	3.171165E-5
-7.284500	3.206264E-5
-7.278500	3.233750E-5
-7.272500	3.272237E-5
-7.266500	3.302691E-5
-7.260500	3.329327E-5
-7.254500	3.379653E-5
-7.248500	3.404182E-5
-7.242500	3.453239E-5
-7.236500	3.501028E-5
-7.230500	3.567850E-5
-7.224500	3.597455E-5
-7.218500	3.658771E-5
-7.212500	3.693870E-5
-7.206500	3.726443E-5
-7.200500	3.781414E-5
-7.194500	3.822008E-5
-7.188500	3.849075E-5
-7.182500	3.904907E-5
-7.176500	3.939576E-5
-7.170500	3.970449E-5
-7.164500	4.025851E-5
-7.158500	4.055875E-5
-7.152500	4.106201E-5
-7.146500	4.174293E-5
-7.140500	4.217424E-5
-7.134500	4.271558E-5
-7.128000	4.333304E-5
-7.122000	4.379824E-5
-7.116000	4.442839E-5
-7.110000	4.481745E-5
-7.104000	4.534191E-5
-7.098000	4.566321E-5
-7.092000	4.620885E-5
-7.086000	4.673749E-5
-7.080000	4.701654E-5
-7.074000	4.758744E-5
-7.068000	4.808651E-5
-7.062000	4.861935E-5
-7.056000	4.912680E-5
-7.050000	4.980771E-5
-7.044000	5.040399E-5
-7.038000	5.099189E-5
-7.032000	5.160936E-5
-7.026000	5.227327E-5
-7.020000	5.283998E-5
-7.014000	5.328399E-5
-7.008000	5.388877E-5
-7.002000	5.446817E-5
-6.996000	5.496712E-5
-6.990000	5.544932E-5
-6.984000	5.585107E-5
-6.978000	5.652767E-5
-6.972000	5.717471E-5
-6.966000	5.774561E-5
-6.960000	5.842652E-5
-6.954000	5.910313E-5
-6.948000	5.969102E-5
-6.942000	6.045646E-5
-6.936000	6.120501E-5
-6.930000	6.183516E-5
-6.924000	6.250327E-5
-6.918000	6.299384E-5
-6.912000	6.372132E-5
-6.906000	6.428803E-5
-6.900000	6.497314E-5
-6.894000	6.551016E-5
-6.888000	6.620795E-5
-6.882000	6.681273E-5
-6.876000	6.751053E-5
-6.870000	6.827177E-5
-6.864000	6.903301E-5
-6.858000	6.981113E-5
-6.852000	7.061881E-5
-6.846000	7.129554E-5
-6.840000	7.209484E-5
-6.834000	7.280952E-5
-6.828000	7.345236E-5
-6.822000	7.415854E-5
-6.816000	7.487333E-5
-6.810000	7.552456E-5
-6.804000	7.623504E-5
-6.798000	7.691595E-5
-6.792000	7.760525E-5
-6.786000	7.845112E-5
-6.780000	7.917848E-5
-6.774000	8.005393E-5
-6.768000	8.091656E-5
-6.762000	8.171168E-5
-6.756000	8.267164E-5
-6.750000	8.343288E-5
-6.744000	8.436746E-5
-6.738000	8.511182E-5
-6.732000	8.589844E-5
-6.726000	8.665968E-5
-6.720000	8.744630E-5
-6.714000	8.830475E-5
-6.708000	8.896866E-5
-6.702000	8.980185E-5
-6.696000	9.060535E-5
-6.690000	9.148917E-5
-6.684000	9.245344E-5
-6.678000	9.336695E-5
-6.672000	9.431841E-5
-6.666000	9.526999E-5
-6.660000	9.624695E-5
-6.654000	9.699538E-5
-6.648000	9.806117E-5
-6.642000	9.887316E-5
-6.636000	9.969354E-5
-6.630000	0.000101
-6.624000	0.000102
-6.618000	0.000102
-6.612000	0.000103
-6.606000	0.000104
-6.600000	0.000105
-6.594000	0.000106
-6.588000	0.000107
-6.582000	0.000108
-6.576000	0.000109
-6.570000	0.000110
-6.564000	0.000111
-6.558000	0.000112
-6.552000	0.000113
-6.546000	0.000114
-6.540000	0.000115
-6.534000	0.000116
-6.528000	0.000117
-6.522000	0.000118
-6.516000	0.000119
-6.510000	0.000120
-6.503500	0.000121
-6.497500	0.000122
-6.491500	0.000123
-6.485500	0.000124
-6.479500	0.000125
-6.473500	0.000126
-6.467500	0.000127
-6.461500	0.000128
-6.455500	0.000130
-6.449500	0.000131
-6.443500	0.000131
-6.437500	0.000133
-6.431500	0.000134
-6.425500	0.000135
-6.419500	0.000136
-6.413500	0.000137
-6.407500	0.000138
-6.401500	0.000139
-6.395500	0.000140
-6.389500	0.000141
-6.383500	0.000143
-6.377500	0.000144
-6.371500	0.000145
-6.365500	0.000146
-6.359500	0.000147
-6.353500	0.000148
-6.347500	0.000149
-6.341500	0.000150
-6.335500	0.000151
-6.329500	0.000152
-6.323500	0.000153
-6.317500	0.000154
-6.311500	0.000156
-6.305500	0.000157
-6.299500	0.000158
-6.293500	0.000159
-6.287500	0.000160
-6.281500	0.000161
-6.275500	0.000162
-6.269500	0.000163
-6.263500	0.000164
-6.257500	0.000165
-6.251500	0.000166
-6.245500	0.000167
-6.239500	0.000169
-6.233500	0.000170
-6.227500	0.000171
-6.221500	0.000172
-6.215500	0.000173
-6.209500	0.000174
-6.203500	0.000175
-6.197500	0.000176
-6.191500	0.000177
-6.185500	0.000179
-6.179500	0.000180
-6.173500	0.000180
-6.167500	0.000181
-6.161500	0.000182
-6.155500	0.000183
-6.149500	0.000184
-6.143500	0.000185
-6.137500	0.000186
-6.131500	0.000187
-6.125500	0.000188
-6.119500	0.000190
-6.113500	0.000190
-6.107500	0.000191
-6.101500	0.000193
-6.095500	0.000193
-6.089500	0.000194
-6.083500	0.000195
-6.077500	0.000196
-6.071500	0.000197
-6.065500	0.000198
-6.059500	0.000198
-6.053500	0.000199
-6.047500	0.000200
-6.041500	0.000201
-6.035500	0.000202
-6.029500	0.000203
-6.023500	0.000203
-6.017500	0.000204
-6.011500	0.000205
-6.005500	0.000206
-5.999500	0.000207
-5.993500	0.000207
-5.987500	0.000208
-5.981500	0.000208
-5.975500	0.000209
-5.969500	0.000210
-5.963500	0.000210
-5.957500	0.000211
-5.951500	0.000211
-5.945500	0.000212
-5.939500	0.000213
-5.933500	0.000213
-5.927500	0.000214
-5.921500	0.000215
-5.915500	0.000215
-5.909500	0.000216
-5.903500	0.000216
-5.897500	0.000216
-5.891500	0.000217
-5.885500	0.000217
-5.879000	0.000218
-5.873000	0.000218
-5.867000	0.000218
-5.861000	0.000219
-5.855000	0.000219
-5.849000	0.000220
-5.843000	0.000220
-5.837000	0.000221
-5.831000	0.000221
-5.825000	0.000222
-5.819000	0.000222
-5.813000	0.000222
-5.807000	0.000223
-5.801000	0.000223
-5.795000	0.000223
-5.789000	0.000224
-5.783000	0.000224
-5.777000	0.000224
-5.771000	0.000225
-5.765000	0.000225
-5.759000	0.000225
-5.753000	0.000226
-5.747000	0.000226
-5.741000	0.000226
-5.735000	0.000227
-5.729000	0.000227
-5.723000	0.000227
-5.717000	0.000228
-5.711000	0.000228
-5.705000	0.000228
-5.699000	0.000229
-5.693000	0.000229
-5.687000	0.000229
-5.681000	0.000229
-5.675000	0.000230
-5.669000	0.000230
-5.663000	0.000230
-5.657000	0.000231
-5.651000	0.000231
-5.645000	0.000231
-5.639000	0.000232
-5.633000	0.000232
-5.627000	0.000232
-5.621000	0.000233
-5.615000	0.000233
-5.609000	0.000233
-5.603000	0.000233
-5.597000	0.000234
-5.591000	0.000234
-5.585000	0.000234
-5.579000	0.000234
-5.573000	0.000235
-5.567000	0.000235
-5.561000	0.000235
-5.555000	0.000236
-5.549000	0.000236
-5.543000	0.000236
-5.537000	0.000237
-5.531000	0.000237
-5.525000	0.000237
-5.519000	0.000237
-5.513000	0.000237
-5.507000	0.000238
-5.501000	0.000238
-5.495000	0.000238
-5.489000	0.000238
-5.483000	0.000238
-5.477000	0.000239
-5.471000	0.000239
-5.465000	0.000239
-5.459000	0.000240
-5.453000	0.000240
-5.447000	0.000240
-5.441000	0.000240
-5.435000	0.000241
-5.429000	0.000241
-5.423000	0.000241
-5.417000	0.000241
-5.411000	0.000241
-5.405000	0.000242
-5.399000	0.000242
-5.393000	0.000242
-5.387000	0.000242
-5.381000	0.000243
-5.375000	0.000243
-5.369000	0.000243
-5.363000	0.000244
-5.357000	0.000244
-5.351000	0.000244
-5.345000	0.000244
-5.339000	0.000244
-5.333000	0.000244
-5.327000	0.000245
-5.321000	0.000245
-5.315000	0.000245
-5.309000	0.000245
-5.303000	0.000245
-5.297000	0.000246
-5.291000	0.000246
-5.285000	0.000246
-5.279000	0.000247
-5.273000	0.000247
-5.267000	0.000247
-5.261000	0.000247
-5.254500	0.000247
-5.248500	0.000248
-5.242500	0.000248
-5.236500	0.000248
-5.230500	0.000248
-5.224500	0.000248
-5.218500	0.000248
-5.212500	0.000249
-5.206500	0.000249
-5.200500	0.000249
-5.194500	0.000249
-5.188500	0.000249
-5.182500	0.000250
-5.176500	0.000250
-5.170500	0.000250
-5.164500	0.000251
-5.158500	0.000251
-5.152500	0.000251
-5.146500	0.000251
-5.140500	0.000251
-5.134500	0.000251
-5.128500	0.000251
-5.122500	0.000252
-5.116500	0.000252
-5.110500	0.000252
-5.104500	0.000252
-5.098500	0.000252
-5.092500	0.000253
-5.086500	0.000253
-5.080500	0.000253
-5.074500	0.000253
-5.068500	0.000253
-5.062500	0.000254
-5.056500	0.000254
-5.050500	0.000254
-5.044500	0.000254
-5.038500	0.000254
-5.032500	0.000254
-5.026500	0.000255
-5.020500	0.000255
-5.014500	0.000255
-5.008500	0.000255
-5.002500	0.000255
-4.996500	0.000256
-4.990500	0.000256
-4.984500	0.000256
-4.978500	0.000256
-4.972500	0.000256
-4.966500	0.000256
-4.960500	0.000257
-4.954500	0.000257
-4.948500	0.000257
-4.942500	0.000257
-4.936500	0.000257
-4.930500	0.000257
-4.924500	0.000257
-4.918500	0.000258
-4.912500	0.000258
-4.906500	0.000258
-4.900500	0.000258
-4.894500	0.000258
-4.888500	0.000259
-4.882500	0.000259
-4.876500	0.000259
-4.870500	0.000259
-4.864500	0.000259
-4.858500	0.000259
-4.852500	0.000259
-4.846500	0.000259
-4.840500	0.000260
-4.834500	0.000260
-4.828500	0.000260
-4.822500	0.000260
-4.816500	0.000260
-4.810500	0.000261
-4.804500	0.000261
-4.798500	0.000261
-4.792500	0.000261
-4.786500	0.000261
-4.780500	0.000261
-4.774500	0.000261
-4.768500	0.000261
-4.762500	0.000262
-4.756500	0.000262
-4.750500	0.000262
-4.744500	0.000262
-4.738500	0.000262
-4.732500	0.000262
-4.726500	0.000263
-4.720500	0.000263
-4.714500	0.000263
-4.708500	0.000263
-4.702500	0.000263
-4.696500	0.000263
-4.690500	0.000264
-4.684500	0.000264
-4.678500	0.000264
-4.672500	0.000264
-4.666500	0.000264
-4.660500	0.000264
-4.654500	0.000264
-4.648500	0.000264
-4.642500	0.000265
-4.636500	0.000265
-4.630000	0.000265
-4.624000	0.000265
-4.618000	0.000265
-4.612000	0.000265
-4.606000	0.000266
-4.600000	0.000266
-4.594000	0.000266
-4.588000	0.000266
-4.582000	0.000266
-4.576000	0.000266
-4.570000	0.000266
-4.564000	0.000266
-4.558000	0.000266
-4.552000	0.000267
-4.546000	0.000267
-4.540000	0.000267
-4.534000	0.000267
-4.528000	0.000267
-4.522000	0.000267
-4.516000	0.000268
-4.510000	0.000268
-4.504000	0.000268
-4.498000	0.000268
-4.492000	0.000268
-4.486000	0.000268
-4.480000	0.000268
-4.474000	0.000268
-4.468000	0.000268
-4.462000	0.000268
-4.456000	0.000269
-4.450000	0.000269
-4.444000	0.000269
-4.438000	0.000269
-4.432000	0.000269
-4.426000	0.000269
-4.420000	0.000270
-4.414000	0.000270
-4.408000	0.000270
-4.402000	0.000270
-4.396000	0.000270
-4.390000	0.000270
-4.384000	0.000270
-4.378000	0.000270
-4.372000	0.000270
-4.366000	0.000270
-4.360000	0.000271
-4.354000	0.000271
-4.348000	0.000271
-4.342000	0.000271
-4.336000	0.000271
-4.330000	0.000271
-4.324000	0.000271
-4.318000	0.000271
-4.312000	0.000271
-4.306000	0.000271
-4.300000	0.000272
-4.294000	0.000272
-4.288000	0.000272
-4.282000	0.000272
-4.276000	0.000272
-4.270000	0.000272
-4.264000	0.000272
-4.258000	0.000273
-4.252000	0.000273
-4.246000	0.000273
-4.240000	0.000273
-4.234000	0.000273
-4.228000	0.000273
-4.222000	0.000273
-4.216000	0.000273
-4.210000	0.000273
-4.204000	0.000273
-4.198000	0.000273
-4.192000	0.000273
-4.186000	0.000274
-4.180000	0.000274
-4.174000	0.000274
-4.168000	0.000274
-4.162000	0.000274
-4.156000	0.000274
-4.150000	0.000275
-4.144000	0.000275
-4.138000	0.000275
-4.132000	0.000275
-4.126000	0.000275
-4.120000	0.000275
-4.114000	0.000275
-4.108000	0.000275
-4.102000	0.000275
-4.096000	0.000275
-4.090000	0.000275
-4.084000	0.000275
-4.078000	0.000276
-4.072000	0.000276
-4.066000	0.000276
-4.060000	0.000276
-4.054000	0.000276
-4.048000	0.000276
-4.042000	0.000276
-4.036000	0.000276
-4.030000	0.000276
-4.024000	0.000276
-4.018000	0.000276
-4.012000	0.000277
-4.005500	0.000277
-3.999500	0.000277
-3.993500	0.000277
-3.987500	0.000277
-3.981500	0.000277
-3.975500	0.000277
-3.969500	0.000277
-3.963500	0.000278
-3.957500	0.000278
-3.951500	0.000278
-3.945500	0.000278
-3.939500	0.000278
-3.933500	0.000278
-3.927500	0.000278
-3.921500	0.000278
-3.915500	0.000278
-3.909500	0.000278
-3.903500	0.000278
-3.897500	0.000278
-3.891500	0.000279
-3.885500	0.000279
-3.879500	0.000279
-3.873500	0.000279
-3.867500	0.000279
-3.861500	0.000279
-3.855500	0.000279
-3.849500	0.000279
-3.843500	0.000279
-3.837500	0.000279
-3.831500	0.000279
-3.825500	0.000279
-3.819500	0.000279
-3.813500	0.000280
-3.807500	0.000280
-3.801500	0.000280
-3.795500	0.000280
-3.789500	0.000280
-3.783500	0.000280
-3.777500	0.000280
-3.771500	0.000280
-3.765500	0.000280
-3.759500	0.000281
-3.753500	0.000281
-3.747500	0.000281
-3.741500	0.000281
-3.735500	0.000281
-3.729500	0.000281
-3.723500	0.000281
-3.717500	0.000281
-3.711500	0.000281
-3.705500	0.000281
-3.699500	0.000281
-3.693500	0.000282
-3.687500	0.000282
-3.681500	0.000282
-3.675500	0.000282
-3.669500	0.000282
-3.663500	0.000282
-3.657500	0.000282
-3.651500	0.000282
-3.645500	0.000282
-3.639500	0.000282
-3.633500	0.000282
-3.627500	0.000282
-3.621500	0.000282
-3.615500	0.000282
-3.609500	0.000282
-3.603500	0.000283
-3.597500	0.000283
-3.591500	0.000283
-3.585500	0.000283
-3.579500	0.000283
-3.573500	0.000283
-3.567500	0.000283
-3.561500	0.000283
-3.555500	0.000283
-3.549500	0.000283
-3.543500	0.000283
-3.537500	0.000283
-3.531500	0.000283
-3.525500	0.000283
-3.519500	0.000284
-3.513500	0.000284
-3.507500	0.000284
-3.501500	0.000284
-3.495500	0.000284
-3.489500	0.000284
-3.483500	0.000284
-3.477500	0.000284
-3.471500	0.000284
-3.465500	0.000284
-3.459500	0.000284
-3.453500	0.000284
-3.447500	0.000284
-3.441500	0.000284
-3.435500	0.000285
-3.429500	0.000285
-3.423500	0.000285
-3.417500	0.000285
-3.411500	0.000285
-3.405500	0.000285
-3.399500	0.000285
-3.393500	0.000285
-3.387500	0.000285
-3.381000	0.000285
-3.375000	0.000285
-3.369000	0.000285
-3.363000	0.000285
-3.357000	0.000285
-3.351000	0.000285
-3.345000	0.000285
-3.339000	0.000286
-3.333000	0.000286
-3.327000	0.000286
-3.321000	0.000286
-3.315000	0.000286
-3.309000	0.000286
-3.303000	0.000286
-3.297000	0.000286
-3.291000	0.000286
-3.285000	0.000286
-3.279000	0.000286
-3.273000	0.000286
-3.267000	0.000286
-3.261000	0.000286
-3.255000	0.000286
-3.249000	0.000287
-3.243000	0.000287
-3.237000	0.000287
-3.231000	0.000287
-3.225000	0.000287
-3.219000	0.000287
-3.213000	0.000287
-3.207000	0.000287
-3.201000	0.000287
-3.195000	0.000287
-3.189000	0.000287
-3.183000	0.000287
-3.177000	0.000287
-3.171000	0.000287
-3.165000	0.000287
-3.159000	0.000287
-3.153000	0.000288
-3.147000	0.000288
-3.141000	0.000288
-3.135000	0.000288
-3.129000	0.000288
-3.123000	0.000288
-3.117000	0.000288
-3.111000	0.000288
-3.105000	0.000288
-3.099000	0.000288
-3.093000	0.000288
-3.087000	0.000288
-3.081000	0.000288
-3.075000	0.000288
-3.069000	0.000288
-3.063000	0.000289
-3.057000	0.000289
-3.051000	0.000289
-3.045000	0.000289
-3.039000	0.000289
-3.033000	0.000289
-3.027000	0.000289
-3.021000	0.000289
-3.015000	0.000289
-3.009000	0.000289
-3.003000	0.000289
-2.997000	0.000289
-2.991000	0.000289
-2.985000	0.000289
-2.979000	0.000289
-2.973000	0.000289
-2.967000	0.000290
-2.961000	0.000290
-2.955000	0.000290
-2.949000	0.000290
-2.943000	0.000290
-2.937000	0.000290
-2.931000	0.000290
-2.925000	0.000290
-2.919000	0.000290
-2.913000	0.000290
-2.907000	0.000290
-2.901000	0.000290
-2.895000	0.000290
-2.889000	0.000290
-2.883000	0.000290
-2.877000	0.000290
-2.871000	0.000290
-2.865000	0.000291
-2.859000	0.000291
-2.853000	0.000291
-2.847000	0.000291
-2.841000	0.000291
-2.835000	0.000291
-2.829000	0.000291
-2.823000	0.000291
-2.817000	0.000291
-2.811000	0.000291
-2.805000	0.000291
-2.799000	0.000291
-2.793000	0.000291
-2.787000	0.000291
-2.781000	0.000291
-2.775000	0.000291
-2.769000	0.000291
-2.763000	0.000292
-2.756500	0.000292
-2.750500	0.000292
-2.744500	0.000292
-2.738500	0.000292
-2.732500	0.000292
-2.726500	0.000292
-2.720500	0.000292
-2.714500	0.000292
-2.708500	0.000292
-2.702500	0.000292
-2.696500	0.000292
-2.690500	0.000292
-2.684500	0.000292
-2.678500	0.000292
-2.672500	0.000292
-2.666500	0.000292
-2.660500	0.000293
-2.654500	0.000292
-2.648500	0.000293
-2.642500	0.000293
-2.636500	0.000293
-2.630500	0.000293
-2.624500	0.000292
-2.618500	0.000293
-2.612500	0.000293
-2.606500	0.000293
-2.600500	0.000293
-2.594500	0.000293
-2.588500	0.000293
-2.582500	0.000293
-2.576500	0.000293
-2.570500	0.000293
-2.564500	0.000293
-2.558500	0.000293
-2.552500	0.000293
-2.546500	0.000293
-2.540500	0.000293
-2.534500	0.000293
-2.528500	0.000293
-2.522500	0.000293
-2.516500	0.000293
-2.510500	0.000293
-2.504500	0.000294
-2.498500	0.000294
-2.492500	0.000294
-2.486500	0.000294
-2.480500	0.000294
-2.474500	0.000294
-2.468500	0.000294
-2.462500	0.000294
-2.456500	0.000294
-2.450500	0.000294
-2.444500	0.000294
-2.438500	0.000294
-2.432500	0.000294
-2.426500	0.000294
-2.420500	0.000294
-2.414500	0.000294
-2.408500	0.000294
-2.402500	0.000294
-2.396500	0.000294
-2.390500	0.000295
-2.384500	0.000295
-2.378500	0.000295
-2.372500	0.000295
-2.366500	0.000295
-2.360500	0.000295
-2.354500	0.000295
-2.348500	0.000295
-2.342500	0.000295
-2.336500	0.000295
-2.330500	0.000295
-2.324500	0.000295
-2.318500	0.000295
-2.312500	0.000295
-2.306500	0.000295
-2.300500	0.000295
-2.294500	0.000295
-2.288500	0.000295
-2.282500	0.000295
-2.276500	0.000295
-2.270500	0.000295
-2.264500	0.000295
-2.258500	0.000295
-2.252500	0.000295
-2.246500	0.000295
-2.240500	0.000295
-2.234500	0.000295
-2.228500	0.000295
-2.222500	0.000296
-2.216500	0.000296
-2.210500	0.000296
-2.204500	0.000296
-2.198500	0.000296
-2.192500	0.000296
-2.186500	0.000296
-2.180500	0.000296
-2.174500	0.000296
-2.168500	0.000296
-2.162500	0.000296
-2.156500	0.000296
-2.150500	0.000296
-2.144500	0.000296
-2.138500	0.000296
-2.132000	0.000296
-2.126000	0.000296
-2.120000	0.000296
-2.114000	0.000296
-2.108000	0.000297
-2.102000	0.000297
-2.096000	0.000297
-2.090000	0.000297
-2.084000	0.000297
-2.078000	0.000297
-2.072000	0.000297
-2.066000	0.000296
-2.060000	0.000297
-2.054000	0.000297
-2.048000	0.000297
-2.042000	0.000297
-2.036000	0.000297
-2.030000	0.000297
-2.024000	0.000297
-2.018000	0.000297
-2.012000	0.000297
-2.006000	0.000297
-2.000000	0.000297
-1.994000	0.000297
-1.988000	0.000297
-1.982000	0.000297
-1.976000	0.000297
-1.970000	0.000297
-1.964000	0.000297
-1.958000	0.000297
-1.952000	0.000297
-1.946000	0.000297
-1.940000	0.000297
-1.934000	0.000298
-1.928000	0.000298
-1.922000	0.000298
-1.916000	0.000298
-1.910000	0.000298
-1.904000	0.000298
-1.898000	0.000298
-1.892000	0.000298
-1.886000	0.000298
-1.880000	0.000298
-1.874000	0.000298
-1.868000	0.000298
-1.862000	0.000298
-1.856000	0.000298
-1.850000	0.000298
-1.844000	0.000298
-1.838000	0.000298
-1.832000	0.000298
-1.826000	0.000298
-1.820000	0.000298
-1.814000	0.000298
-1.808000	0.000298
-1.802000	0.000298
-1.796000	0.000298
-1.790000	0.000298
-1.784000	0.000298
-1.778000	0.000298
-1.772000	0.000298
-1.766000	0.000298
-1.760000	0.000298
-1.754000	0.000299
-1.748000	0.000299
-1.742000	0.000299
-1.736000	0.000299
-1.730000	0.000299
-1.724000	0.000299
-1.718000	0.000299
-1.712000	0.000299
-1.706000	0.000299
-1.700000	0.000299
-1.694000	0.000299
-1.688000	0.000299
-1.682000	0.000299
-1.676000	0.000299
-1.670000	0.000299
-1.664000	0.000299
-1.658000	0.000299
-1.652000	0.000299
-1.646000	0.000299
-1.640000	0.000299
-1.634000	0.000299
-1.628000	0.000299
-1.622000	0.000299
-1.616000	0.000299
-1.610000	0.000299
-1.604000	0.000299
-1.598000	0.000299
-1.592000	0.000299
-1.586000	0.000299
-1.580000	0.000299
-1.574000	0.000299
-1.568000	0.000299
-1.562000	0.000300
-1.556000	0.000300
-1.550000	0.000300
-1.544000	0.000300
-1.538000	0.000300
-1.532000	0.000300
-1.526000	0.000300
-1.520000	0.000300
-1.514000	0.000300
-1.507500	0.000300
-1.501500	0.000300
-1.495500	0.000300
-1.489500	0.000300
-1.483500	0.000300
-1.477500	0.000300
-1.471500	0.000300
-1.465500	0.000300
-1.459500	0.000300
-1.453500	0.000300
-1.447500	0.000300
-1.441500	0.000300
-1.435500	0.000300
-1.429500	0.000300
-1.423500	0.000300
-1.417500	0.000300
-1.411500	0.000300
-1.405500	0.000300
-1.399500	0.000300
-1.393500	0.000300
-1.387500	0.000300
-1.381500	0.000300
-1.375500	0.000300
-1.369500	0.000301
-1.363500	0.000301
-1.357500	0.000301
-1.351500	0.000301
-1.345500	0.000301
-1.339500	0.000301
-1.333500	0.000301
-1.327500	0.000301
-1.321500	0.000301
-1.315500	0.000301
-1.309500	0.000301
-1.303500	0.000301
-1.297500	0.000301
-1.291500	0.000301
-1.285500	0.000301
-1.279500	0.000301
-1.273500	0.000301
-1.267500	0.000301
-1.261500	0.000301
-1.255500	0.000301
-1.249500	0.000301
-1.243500	0.000301
-1.237500	0.000301
-1.231500	0.000301
-1.225500	0.000301
-1.219500	0.000301
-1.213500	0.000301
-1.207500	0.000301
-1.201500	0.000301
-1.195500	0.000301
-1.189500	0.000301
-1.183500	0.000301
-1.177500	0.000301
-1.171500	0.000302
-1.165500	0.000301
-1.159500	0.000301
-1.153500	0.000301
-1.147500	0.000301
-1.141500	0.000301
-1.135500	0.000301
-1.129500	0.000301
-1.123500	0.000301
-1.117500	0.000301
-1.111500	0.000302
-1.105500	0.000302
-1.099500	0.000302
-1.093500	0.000302
-1.087500	0.000302
-1.081500	0.000302
-1.075500	0.000302
-1.069500	0.000302
-1.063500	0.000302
-1.057500	0.000302
-1.051500	0.000302
-1.045500	0.000302
-1.039500	0.000302
-1.033500	0.000302
-1.027500	0.000302
-1.021500	0.000302
-1.015500	0.000302
-1.009500	0.000302
-1.003500	0.000302
-0.997500	0.000302
-0.991500	0.000302
-0.985500	0.000302
-0.979500	0.000302
-0.973500	0.000302
-0.967500	0.000302
-0.961500	0.000302
-0.955500	0.000302
-0.949500	0.000302
-0.943500	0.000302
-0.937500	0.000302
-0.931500	0.000302
-0.925500	0.000302
-0.919500	0.000302
-0.913500	0.000303
-0.907500	0.000303
-0.901500	0.000303
-0.895500	0.000303
-0.889500	0.000303
-0.883000	0.000303
-0.877000	0.000303
-0.871000	0.000303
-0.865000	0.000303
-0.859000	0.000302
-0.853000	0.000302
-0.847000	0.000302
-0.841000	0.000303
-0.835000	0.000303
-0.829000	0.000303
-0.823000	0.000303
-0.817000	0.000303
-0.811000	0.000303
-0.805000	0.000303
-0.799000	0.000303
-0.793000	0.000303
-0.787000	0.000303
-0.781000	0.000303
-0.775000	0.000303
-0.769000	0.000303
-0.763000	0.000303
-0.757000	0.000303
-0.751000	0.000303
-0.745000	0.000303
-0.739000	0.000303
-0.733000	0.000303
-0.727000	0.000303
-0.721000	0.000303
-0.715000	0.000303
-0.709000	0.000303
-0.703000	0.000303
-0.697000	0.000303
-0.691000	0.000303
-0.685000	0.000303
-0.679000	0.000303
-0.673000	0.000303
-0.667000	0.000303
-0.661000	0.000303
-0.655000	0.000303
-0.649000	0.000303
-0.643000	0.000303
-0.637000	0.000304
-0.631000	0.000304
-0.625000	0.000304
-0.619000	0.000304
-0.613000	0.000304
-0.607000	0.000304
-0.601000	0.000304
-0.595000	0.000304
-0.589000	0.000304
-0.583000	0.000304
-0.577000	0.000303
-0.571000	0.000304
-0.565000	0.000304
-0.559000	0.000304
-0.553000	0.000304
-0.547000	0.000304
-0.541000	0.000304
-0.535000	0.000304
-0.529000	0.000304
-0.523000	0.000304
-0.517000	0.000304
-0.511000	0.000304
-0.505000	0.000304
-0.499000	0.000304
-0.493000	0.000304
-0.487000	0.000304
-0.481000	0.000304
-0.475000	0.000304
-0.469000	0.000304
-0.463000	0.000304
-0.457000	0.000304
-0.451000	0.000304
-0.445000	0.000304
-0.439000	0.000304
-0.433000	0.000304
-0.427000	0.000304
-0.421000	0.000304
-0.415000	0.000304
-0.409000	0.000304
-0.403000	0.000304
-0.397000	0.000304
-0.391000	0.000304
-0.385000	0.000304
-0.379000	0.000304
-0.373000	0.000304
-0.367000	0.000304
-0.361000	0.000304
-0.355000	0.000305
-0.349000	0.000305
-0.343000	0.000305
-0.337000	0.000305
-0.331000	0.000305
-0.325000	0.000305
-0.319000	0.000305
-0.313000	0.000305
-0.307000	0.000304
-0.301000	0.000304
-0.295000	0.000304
-0.289000	0.000305
-0.283000	0.000305
-0.277000	0.000305
-0.271000	0.000305
-0.265000	0.000305
-0.258500	0.000305
-0.252500	0.000305
-0.246500	0.000305
-0.240500	0.000305
-0.234500	0.000305
-0.228500	0.000305
-0.222500	0.000305
-0.216500	0.000305
-0.210500	0.000305
-0.204500	0.000305
-0.198500	0.000305
-0.192500	0.000305
-0.186500	0.000305
-0.180500	0.000305
-0.174500	0.000305
-0.168500	0.000305
-0.162500	0.000305
-0.156500	0.000305
-0.150500	0.000305
-0.144500	0.000305
-0.138500	0.000305
-0.132500	0.000305
-0.126500	0.000305
-0.120500	0.000305
-0.114500	0.000305
-0.108500	0.000305
-0.102500	0.000305
-0.096500	0.000305
-0.090500	0.000305
-0.084500	0.000305
-0.078500	0.000305
-0.072500	0.000305
-0.066500	0.000306
-0.060500	0.000305
-0.054500	0.000306
-0.048500	0.000305
-0.042500	0.000305
-0.036500	0.000305
-0.030500	0.000305
-0.024500	0.000305
-0.018500	0.000305
-0.012500	0.000305
-0.006500	0.000305
-0.000500	0.000306
