% Langmuir characteristic curve

% U (Volt)	I (A)
150.000000	0.049948
149.940002	0.050235
149.880005	0.050097
149.820007	0.050000
149.759995	0.049878
149.699997	0.049965
149.639999	0.050050
149.580002	0.050051
149.520004	0.049983
149.460007	0.049662
149.399994	0.050031
149.339996	0.049976
149.279999	0.049878
149.220001	0.050067
149.160004	0.050050
149.100006	0.050347
149.039993	0.049897
148.979996	0.050028
148.919998	0.050025
148.860001	0.049969
148.800003	0.049805
148.740005	0.049756
148.679993	0.050129
148.619995	0.050078
148.559998	0.049908
148.500000	0.049831
148.440002	0.049828
148.380005	0.049730
148.320007	0.049808
148.259995	0.050066
148.199997	0.050008
148.139999	0.049906
148.080002	0.049848
148.020004	0.049966
147.960007	0.050018
147.899994	0.049904
147.839996	0.050163
147.779999	0.049894
147.720001	0.049861
147.660004	0.049939
147.600006	0.049983
147.539993	0.049964
147.479996	0.049954
147.419998	0.049639
147.360001	0.050157
147.300003	0.049889
147.240005	0.050406
147.179993	0.050189
147.119995	0.049856
147.059998	0.049753
147.000000	0.050046
146.940002	0.050098
146.880005	0.049883
146.820007	0.050077
146.759995	0.050016
146.699997	0.049920
146.639999	0.049837
146.580002	0.049776
146.520004	0.049854
146.455002	0.049957
146.395004	0.050111
146.335007	0.049743
146.274994	0.049906
146.214996	0.050006
146.154999	0.050009
146.095001	0.050009
146.035004	0.050039
145.975006	0.050153
145.914993	0.050054
145.854996	0.049959
145.794998	0.049829
145.735001	0.050502
145.675003	0.050064
145.615005	0.049653
145.554993	0.050157
145.494995	0.049768
145.434998	0.049745
145.375000	0.049900
145.315002	0.050044
145.255005	0.050057
145.195007	0.050064
145.134995	0.050025
145.074997	0.050039
145.014999	0.050038
144.955002	0.050002
144.895004	0.050014
144.835007	0.050020
144.774994	0.049966
144.714996	0.049945
144.654999	0.049745
144.595001	0.049656
144.535004	0.049725
144.475006	0.050222
144.414993	0.050252
144.354996	0.050261
144.294998	0.050105
144.235001	0.050121
144.175003	0.050119
144.115005	0.050059
144.054993	0.050043
143.994995	0.049612
143.934998	0.049662
143.875000	0.049633
143.815002	0.050225
143.755005	0.050199
143.695007	0.050195
143.634995	0.050058
143.574997	0.050042
143.514999	0.050026
143.455002	0.049948
143.395004	0.049894
143.335007	0.050155
143.274994	0.050311
143.214996	0.050306
143.154999	0.050092
143.095001	0.050070
143.035004	0.050040
142.975006	0.049953
142.914993	0.049875
142.854996	0.049720
142.794998	0.049884
142.735001	0.050030
142.675003	0.050326
142.615005	0.050201
142.554993	0.050201
142.494995	0.050057
142.434998	0.050030
142.375000	0.050011
142.315002	0.049906
142.255005	0.049858
142.195007	0.049659
142.134995	0.050152
142.074997	0.050293
142.014999	0.049920
141.955002	0.050174
141.895004	0.050080
141.835007	0.049988
141.774994	0.049979
141.714996	0.049910
141.654999	0.049589
141.595001	0.049789
141.535004	0.049983
141.475006	0.050131
141.414993	0.050116
141.354996	0.050089
141.294998	0.049997
141.235001	0.049974
141.175003	0.049884
141.115005	0.049634
141.054993	0.049944
140.994995	0.050241
140.934998	0.050090
140.875000	0.050044
140.815002	0.050077
140.755005	0.049984
140.695007	0.049974
140.634995	0.049994
140.574997	0.050121
140.514999	0.050040
140.455002	0.049944
140.395004	0.049862
140.335007	0.049710
140.274994	0.050316
140.214996	0.050294
140.154999	0.050184
140.095001	0.050043
140.035004	0.050024
139.975006	0.050002
139.914993	0.049952
139.854996	0.049611
139.794998	0.050264
139.735001	0.050178
139.675003	0.050124
139.615005	0.050042
139.554993	0.050015
139.490005	0.049988
139.429993	0.049872
139.369995	0.049736
139.309998	0.049590
139.250000	0.050242
139.190002	0.049757
139.130005	0.050296
139.070007	0.050097
139.009995	0.050039
138.949997	0.049948
138.889999	0.049863
138.830002	0.049656
138.770004	0.050240
138.710007	0.050185
138.649994	0.050118
138.589996	0.050039
138.529999	0.050038
138.470001	0.049960
138.410004	0.049905
138.350006	0.049843
138.289993	0.049793
138.229996	0.050164
138.169998	0.050283
138.110001	0.050097
138.050003	0.050102
137.990005	0.050099
137.929993	0.050043
137.869995	0.049608
137.809998	0.050265
137.750000	0.050193
137.690002	0.050113
137.630005	0.050042
137.570007	0.050022
137.509995	0.050003
137.449997	0.049925
137.389999	0.049875
137.330002	0.049686
137.270004	0.050268
137.210007	0.049901
137.149994	0.049620
137.089996	0.049748
137.029999	0.049631
136.970001	0.050246
136.910004	0.050209
136.850006	0.050162
136.789993	0.050153
136.729996	0.050129
136.669998	0.050219
136.610001	0.050088
136.550003	0.050063
136.490005	0.050099
136.429993	0.050046
136.369995	0.050040
136.309998	0.050072
136.250000	0.050009
136.190002	0.050017
136.130005	0.050067
136.070007	0.050022
136.009995	0.050033
135.949997	0.050097
135.889999	0.050066
135.830002	0.050073
135.770004	0.050035
135.710007	0.050045
135.649994	0.050058
135.589996	0.050025
135.529999	0.050034
135.470001	0.050047
135.410004	0.050012
135.350006	0.050033
135.289993	0.050047
135.229996	0.050010
135.169998	0.050022
135.110001	0.049970
135.050003	0.049987
134.990005	0.050020
134.929993	0.049994
134.869995	0.050021
134.809998	0.050036
134.750000	0.050020
134.690002	0.050040
134.630005	0.050049
134.570007	0.050017
134.509995	0.050045
134.449997	0.050062
134.389999	0.049986
134.330002	0.050017
134.270004	0.050011
134.210007	0.050040
134.149994	0.050060
134.089996	0.050037
134.029999	0.050046
133.970001	0.050077
133.910004	0.050033
133.850006	0.050050
133.789993	0.050008
133.729996	0.050088
133.669998	0.050038
133.610001	0.050066
133.550003	0.050080
133.490005	0.050044
133.429993	0.050060
133.369995	0.050075
133.309998	0.050035
133.250000	0.050064
133.190002	0.050041
133.130005	0.050040
133.070007	0.050234
133.009995	0.050187
132.949997	0.050227
132.889999	0.049845
132.830002	0.049767
132.770004	0.049979
132.710007	0.049954
132.649994	0.050044
132.585007	0.049632
132.524994	0.049740
132.464996	0.049819
132.404999	0.049970
132.345001	0.050018
132.285004	0.050076
132.225006	0.049878
132.164993	0.049942
132.104996	0.049986
132.044998	0.049996
131.985001	0.050033
131.925003	0.050025
131.865005	0.050012
131.804993	0.050068
131.744995	0.050100
131.684998	0.049995
131.625000	0.050036
131.565002	0.050042
131.505005	0.050045
131.445007	0.050205
131.384995	0.050234
131.324997	0.050150
131.264999	0.049916
131.205002	0.049779
131.145004	0.049841
131.085007	0.049993
131.024994	0.050073
130.964996	0.049844
130.904999	0.049976
130.845001	0.050109
130.785004	0.049852
130.725006	0.049811
130.664993	0.049764
130.604996	0.049906
130.544998	0.049870
130.485001	0.049712
130.425003	0.049864
130.365005	0.049792
130.304993	0.049884
130.244995	0.049748
130.184998	0.049849
130.125000	0.049995
130.065002	0.049994
130.005005	0.049901
129.945007	0.049969
129.884995	0.050015
129.824997	0.050003
129.764999	0.050073
129.705002	0.049966
129.645004	0.049998
129.585007	0.050016
129.524994	0.049962
129.464996	0.049983
129.404999	0.050027
129.345001	0.050023
129.285004	0.050250
129.225006	0.050222
129.164993	0.050202
129.104996	0.050346
129.044998	0.050148
128.985001	0.050150
128.925003	0.050113
128.865005	0.050237
128.804993	0.050086
128.744995	0.050046
128.684998	0.050064
128.625000	0.050197
128.565002	0.049608
128.505005	0.049890
128.445007	0.049984
128.384995	0.049982
128.324997	0.049845
128.264999	0.049880
128.205002	0.049982
128.145004	0.050125
128.085007	0.049935
128.024994	0.049996
127.964996	0.050019
127.904999	0.050099
127.845001	0.049923
127.785004	0.050005
127.724998	0.049971
127.665001	0.049999
127.605003	0.049989
127.544998	0.050021
127.485001	0.050011
127.425003	0.049997
127.364998	0.050026
127.305000	0.050016
127.245003	0.049987
127.184998	0.050035
127.125000	0.050013
127.065002	0.050008
127.004997	0.050016
126.945000	0.049993
126.885002	0.049929
126.824997	0.049999
126.764999	0.050013
126.705002	0.050000
126.644997	0.050048
126.584999	0.050073
126.525002	0.050062
126.464996	0.049800
126.404999	0.049853
126.345001	0.049919
126.285004	0.049982
126.224998	0.050204
126.165001	0.049836
126.105003	0.049935
126.044998	0.049953
125.980003	0.050036
125.919998	0.050048
125.860001	0.050065
125.800003	0.050297
125.739998	0.050111
125.680000	0.050319
125.620003	0.050413
125.559998	0.050475
125.500000	0.049581
125.440002	0.049610
125.379997	0.049752
125.320000	0.049948
125.260002	0.049973
125.199997	0.049978
125.139999	0.050010
125.080002	0.050147
125.019997	0.050094
124.959999	0.049826
124.900002	0.049832
124.839996	0.050136
124.779999	0.049826
124.720001	0.049930
124.660004	0.050016
124.599998	0.049811
124.540001	0.049879
124.480003	0.049934
124.419998	0.049955
124.360001	0.049945
124.300003	0.050151
124.239998	0.050039
124.180000	0.050005
124.120003	0.049890
124.059998	0.050004
124.000000	0.049639
123.940002	0.049677
123.879997	0.049672
123.820000	0.049770
123.760002	0.049767
123.699997	0.049804
123.639999	0.049834
123.580002	0.050015
123.519997	0.049717
123.459999	0.049760
123.400002	0.049757
123.339996	0.049801
123.279999	0.049806
123.220001	0.049809
123.160004	0.049957
123.099998	0.049662
123.040001	0.049766
122.980003	0.049939
122.919998	0.049755
122.860001	0.049599
122.800003	0.049716
122.739998	0.049618
122.680000	0.049675
122.620003	0.049703
122.559998	0.049731
122.500000	0.049875
122.440002	0.049800
122.379997	0.049498
122.320000	0.049597
122.260002	0.049602
122.199997	0.049661
122.139999	0.049734
122.080002	0.049943
122.019997	0.050069
121.959999	0.049238
121.900002	0.049281
121.839996	0.049163
121.779999	0.049496
121.720001	0.049557
121.660004	0.049548
121.599998	0.049740
121.540001	0.049837
121.480003	0.049529
121.419998	0.049497
121.360001	0.049520
121.300003	0.049545
121.239998	0.049558
121.180000	0.049734
121.120003	0.049126
121.059998	0.049389
121.000000	0.049498
120.940002	0.049653
120.879997	0.049301
120.820000	0.049190
120.760002	0.049377
120.699997	0.049451
120.639999	0.049454
120.580002	0.049291
120.519997	0.049182
120.459999	0.049339
120.400002	0.049353
120.339996	0.049286
120.279999	0.049310
120.220001	0.049207
120.160004	0.049192
120.095001	0.049234
120.035004	0.049301
119.974998	0.049385
119.915001	0.049420
119.855003	0.048925
119.794998	0.049188
119.735001	0.049224
119.675003	0.049265
119.614998	0.049272
119.555000	0.049309
119.495003	0.049386
119.434998	0.049019
119.375000	0.048723
119.315002	0.049115
119.254997	0.049188
119.195000	0.049090
119.135002	0.049129
119.074997	0.049085
119.014999	0.049055
118.955002	0.049024
118.894997	0.048972
118.834999	0.049028
118.775002	0.048734
118.714996	0.048924
118.654999	0.048933
118.595001	0.048695
118.535004	0.048765
118.474998	0.048857
118.415001	0.048947
118.355003	0.048590
118.294998	0.048745
118.235001	0.048813
118.175003	0.048818
118.114998	0.048881
118.055000	0.048471
117.995003	0.048727
117.934998	0.048756
117.875000	0.048625
117.815002	0.048493
117.754997	0.048659
117.695000	0.048656
117.635002	0.048579
117.574997	0.048638
117.514999	0.048611
117.455002	0.048347
117.394997	0.048834
117.334999	0.048532
117.275002	0.048493
117.214996	0.048461
117.154999	0.048390
117.095001	0.048474
117.035004	0.048547
116.974998	0.048306
116.915001	0.048440
116.855003	0.048490
116.794998	0.048560
116.735001	0.048508
116.675003	0.048295
116.614998	0.047588
116.555000	0.048198
116.495003	0.048384
116.434998	0.047841
116.375000	0.047822
116.315002	0.047993
116.254997	0.048190
116.195000	0.047829
116.135002	0.047989
116.074997	0.048201
116.014999	0.047784
115.955002	0.048083
115.894997	0.048016
115.834999	0.047942
115.775002	0.047996
115.714996	0.047721
115.654999	0.047899
115.595001	0.047925
115.535004	0.047642
115.474998	0.047885
115.415001	0.047619
115.355003	0.047220
115.294998	0.047519
115.235001	0.047829
115.175003	0.047634
115.114998	0.047725
115.055000	0.047372
114.995003	0.047338
114.934998	0.047320
114.875000	0.047310
114.815002	0.047239
114.754997	0.046734
114.695000	0.046562
114.635002	0.046997
114.574997	0.046970
114.514999	0.046846
114.455002	0.046769
114.394997	0.046595
114.334999	0.046693
114.275002	0.046677
114.209999	0.046545
114.150002	0.046511
114.089996	0.046443
114.029999	0.046539
113.970001	0.046649
113.910004	0.045852
113.849998	0.046327
113.790001	0.046411
113.730003	0.045603
113.669998	0.045580
113.610001	0.046029
113.550003	0.047046
113.489998	0.047089
113.430000	0.045192
113.370003	0.045133
113.309998	0.045223
113.250000	0.045778
113.190002	0.046133
113.129997	0.046364
113.070000	0.044984
113.010002	0.044771
112.949997	0.044712
112.889999	0.044804
112.830002	0.044928
112.769997	0.045056
112.709999	0.046125
112.650002	0.045841
112.589996	0.044446
112.529999	0.044347
112.470001	0.044238
112.410004	0.044280
112.349998	0.044366
112.290001	0.045096
112.230003	0.045715
112.169998	0.044446
112.110001	0.044125
112.050003	0.043809
111.989998	0.043973
111.930000	0.043729
111.870003	0.043974
111.809998	0.044124
111.750000	0.045045
111.690002	0.043964
111.629997	0.043402
111.570000	0.043338
111.510002	0.043466
111.449997	0.044056
111.389999	0.044611
111.330002	0.043602
111.269997	0.044553
111.209999	0.043901
111.150002	0.042927
111.089996	0.042866
111.029999	0.042862
110.970001	0.043357
110.910004	0.044372
110.849998	0.043868
110.790001	0.042568
110.730003	0.042561
110.669998	0.042614
110.610001	0.042380
110.550003	0.042342
110.489998	0.042376
110.430000	0.042818
110.370003	0.043889
110.309998	0.043535
110.250000	0.042035
110.190002	0.042029
110.129997	0.042101
110.070000	0.042399
110.010002	0.043433
109.949997	0.042622
109.889999	0.041661
109.830002	0.041792
109.769997	0.042035
109.709999	0.043202
109.650002	0.041566
109.589996	0.041359
109.529999	0.041446
109.470001	0.042235
109.410004	0.042874
109.349998	0.041856
109.290001	0.041065
109.230003	0.041121
109.169998	0.040986
109.110001	0.041566
109.050003	0.042232
108.989998	0.040904
108.930000	0.040867
108.870003	0.041284
108.809998	0.042246
108.750000	0.040552
108.690002	0.040496
108.629997	0.040404
108.570000	0.040505
108.510002	0.040793
108.449997	0.041785
108.389999	0.040171
108.324997	0.040181
108.264999	0.041159
108.205002	0.040081
108.144997	0.039929
108.084999	0.040311
108.025002	0.041186
107.964996	0.040076
107.904999	0.039678
107.845001	0.039959
107.785004	0.041002
107.724998	0.039593
107.665001	0.039509
107.605003	0.039753
107.544998	0.040619
107.485001	0.039491
107.425003	0.039194
107.364998	0.039343
107.305000	0.039973
107.245003	0.039215
107.184998	0.038955
107.125000	0.039234
107.065002	0.040424
107.004997	0.038837
106.945000	0.038855
106.885002	0.039503
106.824997	0.040212
106.764999	0.038537
106.705002	0.038770
106.644997	0.039669
106.584999	0.038860
106.525002	0.038838
106.464996	0.039736
106.404999	0.038180
106.345001	0.038334
106.285004	0.039148
106.224998	0.038081
106.165001	0.038039
106.105003	0.038470
106.044998	0.039467
105.985001	0.037751
105.925003	0.038069
105.864998	0.037650
105.805000	0.037752
105.745003	0.039100
105.684998	0.037458
105.625000	0.037643
105.565002	0.038267
105.504997	0.037402
105.445000	0.037351
105.385002	0.038168
105.324997	0.037154
105.264999	0.037301
105.205002	0.036982
105.144997	0.037190
105.084999	0.038313
105.025002	0.036849
104.964996	0.036954
104.904999	0.037731
104.845001	0.036672
104.785004	0.036713
104.724998	0.037517
104.665001	0.036485
104.605003	0.037013
104.544998	0.036466
104.485001	0.036395
104.425003	0.037141
104.364998	0.036154
104.305000	0.036294
104.245003	0.037175
104.184998	0.035964
104.125000	0.036840
104.065002	0.036420
104.004997	0.035865
103.945000	0.036180
103.885002	0.035673
103.824997	0.036322
103.764999	0.035690
103.705002	0.035503
103.644997	0.036145
103.584999	0.035595
103.525002	0.035308
103.464996	0.036102
103.404999	0.035203
103.345001	0.035235
103.285004	0.035879
103.224998	0.035062
103.165001	0.035104
103.105003	0.035964
103.044998	0.034821
102.985001	0.035130
102.925003	0.036230
102.864998	0.034631
102.805000	0.035042
102.745003	0.036067
102.684998	0.034459
102.625000	0.034814
102.565002	0.034877
102.504997	0.035818
102.440002	0.034204
102.379997	0.034519
102.320000	0.034796
102.260002	0.034077
102.199997	0.034464
102.139999	0.034055
102.080002	0.034026
102.019997	0.035280
101.959999	0.033750
101.900002	0.033933
101.839996	0.033600
101.779999	0.034026
101.720001	0.033508
101.660004	0.033535
101.599998	0.034844
101.540001	0.033298
101.480003	0.033613
101.419998	0.034657
101.360001	0.033173
101.300003	0.033914
101.239998	0.033075
101.180000	0.033909
101.120003	0.032993
101.059998	0.034304
101.000000	0.032751
100.940002	0.032885
100.879997	0.033956
100.820000	0.032630
100.760002	0.032931
100.699997	0.033129
100.639999	0.032587
100.580002	0.033408
100.519997	0.032664
100.459999	0.032524
100.400002	0.032151
100.339996	0.032832
100.279999	0.032136
100.220001	0.032035
100.160004	0.033177
100.099998	0.031848
100.040001	0.032083
99.980003	0.032937
99.919998	0.031652
99.860001	0.031970
99.800003	0.031634
99.739998	0.031646
99.680000	0.032389
99.620003	0.031361
99.559998	0.032216
99.500000	0.031351
99.440002	0.031458
99.379997	0.031452
99.320000	0.031093
99.260002	0.031542
99.199997	0.031025
99.139999	0.030990
99.080002	0.032233
99.019997	0.030773
98.959999	0.031134
98.900002	0.030694
98.839996	0.030821
98.779999	0.031910
98.720001	0.030479
98.660004	0.031199
98.599998	0.030336
98.540001	0.030384
98.480003	0.031338
98.419998	0.030260
98.360001	0.031318
98.300003	0.030005
98.239998	0.030631
98.180000	0.029899
98.120003	0.029932
98.059998	0.030655
98.000000	0.029772
97.940002	0.030491
97.879997	0.029566
97.820000	0.030224
97.760002	0.029814
97.699997	0.029397
97.639999	0.030062
97.580002	0.029327
97.519997	0.029565
97.459999	0.029251
97.400002	0.029165
97.339996	0.029975
97.279999	0.029073
97.220001	0.030207
97.160004	0.028868
97.099998	0.028771
97.040001	0.029434
96.980003	0.028649
96.919998	0.028967
96.860001	0.028550
96.800003	0.029081
96.739998	0.028511
96.680000	0.028555
96.614998	0.028518
96.555000	0.028587
96.495003	0.029103
96.434998	0.028155
96.375000	0.028473
96.315002	0.027982
96.254997	0.028306
96.195000	0.028019
96.135002	0.028137
96.074997	0.027771
96.014999	0.027914
95.955002	0.027717
95.894997	0.027885
95.834999	0.027957
95.775002	0.027513
95.714996	0.027490
95.654999	0.028543
95.595001	0.027378
95.535004	0.027586
95.474998	0.027206
95.415001	0.028117
95.355003	0.027124
95.294998	0.028012
95.235001	0.026877
95.175003	0.028055
95.114998	0.026798
95.055000	0.027797
94.995003	0.026652
94.934998	0.027500
94.875000	0.026501
94.815002	0.027678
94.754997	0.026378
94.695000	0.027446
94.635002	0.026414
94.574997	0.027348
94.514999	0.026153
94.455002	0.026499
94.394997	0.026298
94.334999	0.026076
94.275002	0.026284
94.214996	0.025942
94.154999	0.026320
94.095001	0.025689
94.035004	0.026043
93.974998	0.025558
93.915001	0.026580
93.855003	0.025485
93.794998	0.026528
93.735001	0.025441
93.675003	0.025408
93.614998	0.025426
93.555000	0.025137
93.495003	0.025763
93.434998	0.024986
93.375000	0.025461
93.315002	0.024862
93.254997	0.025931
93.195000	0.024786
93.135002	0.025121
93.074997	0.024917
93.014999	0.024737
92.955002	0.024515
92.894997	0.025078
92.834999	0.024458
92.775002	0.024343
92.714996	0.024914
92.654999	0.024133
92.595001	0.025111
92.535004	0.024119
92.474998	0.024504
92.415001	0.024108
92.355003	0.023815
92.294998	0.024144
92.235001	0.023686
92.175003	0.024547
92.114998	0.023670
92.055000	0.023525
91.995003	0.024280
91.934998	0.023377
91.875000	0.024152
91.815002	0.023324
91.754997	0.023207
91.695000	0.023718
91.635002	0.023083
91.574997	0.023335
91.514999	0.022950
91.455002	0.023268
91.394997	0.023030
91.334999	0.022733
91.275002	0.023693
91.214996	0.022862
91.154999	0.022647
91.095001	0.023155
91.035004	0.022430
90.974998	0.022936
90.915001	0.022342
90.855003	0.022685
90.794998	0.022716
90.730003	0.022099
90.669998	0.022420
90.610001	0.022195
90.550003	0.021876
90.489998	0.022450
90.430000	0.022029
90.370003	0.021702
90.309998	0.021854
90.250000	0.021665
90.190002	0.021520
90.129997	0.022154
90.070000	0.021398
90.010002	0.021385
89.949997	0.022103
89.889999	0.021213
89.830002	0.021179
89.769997	0.021961
89.709999	0.021075
89.650002	0.020944
89.589996	0.021564
89.529999	0.021175
89.470001	0.020767
89.410004	0.020727
89.349998	0.021164
89.290001	0.020650
89.230003	0.020461
89.169998	0.021313
89.110001	0.020692
89.050003	0.020339
88.989998	0.020256
88.930000	0.021026
88.870003	0.020587
88.809998	0.020057
88.750000	0.020015
88.690002	0.020679
88.629997	0.020465
88.570000	0.019855
88.510002	0.019707
88.449997	0.019663
88.389999	0.020314
88.330002	0.019873
88.269997	0.019583
88.209999	0.020043
88.150002	0.020045
88.089996	0.019481
88.029999	0.019342
87.970001	0.019101
87.910004	0.019535
87.849998	0.019708
87.790001	0.019471
87.730003	0.019114
87.669998	0.018802
87.610001	0.018702
87.550003	0.018896
87.489998	0.018671
87.430000	0.018544
87.370003	0.018486
87.309998	0.018463
87.250000	0.018854
87.190002	0.018708
87.129997	0.018550
87.070000	0.018201
87.010002	0.018073
86.949997	0.017978
86.889999	0.018075
86.830002	0.017947
86.769997	0.017865
86.709999	0.017705
86.650002	0.017822
86.589996	0.018211
86.529999	0.018166
86.470001	0.017842
86.410004	0.017734
86.349998	0.017625
86.290001	0.017347
86.230003	0.017610
86.169998	0.017568
86.110001	0.017440
86.050003	0.017350
85.989998	0.017094
85.930000	0.017101
85.870003	0.017017
85.809998	0.016832
85.750000	0.016800
85.690002	0.016737
85.629997	0.016582
85.570000	0.016480
85.510002	0.016418
85.449997	0.016345
85.389999	0.016287
85.330002	0.016210
85.269997	0.016151
85.209999	0.016116
85.150002	0.016018
85.089996	0.015995
85.029999	0.015972
84.970001	0.016245
84.910004	0.016151
84.849998	0.016118
84.785004	0.015955
84.724998	0.015937
84.665001	0.015926
84.605003	0.015761
84.544998	0.015712
84.485001	0.015718
84.425003	0.015578
84.364998	0.015519
84.305000	0.015447
84.245003	0.015333
84.184998	0.015295
84.125000	0.015245
84.065002	0.014855
84.004997	0.014959
83.945000	0.014656
83.885002	0.014542
83.824997	0.014496
83.764999	0.014398
83.705002	0.014336
83.644997	0.014286
83.584999	0.014225
83.525002	0.014128
83.464996	0.014055
83.404999	0.014029
83.345001	0.014008
83.285004	0.013941
83.224998	0.014016
83.165001	0.014028
83.105003	0.013936
83.044998	0.013612
82.985001	0.013512
82.925003	0.013475
82.864998	0.013435
82.805000	0.013375
82.745003	0.013415
82.684998	0.013434
82.625000	0.013258
82.565002	0.013034
82.504997	0.012963
82.445000	0.012910
82.385002	0.012883
82.324997	0.012954
82.264999	0.012726
82.205002	0.012805
82.144997	0.012620
82.084999	0.012469
82.025002	0.012412
81.964996	0.012423
81.904999	0.012412
81.845001	0.012243
81.785004	0.012108
81.724998	0.012060
81.665001	0.012057
81.605003	0.011885
81.544998	0.011848
81.485001	0.011853
81.425003	0.011812
81.364998	0.011756
81.305000	0.011534
81.245003	0.011469
81.184998	0.011454
81.125000	0.011466
81.065002	0.011392
81.004997	0.011207
80.945000	0.011080
80.885002	0.011032
80.824997	0.011017
80.764999	0.010992
80.705002	0.010876
80.644997	0.010706
80.584999	0.010668
80.525002	0.010622
80.464996	0.010615
80.404999	0.010428
80.345001	0.010361
80.285004	0.010381
80.224998	0.010213
80.165001	0.010123
80.105003	0.010072
80.044998	0.010058
79.985001	0.009933
79.925003	0.009820
79.864998	0.009791
79.805000	0.009721
79.745003	0.009626
79.684998	0.009539
79.625000	0.009454
79.565002	0.009390
79.504997	0.009295
79.445000	0.009216
79.385002	0.009163
79.324997	0.009060
79.264999	0.008958
79.205002	0.008901
79.144997	0.008838
79.084999	0.008683
79.025002	0.008691
78.964996	0.008515
78.900002	0.008517
78.839996	0.008352
78.779999	0.008256
78.720001	0.008294
78.660004	0.008092
78.599998	0.008128
78.540001	0.007929
78.480003	0.007957
78.419998	0.007791
78.360001	0.007819
78.300003	0.007612
78.239998	0.007667
78.180000	0.007446
78.120003	0.007497
78.059998	0.007278
78.000000	0.007317
77.940002	0.007132
77.879997	0.007170
77.820000	0.007023
77.760002	0.007026
77.699997	0.006833
77.639999	0.006776
77.580002	0.006690
77.519997	0.006688
77.459999	0.006653
77.400002	0.006421
77.339996	0.006473
77.279999	0.006277
77.220001	0.006295
77.160004	0.006138
77.099998	0.006018
77.040001	0.006095
76.980003	0.005854
76.919998	0.005873
76.860001	0.005757
76.800003	0.005599
76.739998	0.005648
76.680000	0.005430
76.620003	0.005406
76.559998	0.005448
76.500000	0.005196
76.440002	0.005280
76.379997	0.005077
76.320000	0.005080
76.260002	0.004918
76.199997	0.004932
76.139999	0.004776
76.080002	0.004759
76.019997	0.004651
75.959999	0.004580
75.900002	0.004514
75.839996	0.004431
75.779999	0.004363
75.720001	0.004263
75.660004	0.004221
75.599998	0.004085
75.540001	0.004011
75.480003	0.003921
75.419998	0.003878
75.360001	0.003847
75.300003	0.003679
75.239998	0.003605
75.180000	0.003591
75.120003	0.003501
75.059998	0.003337
75.000000	0.003272
74.940002	0.003257
74.879997	0.003171
74.820000	0.003113
74.760002	0.003053
74.699997	0.002891
74.639999	0.002683
74.580002	0.002472
74.519997	0.002552
74.459999	0.002611
74.400002	0.002262
74.339996	0.002079
74.279999	0.002181
74.220001	0.002002
74.160004	0.001636
74.099998	0.001668
74.040001	0.001576
73.980003	0.001109
73.919998	0.000364
73.860001	-2.320111E-5
73.800003	-3.278255E-7
73.739998	-2.871454E-5
73.680000	-1.853704E-5
73.620003	-2.405047E-5
73.559998	-3.252923E-5
73.500000	-1.981854E-5
73.440002	-3.464520E-5
73.379997	-1.685321E-5
73.320000	-1.727045E-5
73.260002	-2.193451E-5
73.199997	-2.066791E-5
73.139999	-1.177192E-6
73.080002	-2.405047E-5
73.014999	-1.473725E-5
72.955002	-4.057586E-5
72.894997	-2.363324E-5
72.834999	-4.014373E-5
72.775002	-2.659857E-5
72.714996	-2.871454E-5
72.654999	-3.278255E-7
72.595001	-2.278388E-5
72.535004	-1.388788E-5
72.474998	-2.489984E-5
72.415001	-2.998114E-5
72.355003	-2.871454E-5
72.294998	-1.938641E-5
72.235001	-2.278388E-5
72.175003	-2.193451E-5
72.114998	-3.591180E-5
72.055000	-3.972650E-5
71.995003	-2.913177E-5
71.934998	-2.531707E-5
71.875000	-3.591180E-5
71.815002	5.215406E-7
71.754997	-3.972650E-5
71.695000	-4.947186E-5
71.635002	-2.659857E-5
71.574997	-3.972650E-5
71.514999	-3.167987E-5
71.455002	-2.108514E-5
71.394997	-4.142523E-5
71.334999	-1.177192E-6
71.275002	-4.142523E-6
71.214996	-2.786517E-5
71.154999	-2.956390E-5
71.095001	-2.235174E-5
71.035004	-3.761053E-5
70.974998	-1.811981E-5
70.915001	-1.938641E-5
70.855003	-2.489984E-5
70.794998	-2.108514E-5
70.735001	-1.345575E-5
70.675003	-3.464520E-5
70.614998	-2.363324E-5
70.555000	-2.659857E-5
70.495003	-1.853704E-5
70.434998	-2.913177E-5
70.375000	-1.642108E-5
70.315002	-2.108514E-5
70.254997	-1.594424E-6
70.195000	-4.225969E-5
70.135002	-1.981854E-5
70.074997	-2.446771E-5
70.014999	-3.717840E-5
69.955002	-2.489984E-5
69.894997	-3.676116E-5
69.834999	-3.632903E-5
69.775002	-3.887713E-5
69.714996	-3.421307E-5
69.654999	-4.099309E-5
69.595001	-2.956390E-5
69.535004	-2.786517E-5
69.474998	-2.574921E-5
69.415001	-1.938641E-5
69.355003	-1.727045E-5
69.294998	-5.540252E-5
69.235001	-1.770258E-5
69.175003	-2.193451E-5
69.114998	-2.066791E-5
69.055000	-6.675720E-6
68.995003	-5.841255E-6
68.934998	-3.717840E-5
68.875000	-2.998114E-5
68.815002	-2.616644E-5
68.754997	-3.039837E-5
68.695000	-4.225969E-5
68.635002	-2.446771E-5
68.574997	-2.871454E-5
68.514999	-3.845990E-5
68.455002	-2.235174E-5
68.394997	-2.786517E-5
68.334999	-3.278255E-7
68.275002	-3.336370E-5
68.214996	-4.439056E-5
68.154999	-2.659857E-5
68.095001	-1.600385E-5
68.035004	-3.083050E-5
67.974998	-3.717840E-5
67.915001	-3.209710E-5
67.855003	-6.258488E-6
67.794998	-3.039837E-5
67.735001	-4.057586E-5
67.675003	-7.450581E-7
67.614998	-4.014373E-5
67.555000	-2.828240E-5
67.495003	-1.981854E-5
67.434998	-1.770258E-5
67.375000	-3.676116E-5
67.315002	-3.761053E-5
67.254997	-3.802776E-5
67.195000	-4.099309E-5
67.129997	-1.938641E-5
67.070000	-1.303852E-5
67.010002	-1.177192E-6
66.949997	-2.363324E-5
66.889999	-2.066791E-5
66.830002	-2.743304E-5
66.769997	-2.828240E-5
66.709999	-3.929436E-5
66.650002	-4.559755E-6
66.589996	-2.446771E-5
66.529999	-3.421307E-5
66.470001	-3.464520E-5
66.410004	-1.853704E-5
66.349998	-1.177192E-6
66.290001	-2.363324E-5
66.230003	-1.981854E-5
66.169998	-2.150238E-5
66.110001	-3.845990E-5
66.050003	-2.701581E-5
65.989998	-2.828240E-5
65.930000	-2.913177E-5
65.870003	-2.066791E-5
65.809998	-2.998114E-5
65.750000	-2.363324E-5
65.690002	-1.811981E-5
65.629997	-1.260638E-5
65.570000	-4.014373E-5
65.510002	-2.998114E-5
65.449997	-1.177192E-6
65.389999	-1.896918E-5
65.330002	-1.049042E-5
65.269997	-2.531707E-5
65.209999	-1.685321E-5
65.150002	-3.676116E-5
65.089996	-3.039837E-5
65.029999	-3.591180E-5
64.970001	-2.066791E-5
64.910004	-2.871454E-5
64.849998	-1.770258E-5
64.790001	-1.770258E-5
64.730003	-2.616644E-5
64.669998	-4.354119E-5
64.610001	-7.450581E-7
64.550003	-5.243719E-5
64.489998	-2.828240E-5
64.430000	-2.616644E-5
64.370003	-2.108514E-5
64.309998	-2.489984E-5
64.250000	-3.039837E-5
64.190002	-2.193451E-5
64.129997	-7.450581E-7
64.070000	-1.853704E-5
64.010002	-1.388788E-5
63.950001	-2.108514E-5
63.889999	-2.446771E-5
63.830002	-2.743304E-5
63.770000	-3.929436E-5
63.709999	-1.938641E-5
63.650002	-4.439056E-5
63.590000	-2.489984E-5
63.529999	-3.802776E-5
63.470001	-3.278255E-7
63.410000	-2.193451E-5
63.349998	-3.039837E-5
63.290001	-2.489984E-5
63.230000	-2.956390E-5
63.169998	-4.269183E-5
63.110001	-1.896918E-5
63.049999	-4.057586E-5
62.990002	-4.014373E-5
62.930000	-2.150238E-5
62.869999	-1.853704E-5
62.810001	-2.659857E-5
62.750000	-2.998114E-5
62.689999	-1.685321E-5
62.630001	-1.177192E-6
62.570000	-3.887713E-5
62.509998	-1.473725E-5
62.450001	-2.743304E-5
62.389999	-1.770258E-5
62.330002	-3.252923E-5
62.270000	-1.811981E-5
62.209999	-2.193451E-5
62.150002	8.940697E-8
62.090000	-2.193451E-5
62.029999	-2.574921E-5
61.970001	-2.956390E-5
61.910000	-3.887713E-5
61.849998	-2.446771E-5
61.790001	-2.405047E-5
61.730000	-1.345575E-5
61.669998	-1.303852E-5
61.610001	-4.310906E-5
61.549999	-2.531707E-5
61.490002	-2.489984E-5
61.430000	-7.107854E-6
61.369999	-3.167987E-5
61.310001	-3.972650E-5
61.250000	-2.574921E-5
61.189999	-2.616644E-5
61.130001	-1.727045E-5
61.070000	-1.177192E-6
61.005001	-1.685321E-5
60.945000	-2.363324E-5
60.884998	-2.320111E-5
60.825001	-2.786517E-5
60.764999	-2.913177E-5
60.705002	-3.632903E-5
60.645000	-3.845990E-5
60.584999	-1.600385E-5
60.525002	-2.363324E-5
60.465000	-1.811981E-5
60.404999	-2.278388E-5
60.345001	-1.896918E-5
60.285000	-2.235174E-5
60.224998	-4.439056E-5
60.165001	-1.594424E-6
60.105000	-2.235174E-5
60.044998	-2.531707E-5
59.985001	-2.363324E-5
59.924999	-2.023578E-5
59.865002	-2.956390E-5
59.805000	-3.549457E-5
59.744999	-1.430511E-5
59.685001	-2.701581E-5
59.625000	-4.269183E-5
59.564999	-7.525086E-6
59.505001	-1.896918E-5
59.445000	-2.913177E-5
59.384998	-9.641051E-6
59.325001	-1.594424E-6
59.264999	-2.913177E-5
59.205002	-3.972650E-5
59.145000	-2.235174E-5
59.084999	-4.310906E-5
59.025002	-2.023578E-5
58.965000	-2.193451E-5
58.904999	-1.896918E-5
58.845001	-7.450581E-7
58.785000	-3.421307E-5
58.724998	-1.727045E-5
58.665001	-1.811981E-5
58.605000	-5.409122E-6
58.544998	-5.708635E-5
58.485001	-3.124774E-5
58.424999	-1.896918E-5
58.365002	-1.981854E-5
58.305000	-3.252923E-5
58.244999	-2.701581E-5
58.185001	-7.450581E-7
58.125000	-2.193451E-5
58.064999	-3.929436E-5
58.005001	-1.685321E-5
57.945000	-2.066791E-5
57.884998	-2.956390E-5
57.825001	-2.066791E-5
57.764999	-2.828240E-5
57.705002	-2.108514E-5
57.645000	-3.124774E-5
57.584999	-3.549457E-5
57.525002	-2.701581E-5
57.465000	-2.066791E-5
57.404999	-3.676116E-5
57.345001	-2.786517E-5
57.285000	-4.559755E-6
57.224998	-1.981854E-5
57.165001	-1.770258E-5
57.105000	-2.786517E-5
57.044998	-1.853704E-5
56.985001	-1.345575E-5
56.924999	-2.998114E-5
56.865002	-4.991889E-6
56.805000	-2.363324E-5
56.744999	-3.972650E-5
56.685001	-2.531707E-5
56.625000	-1.896918E-5
56.564999	-2.320111E-5
56.505001	-1.981854E-5
56.445000	-1.594424E-6
56.384998	-3.294647E-5
56.325001	-2.743304E-5
56.264999	-2.023578E-5
56.205002	-3.252923E-5
56.145000	-3.549457E-5
56.084999	-4.184246E-5
56.025002	-2.489984E-5
55.965000	-2.278388E-5
55.904999	-2.193451E-5
55.845001	-2.998114E-5
55.785000	-2.616644E-5
55.724998	-1.685321E-5
55.665001	-2.066791E-5
55.605000	-2.108514E-5
55.544998	-2.278388E-5
55.485001	-2.150238E-5
55.424999	-2.363324E-5
55.365002	-1.938641E-5
55.305000	-1.853704E-5
55.244999	-3.083050E-5
55.185001	5.215406E-7
55.125000	-2.278388E-5
55.064999	-3.294647E-5
55.005001	-2.616644E-5
54.945000	-4.947186E-5
54.884998	-2.659857E-5
54.825001	-3.929436E-5
54.764999	-2.998114E-5
54.705002	-4.142523E-5
54.639999	-2.701581E-5
54.580002	-1.896918E-5
54.520000	-1.770258E-5
54.459999	-1.727045E-5
54.400002	-3.972650E-5
54.340000	-1.594424E-6
54.279999	-3.083050E-5
54.220001	-3.929436E-5
54.160000	-2.446771E-5
54.099998	-3.379583E-5
54.040001	-2.108514E-5
53.980000	-3.336370E-5
53.919998	-4.225969E-5
53.860001	-1.594424E-6
53.799999	-2.489984E-5
53.740002	-1.853704E-5
53.680000	-2.828240E-5
53.619999	-1.642108E-5
53.560001	-1.557171E-5
53.500000	-3.464520E-5
53.439999	-1.642108E-5
53.380001	-3.278255E-7
53.320000	-4.480779E-5
53.259998	-3.083050E-5
53.200001	-3.278255E-7
53.139999	-2.193451E-5
53.080002	-2.574921E-5
53.020000	-1.938641E-5
52.959999	-2.998114E-5
52.900002	-2.531707E-5
52.840000	-1.896918E-5
52.779999	-1.727045E-5
52.720001	-2.026558E-6
52.660000	-3.761053E-5
52.599998	-2.108514E-5
52.540001	-2.531707E-5
52.480000	-3.124774E-5
52.419998	-2.956390E-5
52.360001	-3.252923E-5
52.299999	-3.252923E-5
52.240002	-2.489984E-5
52.180000	-5.412102E-5
52.119999	-2.320111E-5
52.060001	-2.531707E-5
52.000000	-2.278388E-5
51.939999	-2.701581E-5
51.880001	-1.811981E-5
51.820000	-2.574921E-5
51.759998	-2.235174E-5
51.700001	-2.998114E-5
51.639999	-9.223819E-6
51.580002	-2.235174E-5
51.520000	-2.574921E-5
51.459999	-7.450581E-7
51.400002	-1.853704E-5
51.340000	-2.701581E-5
51.279999	-2.363324E-5
51.220001	-3.083050E-5
51.160000	-2.446771E-5
51.099998	-2.363324E-5
51.040001	-2.320111E-5
50.980000	-1.770258E-5
50.919998	-2.531707E-5
50.860001	-1.896918E-5
50.799999	-3.717840E-5
50.740002	-2.998114E-5
50.680000	-3.717840E-5
50.619999	-3.167987E-5
50.560001	-2.320111E-5
50.500000	-2.320111E-5
50.439999	-2.574921E-5
50.380001	-2.574921E-5
50.320000	-4.014373E-5
50.259998	-4.014373E-5
50.200001	-1.388788E-5
50.139999	-3.972650E-5
50.080002	-2.701581E-5
50.020000	-2.193451E-5
49.959999	-2.828240E-5
49.900002	-1.727045E-5
49.840000	-2.108514E-5
49.779999	-2.363324E-5
49.720001	-1.685321E-5
49.660000	-2.574921E-5
49.599998	-1.727045E-5
49.540001	-3.972650E-5
49.480000	-2.489984E-5
49.419998	-1.811981E-5
49.360001	-5.836785E-5
49.299999	-3.083050E-5
49.240002	-3.761053E-5
49.180000	-2.489984E-5
49.119999	-2.405047E-5
49.060001	-3.209710E-5
49.000000	-1.896918E-5
48.939999	-1.727045E-5
48.880001	-3.083050E-5
48.820000	-2.743304E-5
48.759998	-2.659857E-5
48.700001	-2.235174E-5
48.639999	-2.701581E-5
48.580002	-7.450581E-7
48.520000	-1.981854E-5
48.459999	-2.446771E-5
48.400002	-2.875924E-6
48.340000	-2.446771E-5
48.275002	-3.209710E-5
48.215000	-2.446771E-5
48.154999	-3.972650E-5
48.095001	-2.574921E-5
48.035000	-3.802776E-5
47.974998	-1.727045E-5
47.915001	-2.026558E-6
47.855000	-2.531707E-5
47.794998	-2.998114E-5
47.735001	-2.828240E-5
47.674999	-1.685321E-5
47.615002	-1.177192E-6
47.555000	-4.991889E-6
47.494999	-2.193451E-5
47.435001	-2.489984E-5
47.375000	-2.235174E-5
47.314999	-2.616644E-5
47.255001	-3.209710E-5
47.195000	-3.802776E-5
47.134998	-2.405047E-5
47.075001	-2.743304E-5
47.014999	-1.811981E-5
46.955002	-2.828240E-5
46.895000	-2.701581E-5
46.834999	-2.193451E-5
46.775002	-3.421307E-5
46.715000	-3.887713E-5
46.654999	-2.026558E-6
46.595001	-2.320111E-5
46.535000	-4.310906E-5
46.474998	-4.014373E-5
46.415001	-2.405047E-5
46.355000	-2.956390E-5
46.294998	-2.871454E-5
46.235001	-2.108514E-5
46.174999	-2.828240E-5
46.115002	-2.193451E-5
46.055000	-1.896918E-5
45.994999	-1.594424E-6
45.935001	-3.336370E-5
45.875000	-3.802776E-5
45.814999	-2.278388E-5
45.755001	-2.278388E-5
45.695000	-2.531707E-5
45.634998	-2.531707E-5
45.575001	-3.083050E-5
45.514999	-2.871454E-5
45.455002	-2.489984E-5
45.395000	-3.336370E-5
45.334999	-3.278255E-7
45.275002	-3.972650E-5
45.215000	-2.828240E-5
45.154999	-3.761053E-5
45.095001	-1.938641E-5
45.035000	-2.108514E-5
44.974998	-2.320111E-5
44.915001	-1.896918E-5
44.855000	-2.026558E-6
44.794998	-2.998114E-5
44.735001	-4.014373E-5
44.674999	-2.405047E-5
44.615002	-1.896918E-5
44.555000	-2.786517E-5
44.494999	-1.981854E-5
44.435001	-3.761053E-5
44.375000	-3.506243E-5
44.314999	-2.743304E-5
44.255001	-2.531707E-5
44.195000	-2.026558E-6
44.134998	-2.871454E-5
44.075001	-2.871454E-5
44.014999	-4.184246E-5
43.955002	-2.998114E-5
43.895000	-4.225969E-5
43.834999	-1.938641E-5
43.775002	-3.972650E-5
43.715000	-2.446771E-5
43.654999	-2.871454E-5
43.595001	-4.099309E-5
43.535000	-1.594424E-6
43.474998	-4.269183E-5
43.415001	-4.439056E-5
43.355000	-2.489984E-5
43.294998	-2.108514E-5
43.235001	-3.887713E-5
43.174999	-3.083050E-5
43.115002	-1.853704E-5
43.055000	-2.913177E-5
42.994999	-1.811981E-5
42.935001	-3.845990E-5
42.875000	-4.014373E-5
42.814999	-1.557171E-5
42.755001	-2.913177E-5
42.695000	-2.574921E-5
42.634998	-5.409122E-6
42.575001	-2.616644E-5
42.514999	-2.235174E-5
42.455002	-1.594424E-6
42.395000	-3.676116E-5
42.334999	-1.685321E-5
42.275002	-2.659857E-5
42.215000	-1.938641E-5
42.154999	-2.956390E-5
42.095001	-2.320111E-5
42.035000	-3.761053E-5
41.974998	-2.489984E-5
41.910000	-2.956390E-5
41.849998	-2.786517E-5
41.790001	-2.489984E-5
41.730000	-1.938641E-5
41.669998	-2.150238E-5
41.610001	-2.446771E-5
41.549999	-3.039837E-5
41.490002	-2.108514E-5
41.430000	-2.956390E-5
41.369999	-2.786517E-5
41.310001	-1.727045E-5
41.250000	-2.871454E-5
41.189999	8.940697E-8
41.130001	-1.811981E-5
41.070000	-2.574921E-5
41.009998	-2.828240E-5
40.950001	-2.531707E-5
40.889999	-2.193451E-5
40.830002	-1.642108E-5
40.770000	-3.039837E-5
40.709999	-1.896918E-5
40.650002	-3.929436E-5
40.590000	-1.896918E-5
40.529999	-3.294647E-5
40.470001	-3.676116E-5
40.410000	-2.998114E-5
40.349998	-2.489984E-5
40.290001	-3.083050E-5
40.230000	-2.828240E-5
40.169998	-2.150238E-5
40.110001	-2.659857E-5
40.049999	-1.981854E-5
39.990002	-2.235174E-5
39.930000	-3.039837E-5
39.869999	-1.177192E-6
39.810001	-3.972650E-5
39.750000	-1.515448E-5
39.689999	-2.786517E-5
39.630001	-1.811981E-5
39.570000	-1.938641E-5
39.509998	-1.938641E-5
39.450001	-2.743304E-5
39.389999	-1.594424E-6
39.330002	-2.023578E-5
39.270000	-1.770258E-5
39.209999	-1.811981E-5
39.150002	-1.938641E-5
39.090000	-2.066791E-5
39.029999	-1.557171E-5
38.970001	-3.252923E-5
38.910000	-1.685321E-5
38.849998	-2.531707E-5
38.790001	-4.057586E-5
38.730000	-1.594424E-6
38.669998	-3.972650E-5
38.610001	-2.320111E-5
38.549999	-3.549457E-5
38.490002	-2.828240E-5
38.430000	-1.594424E-6
38.369999	-5.370378E-5
38.310001	-2.320111E-5
38.250000	-4.057586E-5
38.189999	-3.083050E-5
38.130001	-2.828240E-5
38.070000	-2.531707E-5
38.009998	-3.717840E-5
37.950001	-2.913177E-5
37.889999	-2.150238E-5
37.830002	-4.142523E-5
37.770000	-1.727045E-5
37.709999	-2.363324E-5
37.650002	-1.685321E-5
37.590000	-2.531707E-5
37.529999	-4.269183E-5
37.470001	-2.026558E-6
37.410000	-2.405047E-5
37.349998	-6.090105E-5
37.290001	-4.142523E-5
37.230000	-2.786517E-5
37.169998	-3.464520E-5
37.110001	-7.525086E-6
37.049999	-2.616644E-5
36.990002	-2.489984E-5
36.930000	-2.743304E-5
36.869999	-1.727045E-5
36.810001	-4.395843E-5
36.750000	-1.896918E-5
36.689999	-1.896918E-5
36.630001	-2.871454E-5
36.570000	-4.310906E-5
36.509998	-1.981854E-5
36.450001	-3.039837E-5
36.389999	-2.913177E-5
36.330002	-2.616644E-5
36.270000	-2.531707E-5
36.209999	-1.896918E-5
36.150002	-3.083050E-5
36.090000	-2.956390E-5
36.029999	-2.871454E-5
35.970001	-2.023578E-5
35.910000	-2.363324E-5
35.849998	-1.557171E-5
35.790001	-1.938641E-5
35.730000	-1.981854E-5
35.669998	-1.938641E-5
35.610001	-3.761053E-5
35.544998	-3.802776E-5
35.485001	-1.770258E-5
35.424999	-2.701581E-5
35.365002	-2.320111E-5
35.305000	-3.124774E-5
35.244999	-3.929436E-5
35.185001	-2.278388E-5
35.125000	-1.853704E-5
35.064999	-2.066791E-5
35.005001	-4.184246E-5
34.945000	-3.124774E-5
34.884998	-4.099309E-5
34.825001	-1.727045E-5
34.764999	-3.083050E-5
34.705002	-2.531707E-5
34.645000	-2.659857E-5
34.584999	-2.023578E-5
34.525002	-3.506243E-5
34.465000	-2.828240E-5
34.404999	-2.446771E-5
34.345001	-1.770258E-5
34.285000	-3.887713E-5
34.224998	-1.896918E-5
34.165001	-3.167987E-5
34.105000	-2.320111E-5
34.044998	-2.531707E-5
33.985001	-1.770258E-5
33.924999	-3.278255E-7
33.865002	-3.039837E-5
33.805000	-2.531707E-5
33.744999	-4.559755E-6
33.685001	-4.439056E-5
33.625000	-1.594424E-6
33.564999	-3.379583E-5
33.505001	-1.811981E-5
33.445000	-3.083050E-5
33.384998	-3.887713E-5
33.325001	-2.574921E-5
33.264999	-3.336370E-5
33.205002	-4.607439E-5
33.145000	-1.430511E-5
33.084999	-2.574921E-5
33.025002	-3.887713E-5
32.965000	-2.320111E-5
32.904999	-4.014373E-5
32.845001	-3.845990E-5
32.785000	-3.124774E-5
32.724998	-2.913177E-5
32.665001	-2.026558E-6
32.605000	-3.972650E-5
32.544998	-1.770258E-5
32.485001	-3.278255E-7
32.424999	-3.083050E-5
32.365002	-2.405047E-5
32.305000	-2.786517E-5
32.244999	-2.108514E-5
32.185001	-3.717840E-5
32.125000	-2.446771E-5
32.064999	-2.913177E-5
32.005001	-1.811981E-5
31.945000	-2.956390E-5
31.885000	-5.243719E-5
31.825001	-2.446771E-5
31.764999	-2.701581E-5
31.705000	-1.770258E-5
31.645000	-1.853704E-5
31.584999	-3.167987E-5
31.525000	-2.786517E-5
31.465000	-3.167987E-5
31.405001	-2.743304E-5
31.344999	-3.083050E-5
31.285000	-1.811981E-5
31.225000	-2.193451E-5
31.165001	-2.786517E-5
31.105000	-2.828240E-5
31.045000	-6.258488E-6
30.985001	-1.388788E-5
30.924999	-2.998114E-5
30.865000	-2.235174E-5
30.805000	-1.727045E-5
30.745001	-2.871454E-5
30.684999	-3.464520E-5
30.625000	-4.225969E-5
30.565001	-1.938641E-5
30.504999	-1.557171E-5
30.445000	-2.574921E-5
30.385000	-3.209710E-5
30.325001	-3.972650E-5
30.264999	-3.124774E-5
30.205000	-4.310906E-5
30.145000	-2.405047E-5
30.084999	-8.806586E-6
30.025000	-2.443790E-6
29.965000	-1.811981E-5
29.905001	-2.786517E-5
29.844999	-2.574921E-5
29.785000	-2.913177E-5
29.725000	-3.421307E-5
29.665001	-2.023578E-5
29.605000	-3.972650E-5
29.545000	-2.235174E-5
29.485001	-1.853704E-5
29.424999	-2.743304E-5
29.365000	-2.443790E-6
29.305000	-2.531707E-5
29.245001	-2.443790E-6
29.180000	-2.659857E-5
29.120001	-2.786517E-5
29.059999	-3.676116E-5
29.000000	-2.405047E-5
28.940001	-3.761053E-5
28.879999	-1.853704E-5
28.820000	-1.853704E-5
28.760000	-2.871454E-5
28.700001	-2.150238E-5
28.639999	-3.421307E-5
28.580000	-4.439056E-5
28.520000	-4.480779E-5
28.459999	-4.142523E-5
28.400000	-2.913177E-5
28.340000	-2.913177E-5
28.280001	-2.026558E-6
28.219999	-2.363324E-5
28.160000	-1.981854E-5
28.100000	-3.929436E-5
28.040001	-2.616644E-5
27.980000	-1.770258E-5
27.920000	-2.320111E-5
27.860001	-4.269183E-5
27.799999	-2.026558E-6
27.740000	-2.956390E-5
27.680000	-2.320111E-5
27.620001	-2.320111E-5
27.559999	-4.142523E-5
27.500000	-3.887713E-5
27.440001	-2.066791E-5
27.379999	-1.594424E-6
27.320000	-2.235174E-5
27.260000	-2.023578E-5
27.200001	-4.269183E-5
27.139999	-1.594424E-6
27.080000	-3.124774E-5
27.020000	-1.811981E-5
26.959999	-3.887713E-5
26.900000	-1.981854E-5
26.840000	-3.887713E-5
26.780001	-2.278388E-5
26.719999	-3.124774E-5
26.660000	-3.506243E-5
26.600000	-2.659857E-5
26.540001	-2.956390E-5
26.480000	-1.727045E-5
26.420000	-5.285442E-5
26.360001	-2.913177E-5
26.299999	-1.515448E-5
26.240000	-2.446771E-5
26.180000	-2.363324E-5
26.120001	-3.929436E-5
26.059999	-2.363324E-5
26.000000	-2.786517E-5
25.940001	-2.150238E-5
25.879999	-2.363324E-5
25.820000	-1.177192E-6
25.760000	-4.439056E-5
25.700001	-2.193451E-5
25.639999	-2.913177E-5
25.580000	-2.405047E-5
25.520000	-1.938641E-5
25.459999	-2.235174E-5
25.400000	-2.320111E-5
25.340000	-3.421307E-5
25.280001	-3.039837E-5
25.219999	-3.845990E-5
25.160000	-2.443790E-6
25.100000	-4.310906E-5
25.040001	-3.209710E-5
24.980000	-4.184246E-5
24.920000	-1.770258E-5
24.860001	-1.811981E-5
24.799999	-2.023578E-5
24.740000	-2.701581E-5
24.680000	-2.235174E-5
24.620001	-3.039837E-5
24.559999	-2.913177E-5
24.500000	-2.913177E-5
24.440001	-4.480779E-5
24.379999	-2.871454E-5
24.320000	-2.701581E-5
24.260000	-1.177192E-6
24.200001	-2.956390E-5
24.139999	-1.303852E-5
24.080000	-3.294647E-5
24.020000	-2.616644E-5
23.959999	-2.659857E-5
23.900000	-2.828240E-5
23.840000	-4.099309E-5
23.780001	-1.811981E-5
23.719999	-2.066791E-5
23.660000	-2.489984E-5
23.600000	-1.770258E-5
23.540001	-5.412102E-5
23.480000	-2.574921E-5
23.420000	-2.701581E-5
23.360001	-4.142523E-5
23.299999	-1.594424E-6
23.240000	-1.685321E-5
23.180000	-2.913177E-5
23.120001	-2.998114E-5
23.059999	-5.540252E-5
23.000000	-2.871454E-5
22.940001	-3.039837E-5
22.879999	-5.841255E-6
22.815001	-1.981854E-5
22.754999	-5.921721E-5
22.695000	-1.896918E-5
22.635000	-1.594424E-6
22.575001	-2.701581E-5
22.514999	-2.066791E-5
22.455000	-2.235174E-5
22.395000	-3.167987E-5
22.334999	-1.345575E-5
22.275000	-4.099309E-5
22.215000	-3.209710E-5
22.155001	-3.252923E-5
22.094999	-2.278388E-5
22.035000	-3.632903E-5
21.975000	-2.443790E-6
21.915001	-2.743304E-5
21.855000	-1.981854E-5
21.795000	-1.938641E-5
21.735001	-2.574921E-5
21.674999	-3.929436E-5
21.615000	-1.853704E-5
21.555000	-3.845990E-5
21.495001	-2.443790E-6
21.434999	-2.363324E-5
21.375000	-3.845990E-5
21.315001	-3.929436E-5
21.254999	-2.023578E-5
21.195000	-2.531707E-5
21.135000	-2.066791E-5
21.075001	-2.193451E-5
21.014999	-2.489984E-5
20.955000	-2.193451E-5
20.895000	-1.811981E-5
20.834999	-2.023578E-5
20.775000	-3.845990E-5
20.715000	-3.464520E-5
20.655001	-1.177192E-6
20.594999	-3.802776E-5
20.535000	-2.616644E-5
20.475000	-2.998114E-5
20.415001	-2.786517E-5
20.355000	-3.083050E-5
20.295000	-3.167987E-5
20.235001	-4.991889E-6
20.174999	-2.108514E-5
20.115000	-2.786517E-5
20.055000	-2.828240E-5
19.995001	-3.887713E-5
19.934999	-2.023578E-5
19.875000	-7.450581E-7
19.815001	-2.489984E-5
19.754999	-2.108514E-5
19.695000	-3.549457E-5
19.635000	-2.278388E-5
19.575001	-2.363324E-5
19.514999	-2.489984E-5
19.455000	-3.421307E-5
19.395000	-2.659857E-5
19.334999	-4.142523E-5
19.275000	-1.685321E-5
19.215000	-2.574921E-5
19.155001	-3.506243E-5
19.094999	-2.701581E-5
19.035000	-4.607439E-5
18.975000	-2.743304E-5
18.915001	-2.026558E-6
18.855000	-2.193451E-5
18.795000	-2.616644E-5
18.735001	-2.320111E-5
18.674999	-2.574921E-5
18.615000	-2.701581E-5
18.555000	-2.363324E-5
18.495001	-2.405047E-5
18.434999	-4.354119E-5
18.375000	-2.489984E-5
18.315001	-2.235174E-5
18.254999	-3.083050E-5
18.195000	-2.956390E-5
18.135000	-4.565716E-5
18.075001	-8.806586E-6
18.014999	-2.235174E-5
17.955000	-2.363324E-5
17.895000	-3.845990E-5
17.834999	-2.235174E-5
17.775000	-2.405047E-5
17.715000	-2.066791E-5
17.655001	-2.786517E-5
17.594999	-4.607439E-5
17.535000	-4.184246E-5
17.475000	-2.616644E-5
17.415001	-1.981854E-5
17.355000	-2.956390E-5
17.295000	-4.057586E-5
17.235001	-1.853704E-5
17.174999	-4.184246E-5
17.115000	-2.828240E-5
17.055000	-2.405047E-5
16.995001	-4.395843E-5
16.934999	-2.574921E-5
16.875000	-3.209710E-5
16.815001	-2.659857E-5
16.754999	-2.875924E-6
16.695000	-2.405047E-5
16.635000	-1.853704E-5
16.575001	-2.574921E-5
16.514999	-7.525086E-6
16.450001	-3.972650E-5
16.389999	-3.083050E-5
16.330000	-3.124774E-5
16.270000	-2.913177E-5
16.209999	-3.039837E-5
16.150000	-3.294647E-5
16.090000	-3.252923E-5
16.030001	-2.913177E-5
15.970000	-2.531707E-5
15.910000	-1.685321E-5
15.850000	-3.676116E-5
15.790000	-2.871454E-5
15.730000	-3.124774E-5
15.670000	-2.278388E-5
15.610000	-1.853704E-5
15.550000	-2.828240E-5
15.490000	-3.887713E-5
15.430000	-5.963445E-5
15.370000	-3.083050E-5
15.310000	-3.549457E-5
15.250000	-2.363324E-5
15.190000	-4.991889E-6
15.130000	-2.998114E-5
15.070000	-2.026558E-6
15.010000	-2.574921E-5
14.950000	-3.632903E-5
14.890000	-3.124774E-5
14.830000	-4.692376E-5
14.770000	-2.871454E-5
14.710000	-1.685321E-5
14.650000	-3.252923E-5
14.590000	-3.761053E-5
14.530000	-2.659857E-5
14.470000	-7.957220E-6
14.410000	-2.489984E-5
14.350000	-3.421307E-5
14.290000	-2.701581E-5
14.230000	-3.717840E-5
14.170000	-4.184246E-5
14.110000	-3.464520E-5
14.050000	-2.701581E-5
13.990000	-3.887713E-5
13.930000	-1.896918E-5
13.870000	-2.828240E-5
13.810000	-2.786517E-5
13.750000	-2.786517E-5
13.690000	-2.743304E-5
13.630000	-2.443790E-6
13.570000	-3.167987E-5
13.510000	-1.727045E-5
13.450000	-3.421307E-5
13.390000	-4.184246E-5
13.330000	-2.405047E-5
13.270000	-2.998114E-5
13.210000	-2.956390E-5
13.150000	-2.026558E-6
13.090000	-2.701581E-5
13.030000	-3.717840E-5
12.970000	-3.124774E-5
12.910000	-3.167987E-5
12.850000	-3.294647E-5
12.790000	-1.981854E-5
12.730000	-2.023578E-5
12.670000	-3.972650E-5
12.610000	-2.193451E-5
12.550000	-3.802776E-5
12.490000	-1.594424E-6
12.430000	-4.142523E-5
12.370000	-2.446771E-5
12.310000	-2.066791E-5
12.250000	-2.446771E-5
12.190000	-2.786517E-5
12.130000	-7.525086E-6
12.070000	-1.811981E-5
12.010000	-2.150238E-5
11.950000	-3.929436E-5
11.890000	-4.184246E-5
11.830000	-3.464520E-5
11.770000	-2.956390E-5
11.710000	-2.786517E-5
11.650000	-7.450581E-7
11.590000	-2.998114E-5
11.530000	-3.379583E-5
11.470000	-4.310906E-5
11.410000	-3.209710E-5
11.350000	-2.913177E-5
11.290000	-1.600385E-5
11.230000	-2.531707E-5
11.170000	-3.293157E-6
11.110000	-3.209710E-5
11.050000	-2.023578E-5
10.990000	-3.591180E-5
10.930000	-1.896918E-5
10.870000	-2.871454E-5
10.810000	-2.743304E-5
10.750000	-2.363324E-5
10.690000	-1.938641E-5
10.630000	-2.023578E-5
10.570000	-2.405047E-5
10.510000	-2.659857E-5
10.450000	-5.841255E-6
10.390000	-3.506243E-5
10.330000	-2.278388E-5
10.270000	-2.616644E-5
10.205000	-2.150238E-5
10.145000	-1.853704E-5
10.085000	-2.443790E-6
10.025000	-2.913177E-5
9.965000	-4.395843E-5
9.905000	-2.489984E-5
9.845000	-1.515448E-5
9.785000	-1.896918E-5
9.725000	-2.828240E-5
9.665000	-2.066791E-5
9.605000	-1.981854E-5
9.545000	-2.193451E-5
9.485000	-3.717840E-5
9.425000	-2.405047E-5
9.365000	-1.853704E-5
9.305000	-2.066791E-5
9.245000	-1.727045E-5
9.185000	-2.875924E-6
9.125000	-3.929436E-5
9.065000	-2.616644E-5
9.005000	-2.235174E-5
8.945000	-4.692376E-5
8.885000	-4.991889E-6
8.825000	-2.023578E-5
8.765000	-3.167987E-5
8.705000	-2.574921E-5
8.645000	-2.659857E-5
8.585000	-3.083050E-5
8.525000	-7.450581E-7
8.465000	-2.659857E-5
8.405000	-2.066791E-5
8.345000	-2.108514E-5
8.285000	-2.066791E-5
8.225000	-3.209710E-5
8.165000	-3.209710E-5
8.105000	-2.913177E-5
8.045000	-2.023578E-5
7.985000	-2.956390E-5
7.925000	-3.167987E-5
7.865000	-2.875924E-6
7.805000	-2.956390E-5
7.745000	-1.938641E-5
7.685000	-1.594424E-6
7.625000	-3.252923E-5
7.565000	-2.701581E-5
7.505000	-2.278388E-5
7.445000	-4.354119E-5
7.385000	-2.026558E-6
7.325000	-4.310906E-5
7.265000	-2.446771E-5
7.205000	-2.489984E-5
7.145000	-2.701581E-5
7.085000	-2.701581E-5
7.025000	-8.806586E-6
6.965000	-2.574921E-5
6.905000	-2.956390E-5
6.845000	-1.981854E-5
6.785000	-2.023578E-5
6.725000	9.387732E-7
6.665000	-2.446771E-5
6.605000	-2.701581E-5
6.545000	-1.853704E-5
6.485000	-2.659857E-5
6.425000	-9.223819E-6
6.365000	-2.023578E-5
6.305000	-4.225969E-5
6.245000	-2.701581E-5
6.185000	-4.057586E-5
6.125000	-2.574921E-5
6.065000	-2.701581E-5
6.005000	-1.642108E-5
5.945000	-4.395843E-5
5.885000	-4.225969E-5
5.825000	-3.506243E-5
5.765000	-1.473725E-5
5.705000	-2.108514E-5
5.645000	-2.320111E-5
5.585000	-3.972650E-5
5.525000	-4.014373E-5
5.465000	-7.450581E-7
5.405000	-2.786517E-5
5.345000	-1.685321E-5
5.285000	-2.998114E-5
5.225000	-2.405047E-5
5.165000	-2.023578E-5
5.105000	-2.616644E-5
5.045000	-3.929436E-5
4.985000	-2.956390E-5
4.925000	-1.938641E-5
4.865000	-1.981854E-5
4.805000	-2.786517E-5
4.745000	-2.443790E-6
4.685000	-2.278388E-5
4.625000	-2.066791E-5
4.565000	-4.439056E-5
4.505000	-3.336370E-5
4.445000	-3.209710E-5
4.385000	-2.743304E-5
4.325000	-2.913177E-5
4.265000	-4.057586E-5
4.205000	-3.252923E-5
4.145000	-2.066791E-5
4.085000	-4.057586E-5
4.025000	-1.938641E-5
3.960000	-2.659857E-5
3.900000	-2.108514E-5
3.840000	-3.464520E-5
3.780000	-2.446771E-5
3.720000	-1.896918E-5
3.660000	-1.938641E-5
3.600000	-3.083050E-5
3.540000	-2.023578E-5
3.480000	-2.659857E-5
3.420000	-2.108514E-5
3.360000	-3.252923E-5
3.300000	-1.853704E-5
3.240000	-2.701581E-5
3.180000	-2.405047E-5
3.120000	-2.108514E-5
3.060000	-2.108514E-5
3.000000	-2.235174E-5
2.940000	-3.039837E-5
2.880000	-2.956390E-5
2.820000	-3.252923E-5
2.760000	-3.039837E-5
2.700000	-1.642108E-5
2.640000	-2.659857E-5
2.580000	-2.066791E-5
2.520000	-1.896918E-5
2.460000	-2.786517E-5
2.400000	-3.591180E-5
2.340000	-4.310906E-5
2.280000	-2.828240E-5
2.220000	-2.235174E-5
2.160000	-3.124774E-5
2.100000	-4.354119E-5
2.040000	-3.632903E-5
1.980000	-2.701581E-5
1.920000	-4.099309E-5
1.860000	-2.405047E-5
1.800000	-2.998114E-5
1.740000	-4.142523E-5
1.680000	-2.998114E-5
1.620000	-2.701581E-5
1.560000	-2.443790E-6
1.500000	-2.659857E-5
1.440000	-2.443790E-6
1.380000	-2.489984E-5
1.320000	-8.806586E-6
1.260000	-3.717840E-5
1.200000	-3.209710E-5
1.140000	-3.039837E-5
1.080000	-1.896918E-5
1.020000	-3.209710E-5
0.960000	-1.938641E-5
0.900000	-4.480779E-5
0.840000	-2.786517E-5
0.780000	-4.439056E-5
0.720000	-2.786517E-5
0.660000	-2.701581E-5
0.600000	-5.625188E-5
0.540000	-2.405047E-5
0.480000	-2.443790E-6
0.420000	-3.209710E-5
0.360000	-2.446771E-5
0.300000	-2.998114E-5
0.240000	-2.701581E-5
0.180000	-2.616644E-5
0.120000	-1.853704E-5
0.060000	-1.938641E-5
0.000000	-2.701581E-5
