% Langmuir characteristic curve

% U (Volt)	I (A)
150.000000	0.000769
149.940002	0.000765
149.880005	0.000759
149.820007	0.000760
149.759995	0.000763
149.699997	0.000765
149.639999	0.000745
149.580002	0.000743
149.520004	0.000745
149.460007	0.000758
149.399994	0.000757
149.339996	0.000779
149.279999	0.000761
149.220001	0.000760
149.160004	0.000749
149.100006	0.000741
149.039993	0.000760
148.979996	0.000738
148.919998	0.000756
148.860001	0.000746
148.800003	0.000747
148.740005	0.000746
148.679993	0.000753
148.619995	0.000742
148.559998	0.000753
148.500000	0.000739
148.440002	0.000744
148.380005	0.000744
148.320007	0.000768
148.259995	0.000752
148.199997	0.000730
148.139999	0.000749
148.080002	0.000718
148.020004	0.000738
147.960007	0.000740
147.899994	0.000742
147.839996	0.000735
147.779999	0.000734
147.720001	0.000746
147.660004	0.000739
147.600006	0.000732
147.539993	0.000741
147.479996	0.000735
147.419998	0.000721
147.360001	0.000737
147.300003	0.000757
147.240005	0.000730
147.179993	0.000730
147.119995	0.000732
147.059998	0.000727
147.000000	0.000734
146.940002	0.000723
146.880005	0.000727
146.820007	0.000739
146.759995	0.000710
146.699997	0.000725
146.639999	0.000719
146.580002	0.000750
146.520004	0.000731
146.455002	0.000720
146.395004	0.000722
146.335007	0.000726
146.274994	0.000714
146.214996	0.000721
146.154999	0.000724
146.095001	0.000729
146.035004	0.000708
145.975006	0.000718
145.914993	0.000720
145.854996	0.000720
145.794998	0.000719
145.735001	0.000710
145.675003	0.000725
145.615005	0.000716
145.554993	0.000702
145.494995	0.000708
145.434998	0.000713
145.375000	0.000718
145.315002	0.000721
145.255005	0.000700
145.195007	0.000702
145.134995	0.000736
145.074997	0.000716
145.014999	0.000697
144.955002	0.000713
144.895004	0.000711
144.835007	0.000716
144.774994	0.000712
144.714996	0.000710
144.654999	0.000730
144.595001	0.000691
144.535004	0.000707
144.475006	0.000706
144.414993	0.000713
144.354996	0.000701
144.294998	0.000709
144.235001	0.000710
144.175003	0.000729
144.115005	0.000709
144.054993	0.000709
143.994995	0.000702
143.934998	0.000705
143.875000	0.000699
143.815002	0.000706
143.755005	0.000696
143.695007	0.000696
143.634995	0.000694
143.574997	0.000705
143.514999	0.000702
143.455002	0.000699
143.395004	0.000680
143.335007	0.000684
143.274994	0.000681
143.214996	0.000678
143.154999	0.000696
143.095001	0.000716
143.035004	0.000694
142.975006	0.000694
142.914993	0.000696
142.854996	0.000693
142.794998	0.000688
142.735001	0.000677
142.675003	0.000690
142.615005	0.000683
142.554993	0.000710
142.494995	0.000688
142.434998	0.000686
142.375000	0.000690
142.315002	0.000691
142.255005	0.000691
142.195007	0.000685
142.134995	0.000684
142.074997	0.000675
142.014999	0.000669
141.955002	0.000679
141.895004	0.000666
141.835007	0.000685
141.774994	0.000682
141.714996	0.000676
141.654999	0.000701
141.595001	0.000667
141.535004	0.000677
141.475006	0.000684
141.414993	0.000679
141.354996	0.000657
141.294998	0.000674
141.235001	0.000672
141.175003	0.000658
141.115005	0.000671
141.054993	0.000695
140.994995	0.000674
140.934998	0.000679
140.875000	0.000671
140.815002	0.000678
140.755005	0.000695
140.695007	0.000674
140.634995	0.000652
140.574997	0.000671
140.514999	0.000644
140.455002	0.000668
140.395004	0.000684
140.335007	0.000647
140.274994	0.000660
140.214996	0.000645
140.154999	0.000658
140.095001	0.000649
140.035004	0.000652
139.975006	0.000655
139.914993	0.000660
139.854996	0.000655
139.794998	0.000645
139.735001	0.000657
139.675003	0.000645
139.615005	0.000657
139.554993	0.000666
139.490005	0.000643
139.429993	0.000662
139.369995	0.000663
139.309998	0.000657
139.250000	0.000651
139.190002	0.000660
139.130005	0.000656
139.070007	0.000658
139.009995	0.000652
138.949997	0.000650
138.889999	0.000633
138.830002	0.000655
138.770004	0.000650
138.710007	0.000654
138.649994	0.000624
138.589996	0.000669
138.529999	0.000649
138.470001	0.000671
138.410004	0.000638
138.350006	0.000641
138.289993	0.000652
138.229996	0.000617
138.169998	0.000644
138.110001	0.000651
138.050003	0.000641
137.990005	0.000646
137.929993	0.000627
137.869995	0.000638
137.809998	0.000664
137.750000	0.000659
137.690002	0.000645
137.630005	0.000634
137.570007	0.000634
137.509995	0.000660
137.449997	0.000642
137.389999	0.000632
137.330002	0.000646
137.270004	0.000628
137.210007	0.000633
137.149994	0.000640
137.089996	0.000635
137.029999	0.000623
136.970001	0.000632
136.910004	0.000624
136.850006	0.000630
136.789993	0.000634
136.729996	0.000653
136.669998	0.000627
136.610001	0.000617
136.550003	0.000614
136.490005	0.000614
136.429993	0.000632
136.369995	0.000642
136.309998	0.000619
136.250000	0.000621
136.190002	0.000624
136.130005	0.000630
136.070007	0.000620
136.009995	0.000606
135.949997	0.000630
135.889999	0.000641
135.830002	0.000644
135.770004	0.000590
135.710007	0.000627
135.649994	0.000616
135.589996	0.000615
135.529999	0.000616
135.470001	0.000617
135.410004	0.000612
135.350006	0.000609
135.289993	0.000620
135.229996	0.000615
135.169998	0.000637
135.110001	0.000604
135.050003	0.000616
134.990005	0.000615
134.929993	0.000618
134.869995	0.000595
134.809998	0.000605
134.750000	0.000595
134.690002	0.000633
134.630005	0.000610
134.570007	0.000604
134.509995	0.000602
134.449997	0.000612
134.389999	0.000631
134.330002	0.000591
134.270004	0.000613
134.210007	0.000625
134.149994	0.000589
134.089996	0.000590
134.029999	0.000598
133.970001	0.000585
133.910004	0.000598
133.850006	0.000599
133.789993	0.000603
133.729996	0.000596
133.669998	0.000585
133.610001	0.000599
133.550003	0.000587
133.490005	0.000603
133.429993	0.000588
133.369995	0.000617
133.309998	0.000599
133.250000	0.000603
133.190002	0.000601
133.130005	0.000590
133.070007	0.000601
133.009995	0.000577
132.949997	0.000577
132.889999	0.000599
132.830002	0.000614
132.770004	0.000578
132.710007	0.000597
132.649994	0.000597
132.585007	0.000598
132.524994	0.000591
132.464996	0.000591
132.404999	0.000603
132.345001	0.000597
132.285004	0.000583
132.225006	0.000592
132.164993	0.000583
132.104996	0.000575
132.044998	0.000608
131.985001	0.000585
131.925003	0.000584
131.865005	0.000571
131.804993	0.000579
131.744995	0.000588
131.684998	0.000577
131.625000	0.000564
131.565002	0.000591
131.505005	0.000578
131.445007	0.000580
131.384995	0.000583
131.324997	0.000582
131.264999	0.000575
131.205002	0.000580
131.145004	0.000579
131.085007	0.000580
131.024994	0.000568
130.964996	0.000568
130.904999	0.000568
130.845001	0.000562
130.785004	0.000577
130.725006	0.000568
130.664993	0.000564
130.604996	0.000592
130.544998	0.000561
130.485001	0.000575
130.425003	0.000570
130.365005	0.000566
130.304993	0.000575
130.244995	0.000572
130.184998	0.000562
130.125000	0.000562
130.065002	0.000560
130.005005	0.000572
129.945007	0.000579
129.884995	0.000586
129.824997	0.000557
129.764999	0.000569
129.705002	0.000556
129.645004	0.000571
129.585007	0.000557
129.524994	0.000565
129.464996	0.000561
129.404999	0.000582
129.345001	0.000562
129.285004	0.000559
129.225006	0.000558
129.164993	0.000552
129.104996	0.000555
129.044998	0.000551
128.985001	0.000541
128.925003	0.000555
128.865005	0.000543
128.804993	0.000549
128.744995	0.000553
128.684998	0.000552
128.625000	0.000545
128.565002	0.000534
128.505005	0.000552
128.445007	0.000569
128.384995	0.000554
128.324997	0.000555
128.264999	0.000552
128.205002	0.000553
128.145004	0.000542
128.085007	0.000540
128.024994	0.000551
127.964996	0.000540
127.904999	0.000550
127.845001	0.000566
127.785004	0.000543
127.724998	0.000530
127.665001	0.000548
127.605003	0.000546
127.544998	0.000541
127.485001	0.000525
127.425003	0.000533
127.364998	0.000537
127.305000	0.000532
127.245003	0.000559
127.184998	0.000537
127.125000	0.000536
127.065002	0.000522
127.004997	0.000527
126.945000	0.000541
126.885002	0.000527
126.824997	0.000530
126.764999	0.000555
126.705002	0.000517
126.644997	0.000525
126.584999	0.000525
126.525002	0.000527
126.464996	0.000514
126.404999	0.000528
126.345001	0.000525
126.285004	0.000550
126.224998	0.000514
126.165001	0.000522
126.105003	0.000531
126.044998	0.000493
125.980003	0.000524
125.919998	0.000526
125.860001	0.000526
125.800003	0.000530
125.739998	0.000521
125.680000	0.000520
125.620003	0.000524
125.559998	0.000526
125.500000	0.000509
125.440002	0.000508
125.379997	0.000501
125.320000	0.000513
125.260002	0.000524
125.199997	0.000518
125.139999	0.000521
125.080002	0.000511
125.019997	0.000518
124.959999	0.000512
124.900002	0.000522
124.839996	0.000512
124.779999	0.000518
124.720001	0.000511
124.660004	0.000497
124.599998	0.000510
124.540001	0.000533
124.480003	0.000499
124.419998	0.000514
124.360001	0.000513
124.300003	0.000511
124.239998	0.000500
124.180000	0.000504
124.120003	0.000512
124.059998	0.000529
124.000000	0.000480
123.940002	0.000503
123.879997	0.000490
123.820000	0.000497
123.760002	0.000528
123.699997	0.000502
123.639999	0.000487
123.580002	0.000486
123.519997	0.000519
123.459999	0.000496
123.400002	0.000502
123.339996	0.000501
123.279999	0.000499
123.220001	0.000490
123.160004	0.000503
123.099998	0.000501
123.040001	0.000497
122.980003	0.000493
122.919998	0.000494
122.860001	0.000482
122.800003	0.000516
122.739998	0.000483
122.680000	0.000497
122.620003	0.000502
122.559998	0.000491
122.500000	0.000472
122.440002	0.000490
122.379997	0.000491
122.320000	0.000494
122.260002	0.000482
122.199997	0.000486
122.139999	0.000494
122.080002	0.000483
122.019997	0.000487
121.959999	0.000475
121.900002	0.000474
121.839996	0.000477
121.779999	0.000488
121.720001	0.000466
121.660004	0.000501
121.599998	0.000476
121.540001	0.000492
121.480003	0.000478
121.419998	0.000469
121.360001	0.000484
121.300003	0.000483
121.239998	0.000477
121.180000	0.000477
121.120003	0.000480
121.059998	0.000482
121.000000	0.000474
120.940002	0.000467
120.879997	0.000474
120.820000	0.000478
120.760002	0.000497
120.699997	0.000458
120.639999	0.000468
120.580002	0.000466
120.519997	0.000471
120.459999	0.000469
120.400002	0.000455
120.339996	0.000469
120.279999	0.000471
120.220001	0.000453
120.160004	0.000466
120.095001	0.000485
120.035004	0.000472
119.974998	0.000461
119.915001	0.000467
119.855003	0.000461
119.794998	0.000469
119.735001	0.000471
119.675003	0.000462
119.614998	0.000458
119.555000	0.000484
119.495003	0.000468
119.434998	0.000452
119.375000	0.000465
119.315002	0.000463
119.254997	0.000442
119.195000	0.000458
119.135002	0.000454
119.074997	0.000453
119.014999	0.000455
118.955002	0.000454
118.894997	0.000462
118.834999	0.000480
118.775002	0.000448
118.714996	0.000448
118.654999	0.000436
118.595001	0.000450
118.535004	0.000471
118.474998	0.000450
118.415001	0.000455
118.355003	0.000451
118.294998	0.000433
118.235001	0.000471
118.175003	0.000446
118.114998	0.000442
118.055000	0.000449
117.995003	0.000431
117.934998	0.000446
117.875000	0.000450
117.815002	0.000428
117.754997	0.000439
117.695000	0.000427
117.635002	0.000447
117.574997	0.000456
117.514999	0.000463
117.455002	0.000436
117.394997	0.000440
117.334999	0.000438
117.275002	0.000435
117.214996	0.000433
117.154999	0.000442
117.095001	0.000439
117.035004	0.000422
116.974998	0.000432
116.915001	0.000442
116.855003	0.000420
116.794998	0.000437
116.735001	0.000418
116.675003	0.000434
116.614998	0.000438
116.555000	0.000429
116.495003	0.000428
116.434998	0.000419
116.375000	0.000426
116.315002	0.000452
116.254997	0.000427
116.195000	0.000439
116.135002	0.000427
116.074997	0.000429
116.014999	0.000433
115.955002	0.000429
115.894997	0.000427
115.834999	0.000425
115.775002	0.000409
115.714996	0.000408
115.654999	0.000433
115.595001	0.000446
115.535004	0.000420
115.474998	0.000414
115.415001	0.000420
115.355003	0.000403
115.294998	0.000426
115.235001	0.000402
115.175003	0.000422
115.114998	0.000428
115.055000	0.000414
114.995003	0.000416
114.934998	0.000425
114.875000	0.000419
114.815002	0.000416
114.754997	0.000414
114.695000	0.000412
114.635002	0.000416
114.574997	0.000415
114.514999	0.000417
114.455002	0.000412
114.394997	0.000398
114.334999	0.000404
114.275002	0.000413
114.209999	0.000403
114.150002	0.000403
114.089996	0.000413
114.029999	0.000430
113.970001	0.000396
113.910004	0.000404
113.849998	0.000401
113.790001	0.000404
113.730003	0.000404
113.669998	0.000397
113.610001	0.000407
113.550003	0.000400
113.489998	0.000403
113.430000	0.000400
113.370003	0.000406
113.309998	0.000404
113.250000	0.000423
113.190002	0.000383
113.129997	0.000404
113.070000	0.000394
113.010002	0.000392
112.949997	0.000393
112.889999	0.000392
112.830002	0.000391
112.769997	0.000392
112.709999	0.000383
112.650002	0.000392
112.589996	0.000399
112.529999	0.000386
112.470001	0.000386
112.410004	0.000377
112.349998	0.000396
112.290001	0.000391
112.230003	0.000401
112.169998	0.000385
112.110001	0.000373
112.050003	0.000394
111.989998	0.000383
111.930000	0.000397
111.870003	0.000393
111.809998	0.000394
111.750000	0.000387
111.690002	0.000370
111.629997	0.000390
111.570000	0.000377
111.510002	0.000392
111.449997	0.000388
111.389999	0.000388
111.330002	0.000387
111.269997	0.000385
111.209999	0.000378
111.150002	0.000385
111.089996	0.000383
111.029999	0.000379
110.970001	0.000370
110.910004	0.000393
110.849998	0.000377
110.790001	0.000380
110.730003	0.000396
110.669998	0.000380
110.610001	0.000391
110.550003	0.000358
110.489998	0.000358
110.430000	0.000378
110.370003	0.000371
110.309998	0.000370
110.250000	0.000393
110.190002	0.000377
110.129997	0.000366
110.070000	0.000364
110.010002	0.000364
109.949997	0.000369
109.889999	0.000370
109.830002	0.000366
109.769997	0.000372
109.709999	0.000347
109.650002	0.000370
109.589996	0.000347
109.529999	0.000369
109.470001	0.000364
109.410004	0.000363
109.349998	0.000358
109.290001	0.000360
109.230003	0.000356
109.169998	0.000356
109.110001	0.000358
109.050003	0.000368
108.989998	0.000358
108.930000	0.000358
108.870003	0.000353
108.809998	0.000339
108.750000	0.000378
108.690002	0.000356
108.629997	0.000373
108.570000	0.000353
108.510002	0.000355
108.449997	0.000358
108.389999	0.000338
108.324997	0.000357
108.264999	0.000370
108.205002	0.000349
108.144997	0.000348
108.084999	0.000333
108.025002	0.000345
107.964996	0.000358
107.904999	0.000353
107.845001	0.000370
107.785004	0.000353
107.724998	0.000350
107.665001	0.000330
107.605003	0.000328
107.544998	0.000339
107.485001	0.000345
107.425003	0.000342
107.364998	0.000364
107.305000	0.000327
107.245003	0.000347
107.184998	0.000339
107.125000	0.000357
107.065002	0.000322
107.004997	0.000344
106.945000	0.000339
106.885002	0.000335
106.824997	0.000343
106.764999	0.000331
106.705002	0.000333
106.644997	0.000358
106.584999	0.000339
106.525002	0.000335
106.464996	0.000317
106.404999	0.000333
106.345001	0.000337
106.285004	0.000336
106.224998	0.000325
106.165001	0.000352
106.105003	0.000336
106.044998	0.000326
105.985001	0.000313
105.925003	0.000333
105.864998	0.000322
105.805000	0.000311
105.745003	0.000321
105.684998	0.000335
105.625000	0.000331
105.565002	0.000310
105.504997	0.000345
105.445000	0.000319
105.385002	0.000307
105.324997	0.000306
105.264999	0.000331
105.205002	0.000314
105.144997	0.000319
105.084999	0.000314
105.025002	0.000301
104.964996	0.000313
104.904999	0.000306
104.845001	0.000317
104.785004	0.000311
104.724998	0.000316
104.665001	0.000316
104.605003	0.000313
104.544998	0.000317
104.485001	0.000316
104.425003	0.000335
104.364998	0.000311
104.305000	0.000319
104.245003	0.000305
104.184998	0.000297
104.125000	0.000297
104.065002	0.000308
104.004997	0.000306
103.945000	0.000301
103.885002	0.000303
103.824997	0.000314
103.764999	0.000306
103.705002	0.000295
103.644997	0.000310
103.584999	0.000289
103.525002	0.000303
103.464996	0.000308
103.404999	0.000309
103.345001	0.000326
103.285004	0.000289
103.224998	0.000300
103.165001	0.000308
103.105003	0.000284
103.044998	0.000296
102.985001	0.000301
102.925003	0.000287
102.864998	0.000294
102.805000	0.000299
102.745003	0.000292
102.684998	0.000319
102.625000	0.000280
102.565002	0.000290
102.504997	0.000292
102.440002	0.000290
102.379997	0.000303
102.320000	0.000273
102.260002	0.000283
102.199997	0.000314
102.139999	0.000291
102.080002	0.000289
102.019997	0.000307
101.959999	0.000294
101.900002	0.000289
101.839996	0.000294
101.779999	0.000281
101.720001	0.000313
101.660004	0.000278
101.599998	0.000291
101.540001	0.000291
101.480003	0.000274
101.419998	0.000278
101.360001	0.000290
101.300003	0.000289
101.239998	0.000286
101.180000	0.000281
101.120003	0.000285
101.059998	0.000286
101.000000	0.000278
100.940002	0.000286
100.879997	0.000278
100.820000	0.000284
100.760002	0.000263
100.699997	0.000261
100.639999	0.000275
100.580002	0.000268
100.519997	0.000256
100.459999	0.000268
100.400002	0.000266
100.339996	0.000274
100.279999	0.000277
100.220001	0.000281
100.160004	0.000296
100.099998	0.000276
100.040001	0.000255
99.980003	0.000268
99.919998	0.000257
99.860001	0.000250
99.800003	0.000263
99.739998	0.000263
99.680000	0.000262
99.620003	0.000250
99.559998	0.000282
99.500000	0.000258
99.440002	0.000247
99.379997	0.000287
99.320000	0.000250
99.260002	0.000245
99.199997	0.000267
99.139999	0.000269
99.080002	0.000261
99.019997	0.000255
98.959999	0.000254
98.900002	0.000282
98.839996	0.000255
98.779999	0.000261
98.720001	0.000250
98.660004	0.000264
98.599998	0.000264
98.540001	0.000261
98.480003	0.000239
98.419998	0.000248
98.360001	0.000255
98.300003	0.000240
98.239998	0.000276
98.180000	0.000252
98.120003	0.000258
98.059998	0.000269
98.000000	0.000237
97.940002	0.000256
97.879997	0.000244
97.820000	0.000253
97.760002	0.000252
97.699997	0.000234
97.639999	0.000247
97.580002	0.000227
97.519997	0.000240
97.459999	0.000245
97.400002	0.000267
97.339996	0.000238
97.279999	0.000241
97.220001	0.000248
97.160004	0.000225
97.099998	0.000239
97.040001	0.000246
96.980003	0.000236
96.919998	0.000228
96.860001	0.000238
96.800003	0.000233
96.739998	0.000223
96.680000	0.000261
96.614998	0.000223
96.555000	0.000227
96.495003	0.000218
96.434998	0.000233
96.375000	0.000219
96.315002	0.000209
96.254997	0.000220
96.195000	0.000231
96.135002	0.000227
96.074997	0.000235
96.014999	0.000256
95.955002	0.000234
95.894997	0.000229
95.834999	0.000236
95.775002	0.000222
95.714996	0.000251
95.654999	0.000231
95.595001	0.000216
95.535004	0.000235
95.474998	0.000226
95.415001	0.000223
95.355003	0.000210
95.294998	0.000224
95.235001	0.000222
95.175003	0.000222
95.114998	0.000246
95.055000	0.000211
94.995003	0.000227
94.934998	0.000222
94.875000	0.000204
94.815002	0.000227
94.754997	0.000221
94.695000	0.000215
94.635002	0.000224
94.574997	0.000210
94.514999	0.000201
94.455002	0.000201
94.394997	0.000215
94.334999	0.000208
94.275002	0.000214
94.214996	0.000204
94.154999	0.000207
94.095001	0.000198
94.035004	0.000234
93.974998	0.000214
93.915001	0.000207
93.855003	0.000194
93.794998	0.000204
93.735001	0.000196
93.675003	0.000206
93.614998	0.000208
93.555000	0.000191
93.495003	0.000197
93.434998	0.000200
93.375000	0.000210
93.315002	0.000211
93.254997	0.000189
93.195000	0.000210
93.135002	0.000184
93.074997	0.000195
93.014999	0.000208
92.955002	0.000199
92.894997	0.000194
92.834999	0.000194
92.775002	0.000195
92.714996	0.000207
92.654999	0.000221
92.595001	0.000201
92.535004	0.000197
92.474998	0.000193
92.415001	0.000198
92.355003	0.000198
92.294998	0.000199
92.235001	0.000195
92.175003	0.000178
92.114998	0.000203
92.055000	0.000197
91.995003	0.000214
91.934998	0.000190
91.875000	0.000174
91.815002	0.000197
91.754997	0.000189
91.695000	0.000190
91.635002	0.000185
91.574997	0.000189
91.514999	0.000211
91.455002	0.000182
91.394997	0.000179
91.334999	0.000181
91.275002	0.000167
91.214996	0.000184
91.154999	0.000167
91.095001	0.000175
91.035004	0.000189
90.974998	0.000180
90.915001	0.000183
90.855003	0.000187
90.794998	0.000164
90.730003	0.000166
90.669998	0.000160
90.610001	0.000189
90.550003	0.000177
90.489998	0.000163
90.430000	0.000199
90.370003	0.000184
90.309998	0.000175
90.250000	0.000169
90.190002	0.000179
90.129997	0.000160
90.070000	0.000160
90.010002	0.000172
89.949997	0.000168
89.889999	0.000172
89.830002	0.000173
89.769997	0.000164
89.709999	0.000175
89.650002	0.000156
89.589996	0.000139
89.529999	0.000173
89.470001	0.000167
89.410004	0.000169
89.349998	0.000160
89.290001	0.000152
89.230003	0.000174
89.169998	0.000159
89.110001	0.000160
89.050003	0.000162
88.989998	0.000126
88.930000	0.000167
88.870003	0.000149
88.809998	0.000128
88.750000	0.000158
88.690002	0.000182
88.629997	0.000153
88.570000	0.000163
88.510002	0.000159
88.449997	0.000157
88.389999	0.000163
88.330002	0.000143
88.269997	0.000150
88.209999	0.000139
88.150002	0.000137
88.089996	0.000156
88.029999	0.000153
87.970001	0.000140
87.910004	0.000159
87.849998	0.000157
87.790001	0.000156
87.730003	0.000144
87.669998	0.000153
87.610001	0.000133
87.550003	0.000172
87.489998	0.000153
87.430000	0.000149
87.370003	0.000143
87.309998	0.000147
87.250000	0.000147
87.190002	0.000115
87.129997	0.000143
87.070000	0.000166
87.010002	0.000147
86.949997	0.000160
86.889999	0.000141
86.830002	0.000145
86.769997	0.000142
86.709999	0.000145
86.650002	0.000141
86.589996	0.000148
86.529999	0.000138
86.470001	0.000142
86.410004	0.000136
86.349998	0.000141
86.290001	0.000134
86.230003	0.000136
86.169998	0.000130
86.110001	0.000132
86.050003	0.000138
85.989998	0.000135
85.930000	0.000118
85.870003	0.000136
85.809998	0.000134
85.750000	0.000138
85.690002	0.000125
85.629997	0.000117
85.570000	0.000151
85.510002	0.000125
85.449997	0.000121
85.389999	0.000122
85.330002	0.000117
85.269997	0.000120
85.209999	0.000123
85.150002	0.000107
85.089996	0.000123
85.029999	0.000120
84.970001	0.000106
84.910004	0.000117
84.849998	0.000112
84.785004	0.000118
84.724998	0.000123
84.665001	0.000144
84.605003	0.000103
84.544998	0.000113
84.485001	0.000115
84.425003	0.000113
84.364998	0.000100
84.305000	0.000117
84.245003	0.000110
84.184998	0.000114
84.125000	0.000120
84.065002	0.000110
84.004997	0.000133
83.945000	0.000136
83.885002	0.000114
83.824997	0.000106
83.764999	0.000117
83.705002	0.000111
83.644997	0.000116
83.584999	0.000109
83.525002	0.000106
83.464996	0.000103
83.404999	0.000108
83.345001	0.000125
83.285004	0.000128
83.224998	0.000100
83.165001	8.691847E-5
83.105003	0.000109
83.044998	8.735061E-5
82.985001	0.000109
82.925003	0.000109
82.864998	0.000122
82.805000	0.000104
82.745003	0.000124
82.684998	9.709597E-5
82.625000	9.624660E-5
82.565002	0.000101
82.504997	0.000101
82.445000	9.666383E-5
82.385002	0.000100
82.324997	9.666383E-5
82.264999	8.098781E-5
82.205002	0.000113
82.144997	9.962916E-5
82.084999	8.904934E-5
82.025002	9.751320E-5
81.964996	0.000100
81.904999	0.000109
81.845001	8.480251E-5
81.785004	8.691847E-5
81.724998	0.000112
81.665001	8.691847E-5
81.605003	9.413064E-5
81.544998	8.819997E-5
81.485001	9.284914E-5
81.425003	8.946657E-5
81.364998	0.000106
81.305000	0.000103
81.245003	7.294118E-5
81.184998	8.311868E-5
81.125000	8.098781E-5
81.065002	6.701052E-5
81.004997	8.183718E-5
80.945000	6.447732E-5
80.885002	8.395314E-5
80.824997	6.617606E-5
80.764999	0.000103
80.705002	8.691847E-5
80.644997	7.337332E-5
80.584999	5.981326E-5
80.525002	7.125735E-5
80.464996	7.463992E-5
80.404999	8.226931E-5
80.345001	8.183718E-5
80.285004	7.294118E-5
80.224998	7.590652E-5
80.165001	5.896389E-5
80.105003	5.473197E-5
80.044998	6.997585E-5
79.985001	7.972121E-5
79.925003	6.785989E-5
79.864998	5.346537E-5
79.805000	6.955862E-5
79.745003	7.718801E-5
79.684998	7.590652E-5
79.625000	5.176663E-5
79.565002	7.210672E-5
79.504997	7.463992E-5
79.445000	5.896389E-5
79.385002	6.277859E-5
79.324997	6.997585E-5
79.264999	5.050004E-5
79.205002	8.776784E-5
79.144997	6.321073E-5
79.084999	6.574392E-5
79.025002	4.880130E-5
78.964996	5.558133E-5
78.900002	6.489456E-5
78.839996	6.404519E-5
78.779999	6.701052E-5
78.720001	5.303323E-5
78.660004	4.498661E-5
78.599998	5.896389E-5
78.540001	8.015335E-5
78.480003	4.795194E-5
78.419998	5.728006E-5
78.360001	6.236136E-5
78.300003	5.599856E-5
78.239998	6.151199E-5
78.180000	5.176663E-5
78.120003	4.668534E-5
78.059998	5.219877E-5
78.000000	3.693998E-5
77.940002	5.219877E-5
77.879997	7.167459E-5
77.820000	4.795194E-5
77.760002	4.287064E-5
77.699997	3.948808E-5
77.639999	3.482401E-5
77.580002	6.997585E-5
77.519997	3.185868E-5
77.459999	5.431473E-5
77.400002	5.176663E-5
77.339996	4.033744E-5
77.279999	2.719462E-5
77.220001	2.847612E-5
77.160004	4.330277E-5
77.099998	4.541874E-5
77.040001	4.710257E-5
76.980003	4.160404E-5
76.919998	3.482401E-5
76.860001	4.795194E-5
76.800003	3.524125E-5
76.739998	3.737211E-5
76.680000	5.981326E-5
76.620003	2.551079E-5
76.559998	2.889335E-5
76.500000	4.372001E-5
76.440002	3.144145E-5
76.379997	3.227592E-5
76.320000	2.466142E-5
76.260002	3.609061E-5
76.199997	3.312528E-5
76.139999	1.746416E-5
76.080002	5.303323E-5
76.019997	2.551079E-5
75.959999	2.466142E-5
75.900002	2.974272E-5
75.839996	1.025200E-5
75.779999	4.668534E-5
75.720001	-1.305342E-5
75.660004	1.829863E-5
75.599998	2.084672E-5
75.540001	1.449883E-5
75.480003	1.110137E-5
75.419998	1.356006E-6
75.360001	1.153350E-5
75.300003	1.661479E-5
75.239998	3.355742E-5
75.180000	1.873076E-5
75.120003	3.567338E-5
75.059998	9.402633E-6
75.000000	1.321733E-5
74.940002	5.066395E-7
74.879997	1.491606E-5
74.820000	-1.008809E-5
74.760002	7.286668E-6
74.699997	1.236796E-5
74.639999	2.205372E-6
74.580002	9.402633E-6
74.519997	-8.806586E-6
74.459999	-2.875924E-6
74.400002	-1.981854E-5
74.339996	-2.321601E-5
74.279999	-2.914667E-5
74.220001	-2.788007E-5
74.160004	-4.100800E-5
74.099998	-2.110004E-5
74.040001	-4.270673E-5
73.980003	-2.448261E-5
73.919998	-3.930926E-5
73.860001	-2.574921E-5
73.800003	-1.601875E-5
73.739998	-2.533197E-5
73.680000	-1.981854E-5
73.620003	-2.914667E-5
73.559998	-3.930926E-5
73.500000	-2.151728E-5
73.440002	-4.270673E-5
73.379997	-2.321601E-5
73.320000	-2.703071E-5
73.260002	-4.650652E-5
73.199997	-3.041327E-5
73.139999	-2.999604E-5
73.080002	-3.084540E-5
73.014999	-4.397333E-5
72.955002	-2.110004E-5
72.894997	-2.659857E-5
72.834999	-7.122755E-6
72.775002	-2.151728E-5
72.714996	-3.252923E-5
72.654999	-2.321601E-5
72.595001	-3.126264E-5
72.535004	-2.533197E-5
72.474998	-3.296137E-5
72.415001	-7.539988E-6
72.355003	-4.820526E-5
72.294998	-2.194941E-5
72.235001	-2.875924E-6
72.175003	-2.448261E-5
72.114998	-3.252923E-5
72.055000	-3.974140E-5
71.995003	-2.744794E-5
71.934998	-2.871454E-5
71.875000	-4.057586E-5
71.815002	-4.227459E-5
71.754997	-1.898408E-5
71.695000	-2.110004E-5
71.635002	-4.100800E-5
71.574997	-1.940131E-5
71.514999	-2.110004E-5
71.455002	-4.312396E-5
71.394997	-2.744794E-5
71.334999	-2.448261E-5
71.275002	-3.725290E-6
71.214996	-2.744794E-5
71.154999	-2.703071E-5
71.095001	-2.025068E-5
71.035004	-1.855195E-5
70.974998	-2.744794E-5
70.915001	-2.914667E-5
70.855003	-4.270673E-5
70.794998	-2.788007E-5
70.735001	-2.491474E-5
70.675003	-3.252923E-5
70.614998	-2.875924E-6
70.555000	-2.194941E-5
70.495003	-2.703071E-5
70.434998	-3.041327E-5
70.375000	-1.177192E-5
70.315002	-4.270673E-5
70.254997	-4.100800E-5
70.195000	-2.025068E-5
70.135002	-2.618134E-5
70.074997	-4.185736E-5
70.014999	-2.618134E-5
69.955002	-3.296137E-5
69.894997	-4.482269E-5
69.834999	-1.981854E-5
69.775002	-2.999604E-5
69.714996	-2.574921E-5
69.654999	-2.618134E-5
69.595001	-4.185736E-5
69.535004	-3.041327E-5
69.474998	-1.855195E-5
69.415001	-1.770258E-5
69.355003	-1.940131E-5
69.294998	-2.458692E-6
69.235001	-4.312396E-5
69.175003	-2.151728E-5
69.114998	-2.659857E-5
69.055000	-2.194941E-5
68.995003	-1.813471E-5
68.934998	-3.337860E-5
68.875000	-2.448261E-5
68.815002	8.940697E-8
68.754997	-3.211200E-5
68.695000	-4.778802E-5
68.635002	-4.312396E-5
68.574997	-2.829731E-5
68.514999	-4.185736E-5
68.455002	-3.167987E-5
68.394997	-7.539988E-6
68.334999	-1.558661E-5
68.275002	-2.914667E-5
68.214996	-5.424023E-6
68.154999	-3.308058E-6
68.095001	-2.871454E-5
68.035004	-2.406538E-5
67.974998	-4.057586E-5
67.915001	-2.574921E-5
67.855003	-3.725290E-6
67.794998	-3.845990E-5
67.735001	-3.211200E-5
67.675003	-3.041327E-5
67.614998	-3.974140E-5
67.555000	-4.185736E-5
67.495003	-2.066791E-5
67.434998	-2.363324E-5
67.375000	-1.770258E-5
67.315002	-4.015863E-5
67.254997	-3.889203E-5
67.195000	-2.788007E-5
67.129997	-2.703071E-5
67.070000	-1.940131E-5
67.010002	-2.659857E-5
66.949997	-4.185736E-5
66.889999	-3.337860E-5
66.830002	-3.211200E-5
66.769997	-2.914667E-5
66.709999	-2.875924E-6
66.650002	-3.211200E-5
66.589996	-2.278388E-5
66.529999	-4.608929E-5
66.470001	-4.650652E-5
66.410004	-2.458692E-6
66.349998	-3.167987E-5
66.290001	-2.278388E-5
66.230003	-2.956390E-5
66.169998	-2.956390E-5
66.110001	-2.363324E-5
66.050003	-2.618134E-5
65.989998	-5.456805E-5
65.930000	-3.719330E-5
65.870003	-2.151728E-5
65.809998	-2.406538E-5
65.750000	-3.308058E-6
65.690002	-3.252923E-5
65.629997	-2.025068E-5
65.570000	-3.041327E-5
65.510002	-4.015863E-5
65.449997	-3.549457E-5
65.389999	-3.974140E-5
65.330002	-3.549457E-5
65.269997	-2.744794E-5
65.209999	-4.185736E-5
65.150002	-2.194941E-5
65.089996	-3.427267E-7
65.029999	-2.066791E-5
64.970001	-2.574921E-5
64.910004	-1.643598E-5
64.849998	-8.389354E-6
64.790001	-4.270673E-5
64.730003	-3.677607E-5
64.669998	-2.703071E-5
64.610001	-2.026558E-6
64.550003	-2.744794E-5
64.489998	-2.194941E-5
64.430000	-3.252923E-5
64.370003	-3.211200E-5
64.309998	-2.025068E-5
64.250000	-2.491474E-5
64.190002	-4.015863E-5
64.129997	-3.167987E-5
64.070000	-2.151728E-5
64.010002	-2.744794E-5
63.950001	-3.308058E-6
63.889999	-1.981854E-5
63.830002	-2.659857E-5
63.770000	-3.845990E-5
63.709999	-3.422797E-5
63.650002	-2.110004E-5
63.590000	-3.211200E-5
63.529999	-2.574921E-5
63.470001	-3.677607E-5
63.410000	-1.008809E-5
63.349998	-2.025068E-5
63.290001	-3.761053E-5
63.230000	-2.703071E-5
63.169998	-4.100800E-5
63.110001	-4.227459E-5
63.049999	-2.110004E-5
62.990002	-2.533197E-5
62.930000	-2.151728E-5
62.869999	-2.110004E-5
62.810001	-2.659857E-5
62.750000	-2.533197E-5
62.689999	-2.875924E-6
62.630001	-3.974140E-5
62.570000	-2.533197E-5
62.509998	-2.448261E-5
62.450001	-4.270673E-5
62.389999	-2.110004E-5
62.330002	-3.337860E-5
62.270000	-2.744794E-5
62.209999	-3.041327E-5
62.150002	-3.381073E-5
62.090000	-2.659857E-5
62.029999	-2.448261E-5
61.970001	-3.211200E-5
61.910000	-2.574921E-5
61.849998	-2.703071E-5
61.790001	-1.981854E-5
61.730000	-2.321601E-5
61.669998	-2.788007E-5
61.610001	-7.599592E-7
61.549999	-2.151728E-5
61.490002	-2.956390E-5
61.430000	-2.574921E-5
61.369999	-2.151728E-5
61.310001	-2.110004E-5
61.250000	-3.337860E-5
61.189999	-2.151728E-5
61.130001	-2.321601E-5
61.070000	-2.066791E-5
61.005001	-5.075336E-5
60.945000	-1.516938E-5
60.884998	-2.321601E-5
60.825001	-2.744794E-5
60.764999	-3.308058E-6
60.705002	-1.981854E-5
60.645000	-3.337860E-5
60.584999	-1.898408E-5
60.525002	-2.659857E-5
60.465000	-2.659857E-5
60.404999	-1.643598E-5
60.345001	-2.999604E-5
60.285000	-7.599592E-7
60.224998	-2.618134E-5
60.165001	-2.066791E-5
60.105000	-2.703071E-5
60.044998	-3.381073E-5
59.985001	-2.744794E-5
59.924999	-3.126264E-5
59.865002	-4.142523E-5
59.805000	-2.533197E-5
59.744999	-2.788007E-5
59.685001	-2.236664E-5
59.625000	-2.875924E-6
59.564999	-4.270673E-5
59.505001	-2.914667E-5
59.445000	-3.889203E-5
59.384998	-4.312396E-5
59.325001	-2.703071E-5
59.264999	-1.558661E-5
59.205002	-4.142523E-5
59.145000	-2.458692E-6
59.084999	-1.981854E-5
59.025002	-1.685321E-5
58.965000	-4.142523E-5
58.904999	-3.507733E-5
58.845001	-1.601875E-5
58.785000	-2.110004E-5
58.724998	-1.940131E-5
58.665001	-2.703071E-5
58.605000	-4.354119E-5
58.544998	-3.804266E-5
58.485001	-2.236664E-5
58.424999	-2.659857E-5
58.365002	-2.574921E-5
58.305000	-1.262128E-5
58.244999	-2.321601E-5
58.185001	-2.278388E-5
58.125000	-3.337860E-5
58.064999	-3.889203E-5
58.005001	-4.397333E-5
57.945000	-2.871454E-5
57.884998	-3.308058E-6
57.825001	-2.574921E-5
57.764999	-3.126264E-5
57.705002	-2.363324E-5
57.645000	-1.940131E-5
57.584999	-2.914667E-5
57.525002	-4.270673E-5
57.465000	-3.634393E-5
57.404999	-3.974140E-5
57.345001	-2.956390E-5
57.285000	-2.618134E-5
57.224998	-1.940131E-5
57.165001	-1.940131E-5
57.105000	-3.337860E-5
57.044998	-2.406538E-5
56.985001	-2.066791E-5
56.924999	-1.558661E-5
56.865002	-2.491474E-5
56.805000	-4.227459E-5
56.744999	-2.491474E-5
56.685001	-2.151728E-5
56.625000	-3.930926E-5
56.564999	-2.448261E-5
56.505001	-2.363324E-5
56.445000	-2.025068E-5
56.384998	-3.167987E-5
56.325001	-4.015863E-5
56.264999	-5.841255E-6
56.205002	-1.262128E-5
56.145000	-3.634393E-5
56.084999	-2.999604E-5
56.025002	-4.354119E-5
55.965000	-2.110004E-5
55.904999	-2.236664E-5
55.845001	-4.312396E-5
55.785000	-2.871454E-5
55.724998	-2.788007E-5
55.665001	-2.236664E-5
55.605000	-2.448261E-5
55.544998	-2.321601E-5
55.485001	-3.167987E-5
55.424999	-1.940131E-5
55.365002	-2.110004E-5
55.305000	-2.659857E-5
55.244999	-3.084540E-5
55.185001	-3.761053E-5
55.125000	-3.296137E-5
55.064999	-3.296137E-5
55.005001	-4.735589E-5
54.945000	-2.363324E-5
54.884998	-2.194941E-5
54.825001	-2.956390E-5
54.764999	-3.761053E-5
54.705002	-2.788007E-5
54.639999	-2.956390E-5
54.580002	-4.778802E-5
54.520000	-2.618134E-5
54.459999	-3.549457E-5
54.400002	-4.057586E-5
54.340000	-1.050532E-5
54.279999	-3.634393E-5
54.220001	-3.126264E-5
54.160000	-2.151728E-5
54.099998	-3.084540E-5
54.040001	-2.788007E-5
53.980000	-4.439056E-5
53.919998	-3.337860E-5
53.860001	-1.192093E-6
53.799999	-3.252923E-5
53.740002	-3.126264E-5
53.680000	-1.981854E-5
53.619999	-1.940131E-5
53.560001	-2.406538E-5
53.500000	-3.507733E-5
53.439999	-2.491474E-5
53.380001	-4.778802E-5
53.320000	-3.084540E-5
53.259998	-3.296137E-5
53.200001	-2.744794E-5
53.139999	-1.050532E-5
53.080002	-3.549457E-5
53.020000	-4.015863E-5
52.959999	-2.533197E-5
52.900002	-3.725290E-6
52.840000	-3.930926E-5
52.779999	-1.940131E-5
52.720001	-2.151728E-5
52.660000	-2.574921E-5
52.599998	-3.308058E-6
52.540001	-2.871454E-5
52.480000	-1.855195E-5
52.419998	-3.041327E-5
52.360001	-2.703071E-5
52.299999	-2.110004E-5
52.240002	-2.533197E-5
52.180000	-3.167987E-5
52.119999	-2.788007E-5
52.060001	-2.066791E-5
52.000000	-2.448261E-5
51.939999	-3.308058E-6
51.880001	-3.084540E-5
51.820000	-2.703071E-5
51.759998	-2.914667E-5
51.700001	-2.278388E-5
51.639999	-3.084540E-5
51.580002	-3.252923E-5
51.520000	-2.491474E-5
51.459999	-2.829731E-5
51.400002	-1.305342E-5
51.340000	-4.185736E-5
51.279999	-2.458692E-6
51.220001	-2.871454E-5
51.160000	-2.659857E-5
51.099998	-2.744794E-5
51.040001	-3.381073E-5
50.980000	-3.889203E-5
50.919998	-2.574921E-5
50.860001	-2.448261E-5
50.799999	-1.388788E-5
50.740002	-2.066791E-5
50.680000	-2.406538E-5
50.619999	-3.308058E-6
50.560001	-2.999604E-5
50.500000	-2.025068E-5
50.439999	-4.100800E-5
50.380001	-2.491474E-5
50.320000	-3.930926E-5
50.259998	-2.788007E-5
50.200001	-3.041327E-5
50.139999	-1.898408E-5
50.080002	-2.659857E-5
50.020000	-1.898408E-5
49.959999	-2.110004E-5
49.900002	-4.227459E-5
49.840000	-7.957220E-6
49.779999	-3.084540E-5
49.720001	-2.025068E-5
49.660000	-2.871454E-5
49.599998	-4.227459E-5
49.540001	-9.655952E-6
49.480000	-2.448261E-5
49.419998	-2.788007E-5
49.360001	-3.041327E-5
49.299999	-3.845990E-5
49.240002	-2.871454E-5
49.180000	-2.491474E-5
49.119999	-3.167987E-5
49.060001	-3.252923E-5
49.000000	-3.126264E-5
48.939999	-2.066791E-5
48.880001	-2.875924E-6
48.820000	-6.261468E-5
48.759998	-1.940131E-5
48.700001	-2.788007E-5
48.639999	-3.252923E-5
48.580002	-4.015863E-5
48.520000	-2.744794E-5
48.459999	-4.354119E-5
48.400002	-2.703071E-5
48.340000	-3.084540E-5
48.275002	-3.974140E-5
48.215000	-2.110004E-5
48.154999	-2.151728E-5
48.095001	-2.491474E-5
48.035000	-3.084540E-5
47.974998	-3.167987E-5
47.915001	-2.659857E-5
47.855000	-3.974140E-5
47.794998	-3.296137E-5
47.735001	-2.659857E-5
47.674999	-3.211200E-5
47.615002	-2.875924E-6
47.555000	-4.015863E-5
47.494999	-3.974140E-5
47.435001	-2.744794E-5
47.375000	-4.227459E-5
47.314999	-1.940131E-5
47.255001	-4.015863E-5
47.195000	-2.659857E-5
47.134998	-3.549457E-5
47.075001	-2.999604E-5
47.014999	-2.110004E-5
46.955002	-3.725290E-6
46.895000	-2.744794E-5
46.834999	-3.126264E-5
46.775002	-1.855195E-5
46.715000	-2.829731E-5
46.654999	-2.829731E-5
46.595001	-2.533197E-5
46.535000	-4.354119E-5
46.474998	-4.227459E-5
46.415001	-4.015863E-5
46.355000	-2.321601E-5
46.294998	-3.308058E-6
46.235001	-1.981854E-5
46.174999	-1.981854E-5
46.115002	-3.252923E-5
46.055000	-2.194941E-5
45.994999	-2.871454E-5
45.935001	-2.999604E-5
45.875000	-3.930926E-5
45.814999	-3.308058E-6
45.755001	-2.066791E-5
45.695000	-2.659857E-5
45.634998	-1.940131E-5
45.575001	-2.999604E-5
45.514999	-4.270673E-5
45.455002	-2.321601E-5
45.395000	-2.110004E-5
45.334999	-3.464520E-5
45.275002	-1.728535E-5
45.215000	-3.084540E-5
45.154999	-3.725290E-6
45.095001	-2.194941E-5
45.035000	-1.685321E-5
44.974998	-2.956390E-5
44.915001	-2.829731E-5
44.855000	-2.533197E-5
44.794998	-3.337860E-5
44.735001	-8.389354E-6
44.674999	-3.211200E-5
44.615002	-3.381073E-5
44.555000	-3.719330E-5
44.494999	-3.041327E-5
44.435001	-2.491474E-5
44.375000	-2.914667E-5
44.314999	-1.177192E-5
44.255001	-1.728535E-5
44.195000	-2.491474E-5
44.134998	-2.363324E-5
44.075001	-2.871454E-5
44.014999	-2.363324E-5
43.955002	-4.185736E-5
43.895000	-4.157424E-6
43.834999	-2.829731E-5
43.775002	-2.194941E-5
43.715000	-2.448261E-5
43.654999	-1.601875E-5
43.595001	-2.788007E-5
43.535000	-4.270673E-5
43.474998	-2.025068E-5
43.415001	-3.041327E-5
43.355000	-1.728535E-5
43.294998	-2.278388E-5
43.235001	-2.236664E-5
43.174999	-2.194941E-5
43.115002	-1.940131E-5
43.055000	-2.491474E-5
42.994999	-3.725290E-6
42.935001	-2.066791E-5
42.875000	-2.025068E-5
42.814999	-3.974140E-5
42.755001	-3.381073E-5
42.695000	-4.778802E-5
42.634998	-2.788007E-5
42.575001	-2.914667E-5
42.514999	-2.066791E-5
42.455002	-2.574921E-5
42.395000	-4.820526E-5
42.334999	-3.725290E-6
42.275002	-2.236664E-5
42.215000	-1.940131E-5
42.154999	-4.057586E-5
42.095001	-3.211200E-5
42.035000	-2.703071E-5
41.974998	-2.999604E-5
41.910000	-3.167987E-5
41.849998	-3.126264E-5
41.790001	-2.574921E-5
41.730000	-1.940131E-5
41.669998	-3.725290E-6
41.610001	-2.999604E-5
41.549999	-2.110004E-5
41.490002	-2.829731E-5
41.430000	-2.999604E-5
41.369999	-3.167987E-5
41.310001	-4.820526E-5
41.250000	-7.122755E-6
41.189999	-7.957220E-6
41.130001	-1.898408E-5
41.070000	-2.194941E-5
41.009998	-2.875924E-6
40.950001	-2.448261E-5
40.889999	-7.122755E-6
40.830002	-1.940131E-5
40.770000	-3.592670E-5
40.709999	-2.110004E-5
40.650002	-2.194941E-5
40.590000	-3.167987E-5
40.529999	-3.308058E-6
40.470001	-2.999604E-5
40.410000	-2.956390E-5
40.349998	-4.482269E-5
40.290001	-2.999604E-5
40.230000	-3.084540E-5
40.169998	-2.151728E-5
40.110001	-4.439056E-5
40.049999	-4.015863E-5
39.990002	-1.940131E-5
39.930000	-2.956390E-5
39.869999	-4.015863E-5
39.810001	-4.142523E-5
39.750000	-1.981854E-5
39.689999	-2.236664E-5
39.630001	-2.533197E-5
39.570000	-4.057586E-5
39.509998	-1.685321E-5
39.450001	-2.363324E-5
39.389999	-6.091595E-5
39.330002	-2.956390E-5
39.270000	-2.458692E-6
39.209999	-2.321601E-5
39.150002	-2.236664E-5
39.090000	-3.381073E-5
39.029999	-2.788007E-5
38.970001	-2.703071E-5
38.910000	-1.770258E-5
38.849998	-1.813471E-5
38.790001	-2.956390E-5
38.730000	-2.914667E-5
38.669998	-2.788007E-5
38.610001	-2.236664E-5
38.549999	-2.448261E-5
38.490002	-3.296137E-5
38.430000	-2.194941E-5
38.369999	-3.296137E-5
38.310001	-1.855195E-5
38.250000	-2.659857E-5
38.189999	-2.875924E-6
38.130001	-2.788007E-5
38.070000	-4.312396E-5
38.009998	-1.981854E-5
37.950001	-2.236664E-5
37.889999	-3.084540E-5
37.830002	-2.448261E-5
37.770000	-4.100800E-5
37.709999	-2.110004E-5
37.650002	-3.381073E-5
37.590000	-3.296137E-5
37.529999	-4.991889E-6
37.470001	-2.999604E-5
37.410000	-6.091595E-5
37.349998	-9.238720E-6
37.290001	-6.273389E-6
37.230000	-2.236664E-5
37.169998	-2.659857E-5
37.110001	-2.574921E-5
37.049999	-2.363324E-5
36.990002	-2.110004E-5
36.930000	-2.066791E-5
36.869999	-2.829731E-5
36.810001	-2.999604E-5
36.750000	-2.236664E-5
36.689999	-1.898408E-5
36.630001	-1.728535E-5
36.570000	-2.236664E-5
36.509998	-4.312396E-5
36.450001	-2.744794E-5
36.389999	-2.278388E-5
36.330002	-2.448261E-5
36.270000	-2.406538E-5
36.209999	-2.194941E-5
36.150002	-4.608929E-5
36.090000	-3.889203E-5
36.029999	-3.126264E-5
35.970001	-4.312396E-5
35.910000	-4.227459E-5
35.849998	-2.744794E-5
35.790001	-3.507733E-5
35.730000	-3.041327E-5
35.669998	-6.690621E-6
35.610001	-3.930926E-5
35.544998	-2.574921E-5
35.485001	-4.100800E-5
35.424999	-3.725290E-6
35.365002	-4.439056E-5
35.305000	-2.066791E-5
35.244999	-4.354119E-5
35.185001	-2.194941E-5
35.125000	-2.025068E-5
35.064999	-1.601875E-5
35.005001	-2.194941E-5
34.945000	-4.100800E-5
34.884998	-2.659857E-5
34.825001	-2.491474E-5
34.764999	-2.533197E-5
34.705002	-2.703071E-5
34.645000	-2.829731E-5
34.584999	-2.448261E-5
34.525002	-2.703071E-5
34.465000	-2.110004E-5
34.404999	-2.025068E-5
34.345001	-3.167987E-5
34.285000	-3.308058E-6
34.224998	-3.252923E-5
34.165001	-6.388128E-5
34.105000	-3.041327E-5
34.044998	-2.788007E-5
33.985001	-4.157424E-6
33.924999	-5.540252E-5
33.865002	-2.110004E-5
33.805000	-2.363324E-5
33.744999	-2.574921E-5
33.685001	-4.270673E-5
33.625000	-2.533197E-5
33.564999	-2.025068E-5
33.505001	-4.354119E-5
33.445000	-2.659857E-5
33.384998	-4.227459E-5
33.325001	-3.296137E-5
33.264999	-2.491474E-5
33.205002	-1.981854E-5
33.145000	-3.308058E-6
33.084999	-1.898408E-5
33.025002	-3.084540E-5
32.965000	-2.533197E-5
32.904999	-3.167987E-5
32.845001	-3.337860E-5
32.785000	-2.448261E-5
32.724998	-3.422797E-5
32.665001	-2.744794E-5
32.605000	-2.956390E-5
32.544998	-3.296137E-5
32.485001	-4.157424E-6
32.424999	-3.211200E-5
32.365002	-2.871454E-5
32.305000	-2.025068E-5
32.244999	-3.464520E-5
32.185001	-2.956390E-5
32.125000	-2.914667E-5
32.064999	-5.413592E-5
32.005001	-2.458692E-6
31.945000	-2.533197E-5
31.885000	-2.110004E-5
31.825001	-4.015863E-5
31.764999	-2.194941E-5
31.705000	-4.312396E-5
31.645000	-3.422797E-5
31.584999	-4.057586E-5
31.525000	-4.574656E-6
31.465000	-2.703071E-5
31.405001	-3.041327E-5
31.344999	-2.533197E-5
31.285000	-2.956390E-5
31.225000	-2.194941E-5
31.165001	-2.066791E-5
31.105000	-2.151728E-5
31.045000	-4.227459E-5
30.985001	-7.539988E-6
30.924999	-4.142523E-5
30.865000	-4.523993E-5
30.805000	-4.142523E-5
30.745001	-3.041327E-5
30.684999	-4.778802E-5
30.625000	-3.422797E-5
30.565001	-2.066791E-5
30.504999	-3.381073E-5
30.445000	-2.788007E-5
30.385000	-3.084540E-5
30.325001	-2.236664E-5
30.264999	-2.110004E-5
30.205000	-2.871454E-5
30.145000	-4.482269E-5
30.084999	-2.875924E-6
30.025000	-2.659857E-5
29.965000	-2.829731E-5
29.905001	-1.981854E-5
29.844999	-3.381073E-5
29.785000	-4.142523E-5
29.725000	-5.498528E-5
29.665001	-2.914667E-5
29.605000	-4.142523E-5
29.545000	-2.618134E-5
29.485001	-2.956390E-5
29.424999	-4.820526E-5
29.365000	-2.151728E-5
29.305000	-3.084540E-5
29.245001	-7.957220E-6
29.180000	-4.650652E-5
29.120001	-4.735589E-5
29.059999	-4.100800E-5
29.000000	-4.157424E-6
28.940001	-2.236664E-5
28.879999	-4.990399E-5
28.820000	-3.167987E-5
28.760000	-2.406538E-5
28.700001	-2.871454E-5
28.639999	-2.278388E-5
28.580000	-2.151728E-5
28.520000	-4.905462E-5
28.459999	-3.549457E-5
28.400000	-3.084540E-5
28.340000	-3.308058E-6
28.280001	-1.643598E-5
28.219999	-2.659857E-5
28.160000	-4.439056E-5
28.100000	-2.574921E-5
28.040001	-2.448261E-5
27.980000	-3.041327E-5
27.920000	-2.659857E-5
27.860001	-3.084540E-5
27.799999	-3.167987E-5
27.740000	-2.363324E-5
27.680000	-4.157424E-6
27.620001	-2.956390E-5
27.559999	-3.464520E-5
27.500000	-2.574921E-5
27.440001	-2.194941E-5
27.379999	-2.829731E-5
27.320000	-2.066791E-5
27.260000	-3.422797E-5
27.200001	-4.157424E-6
27.139999	-2.574921E-5
27.080000	-2.788007E-5
27.020000	-4.157424E-6
26.959999	-4.439056E-5
26.900000	-3.337860E-5
26.840000	-4.990399E-5
26.780001	-4.693866E-5
26.719999	-1.135468E-5
26.660000	-2.659857E-5
26.600000	-2.956390E-5
26.540001	-3.308058E-6
26.480000	-3.296137E-5
26.420000	-2.829731E-5
26.360001	-2.659857E-5
26.299999	-4.100800E-5
26.240000	-4.157424E-6
26.180000	-2.703071E-5
26.120001	-3.337860E-5
26.059999	-3.084540E-5
26.000000	-4.397333E-5
25.940001	-2.914667E-5
25.879999	-4.482269E-5
25.820000	-3.634393E-5
25.760000	-2.956390E-5
25.700001	-4.312396E-5
25.639999	-4.567206E-5
25.580000	-1.855195E-5
25.520000	-2.788007E-5
25.459999	-2.659857E-5
25.400000	-1.135468E-5
25.340000	-4.100800E-5
25.280001	-4.574656E-6
25.219999	-2.914667E-5
25.160000	-1.347065E-5
25.100000	-4.185736E-5
25.040001	-2.406538E-5
24.980000	-4.397333E-5
24.920000	-4.312396E-5
24.860001	-2.236664E-5
24.799999	-2.278388E-5
24.740000	-3.252923E-5
24.680000	-2.703071E-5
24.620001	-2.914667E-5
24.559999	-2.321601E-5
24.500000	-2.025068E-5
24.440001	-3.761053E-5
24.379999	-3.549457E-5
24.320000	-2.914667E-5
24.260000	-2.278388E-5
24.200001	-2.618134E-5
24.139999	-1.177192E-5
24.080000	-2.194941E-5
24.020000	-2.278388E-5
23.959999	-4.482269E-5
23.900000	-3.337860E-5
23.840000	-2.151728E-5
23.780001	-4.990399E-5
23.719999	-1.643598E-5
23.660000	-3.719330E-5
23.600000	-2.829731E-5
23.540001	-2.999604E-5
23.480000	-5.032122E-5
23.420000	-2.448261E-5
23.360001	-4.397333E-5
23.299999	-2.236664E-5
23.240000	-2.788007E-5
23.180000	-2.999604E-5
23.120001	-2.744794E-5
23.059999	-2.066791E-5
23.000000	-2.194941E-5
22.940001	-4.227459E-5
22.879999	-2.321601E-5
22.815001	-2.194941E-5
22.754999	-2.110004E-5
22.695000	-2.618134E-5
22.635000	-4.270673E-5
22.575001	-2.871454E-5
22.514999	-2.956390E-5
22.455000	-6.261468E-5
22.395000	-2.458692E-6
22.334999	-2.956390E-5
22.275000	-2.533197E-5
22.215000	-4.608929E-5
22.155001	-3.549457E-5
22.094999	-4.482269E-5
22.035000	-3.381073E-5
21.975000	-2.236664E-5
21.915001	-2.788007E-5
21.855000	-3.381073E-5
21.795000	-7.957220E-6
21.735001	-3.725290E-6
21.674999	-4.270673E-5
21.615000	-1.305342E-5
21.555000	-4.439056E-5
21.495001	-3.381073E-5
21.434999	-3.308058E-6
21.375000	-2.151728E-5
21.315001	-2.659857E-5
21.254999	-4.523993E-5
21.195000	-2.956390E-5
21.135000	-3.422797E-5
21.075001	-3.167987E-5
21.014999	-2.871454E-5
20.955000	-1.855195E-5
20.895000	-2.829731E-5
20.834999	-3.422797E-5
20.775000	-2.999604E-5
20.715000	-1.473725E-5
20.655001	-4.227459E-5
20.594999	-2.406538E-5
20.535000	-1.135468E-5
20.475000	-4.574656E-6
20.415001	-1.981854E-5
20.355000	-3.422797E-5
20.295000	-2.363324E-5
20.235001	-3.296137E-5
20.174999	-3.167987E-5
20.115000	-3.167987E-5
20.055000	-2.659857E-5
19.995001	-3.725290E-6
19.934999	-2.744794E-5
19.875000	-2.914667E-5
19.815001	-2.914667E-5
19.754999	-2.363324E-5
19.695000	-2.236664E-5
19.635000	-4.482269E-5
19.575001	-3.211200E-5
19.514999	-3.211200E-5
19.455000	-2.574921E-5
19.395000	-2.618134E-5
19.334999	-4.157424E-6
19.275000	-2.744794E-5
19.215000	-2.110004E-5
19.155001	-3.252923E-5
19.094999	-2.278388E-5
19.035000	-2.194941E-5
18.975000	-4.608929E-5
18.915001	-2.448261E-5
18.855000	-2.066791E-5
18.795000	-3.507733E-5
18.735001	-3.464520E-5
18.674999	-4.574656E-6
18.615000	-2.574921E-5
18.555000	-3.634393E-5
18.495001	-4.157424E-6
18.434999	-3.252923E-5
18.375000	-3.211200E-5
18.315001	-2.574921E-5
18.254999	-2.871454E-5
18.195000	-1.609325E-6
18.135000	-2.914667E-5
18.075001	-3.084540E-5
18.014999	-3.252923E-5
17.955000	-4.567206E-5
17.895000	-3.719330E-5
17.834999	-4.100800E-5
17.775000	-3.592670E-5
17.715000	-4.185736E-5
17.655001	-2.914667E-5
17.594999	-2.914667E-5
17.535000	-4.157424E-6
17.475000	-3.677607E-5
17.415001	-3.084540E-5
17.355000	-2.321601E-5
17.295000	-4.397333E-5
17.235001	-2.574921E-5
17.174999	-3.167987E-5
17.115000	-2.703071E-5
17.055000	-2.871454E-5
16.995001	-4.185736E-5
16.934999	-2.788007E-5
16.875000	-2.574921E-5
16.815001	-2.788007E-5
16.754999	-2.321601E-5
16.695000	-3.252923E-5
16.635000	-2.194941E-5
16.575001	-2.618134E-5
16.514999	-2.025068E-5
16.450001	-5.498528E-5
16.389999	-2.236664E-5
16.330000	-3.592670E-5
16.270000	-4.574656E-6
16.209999	-2.278388E-5
16.150000	-2.956390E-5
16.090000	-2.956390E-5
16.030001	-3.422797E-5
15.970000	-2.151728E-5
15.910000	-4.100800E-5
15.850000	-3.041327E-5
15.790000	-2.744794E-5
15.730000	-2.956390E-5
15.670000	-2.278388E-5
15.610000	-3.167987E-5
15.550000	-4.270673E-5
15.490000	-2.871454E-5
15.430000	-2.321601E-5
15.370000	-3.252923E-5
15.310000	-2.659857E-5
15.250000	-7.957220E-6
15.190000	-3.725290E-6
15.130000	-2.744794E-5
15.070000	-4.312396E-5
15.010000	-3.422797E-5
14.950000	-2.321601E-5
14.890000	-4.482269E-5
14.830000	-2.659857E-5
14.770000	-3.930926E-5
14.710000	-2.533197E-5
14.650000	-2.871454E-5
14.590000	-2.025068E-5
14.530000	-4.157424E-6
14.470000	-5.964935E-5
14.410000	-2.659857E-5
14.350000	-2.659857E-5
14.290000	-4.439056E-5
14.230000	-2.999604E-5
14.170000	-2.236664E-5
14.110000	-3.845990E-5
14.050000	-2.956390E-5
13.990000	-3.974140E-5
13.930000	-2.066791E-5
13.870000	-4.574656E-6
13.810000	-4.523993E-5
13.750000	-2.956390E-5
13.690000	-3.296137E-5
13.630000	-2.914667E-5
13.570000	-3.084540E-5
13.510000	-3.381073E-5
13.450000	-3.464520E-5
13.390000	-2.406538E-5
13.330000	-3.041327E-5
13.270000	-2.363324E-5
13.210000	-4.574656E-6
13.150000	-3.041327E-5
13.090000	-4.015863E-5
13.030000	-2.659857E-5
12.970000	-2.574921E-5
12.910000	-3.507733E-5
12.850000	-2.278388E-5
12.790000	-3.804266E-5
12.730000	-3.308058E-6
12.670000	-2.659857E-5
12.610000	-3.507733E-5
12.550000	-2.533197E-5
12.490000	-2.914667E-5
12.430000	-4.574656E-6
12.370000	-2.914667E-5
12.310000	-3.211200E-5
12.250000	-4.185736E-5
12.190000	-2.236664E-5
12.130000	-3.974140E-5
12.070000	-2.363324E-5
12.010000	-2.321601E-5
11.950000	-2.659857E-5
11.890000	-2.788007E-5
11.830000	-4.482269E-5
11.770000	-1.770258E-5
11.710000	-1.728535E-5
11.650000	-2.788007E-5
11.590000	-2.321601E-5
11.530000	-2.151728E-5
11.470000	-5.841255E-6
11.410000	-2.744794E-5
11.350000	-4.567206E-5
11.290000	-2.871454E-5
11.230000	-3.211200E-5
11.170000	-2.110004E-5
11.110000	-3.634393E-5
11.050000	-3.126264E-5
10.990000	-4.482269E-5
10.930000	-2.491474E-5
10.870000	-2.703071E-5
10.810000	-2.956390E-5
10.750000	-3.422797E-5
10.690000	-4.015863E-5
10.630000	-1.685321E-5
10.570000	-3.084540E-5
10.510000	-2.703071E-5
10.450000	-2.406538E-5
10.390000	-2.025068E-5
10.330000	-3.126264E-5
10.270000	-2.025068E-5
10.205000	-3.464520E-5
10.145000	-4.990399E-5
10.085000	-2.829731E-5
10.025000	-3.211200E-5
9.965000	-5.075336E-5
9.905000	-2.659857E-5
9.845000	-2.110004E-5
9.785000	-2.703071E-5
9.725000	-3.211200E-5
9.665000	-1.685321E-5
9.605000	-2.829731E-5
9.545000	-2.066791E-5
9.485000	-2.956390E-5
9.425000	-2.110004E-5
9.365000	-4.057586E-5
9.305000	-1.981854E-5
9.245000	-2.236664E-5
9.185000	-2.618134E-5
9.125000	-2.194941E-5
9.065000	-2.321601E-5
9.005000	-2.871454E-5
8.945000	-2.363324E-5
8.885000	-3.381073E-5
8.825000	-3.041327E-5
8.765000	-2.871454E-5
8.705000	-3.422797E-5
8.645000	-2.194941E-5
8.585000	-3.126264E-5
8.525000	-4.778802E-5
8.465000	-2.829731E-5
8.405000	-2.321601E-5
8.345000	-3.084540E-5
8.285000	-2.914667E-5
8.225000	-3.252923E-5
8.165000	-2.363324E-5
8.105000	-3.592670E-5
8.045000	-4.820526E-5
7.985000	-3.464520E-5
7.925000	-3.422797E-5
7.865000	-2.744794E-5
7.805000	-2.829731E-5
7.745000	-1.050532E-5
7.685000	-1.813471E-5
7.625000	-4.991889E-6
7.565000	-3.252923E-5
7.505000	-1.347065E-5
7.445000	-3.211200E-5
7.385000	-3.337860E-5
7.325000	-2.194941E-5
7.265000	-4.354119E-5
7.205000	-4.185736E-5
7.145000	-3.041327E-5
7.085000	-3.381073E-5
7.025000	-2.110004E-5
6.965000	-3.296137E-5
6.905000	-2.914667E-5
6.845000	-4.270673E-5
6.785000	-3.084540E-5
6.725000	-2.110004E-5
6.665000	-4.991889E-6
6.605000	-2.236664E-5
6.545000	-2.321601E-5
6.485000	-2.278388E-5
6.425000	-2.491474E-5
6.365000	-5.424023E-6
6.305000	-3.041327E-5
6.245000	-1.898408E-5
6.185000	-3.719330E-5
6.125000	-2.066791E-5
6.065000	-2.618134E-5
6.005000	-3.296137E-5
5.945000	-3.211200E-5
5.885000	-3.337860E-5
5.825000	-4.312396E-5
5.765000	-2.659857E-5
5.705000	-3.308058E-6
5.645000	-3.252923E-5
5.585000	-4.990399E-5
5.525000	-1.432002E-5
5.465000	-4.015863E-5
5.405000	-1.981854E-5
5.345000	-3.084540E-5
5.285000	-2.574921E-5
5.225000	-2.025068E-5
5.165000	-3.084540E-5
5.105000	-2.914667E-5
5.045000	-2.659857E-5
4.985000	-3.211200E-5
4.925000	-4.567206E-5
4.865000	-5.540252E-5
4.805000	-2.110004E-5
4.745000	-2.788007E-5
4.685000	-2.278388E-5
4.625000	-3.719330E-5
4.565000	-2.574921E-5
4.505000	-2.999604E-5
4.445000	-2.194941E-5
4.385000	-2.914667E-5
4.325000	-3.422797E-5
4.265000	-2.278388E-5
4.205000	-3.464520E-5
4.145000	-2.363324E-5
4.085000	-4.735589E-5
4.025000	-4.735589E-5
3.960000	-2.788007E-5
3.900000	-3.296137E-5
3.840000	-3.507733E-5
3.780000	-3.167987E-5
3.720000	-3.167987E-5
3.660000	-2.110004E-5
3.600000	-3.211200E-5
3.540000	-2.914667E-5
3.480000	-2.278388E-5
3.420000	-9.655952E-6
3.360000	-1.940131E-5
3.300000	-1.898408E-5
3.240000	-2.066791E-5
3.180000	-3.211200E-5
3.120000	-2.871454E-5
3.060000	-3.084540E-5
3.000000	-4.157424E-6
2.940000	-4.482269E-5
2.880000	-3.084540E-5
2.820000	-2.363324E-5
2.760000	-2.151728E-5
2.700000	-2.914667E-5
2.640000	-2.491474E-5
2.580000	-2.491474E-5
2.520000	-5.075336E-5
2.460000	-2.618134E-5
2.400000	-2.871454E-5
2.340000	-3.381073E-5
2.280000	-2.703071E-5
2.220000	-4.142523E-5
2.160000	-2.788007E-5
2.100000	-4.354119E-5
2.040000	-4.574656E-6
1.980000	-2.533197E-5
1.920000	-3.211200E-5
1.860000	-2.829731E-5
1.800000	-2.066791E-5
1.740000	-2.659857E-5
1.680000	-3.507733E-5
1.620000	-3.507733E-5
1.560000	-3.211200E-5
1.500000	-2.491474E-5
1.440000	-2.956390E-5
1.380000	-4.991889E-6
1.320000	-3.041327E-5
1.260000	-2.788007E-5
1.200000	-4.057586E-5
1.140000	-3.084540E-5
1.080000	-2.744794E-5
1.020000	-2.363324E-5
0.960000	-2.618134E-5
0.900000	-1.770258E-5
0.840000	-2.659857E-5
0.780000	-2.151728E-5
0.720000	-5.424023E-6
0.660000	-2.574921E-5
0.600000	-2.491474E-5
0.540000	-2.829731E-5
0.480000	-2.659857E-5
0.420000	-2.363324E-5
0.360000	-2.956390E-5
0.300000	-6.049871E-5
0.240000	-2.703071E-5
0.180000	-1.177192E-5
0.120000	-2.236664E-5
0.060000	-4.991889E-6
0.000000	-2.703071E-5
