% Langmuir characteristic curve

% U (Volt)	I (A)
44.900002	-4.883623E-7
44.904999	-4.334142E-7
44.910000	-4.122267E-7
44.919998	-3.150199E-7
44.924999	-1.669396E-7
44.930000	-1.965091E-7
44.935001	-2.684537E-7
44.939999	-3.585592E-8
44.950001	-2.218876E-7
44.955002	-2.980232E-7
44.959999	-2.472661E-7
44.965000	-4.671747E-7
44.970001	-4.080357E-7
44.980000	-4.164176E-7
44.985001	-5.010515E-7
44.990002	-4.798640E-7
44.994999	-5.052425E-7
45.000000	-5.222391E-7
45.009998	-5.137408E-7
45.014999	-3.741588E-7
45.020000	-2.430752E-7
45.025002	-2.008164E-7
45.029999	-1.796288E-7
45.040001	-1.923181E-7
45.044998	-2.599554E-7
45.049999	-2.896413E-7
45.055000	-3.445894E-7
45.060001	-2.430752E-7
45.070000	-6.025657E-7
45.075001	-5.222391E-7
45.080002	-4.714821E-7
45.084999	-5.222391E-7
45.090000	-5.433103E-7
45.099998	-3.445894E-7
45.105000	-3.868481E-7
45.110001	-3.826572E-7
45.115002	-2.599554E-7
45.119999	-2.008164E-7
45.130001	-1.881272E-7
45.134998	-1.796288E-7
45.139999	-2.642628E-7
45.145000	-1.711305E-7
45.150002	-3.192108E-7
45.160000	-4.544854E-7
45.165001	-3.192108E-7
45.169998	-4.756730E-7
45.174999	-4.968606E-7
45.180000	-4.334142E-7
45.189999	-4.544854E-7
45.195000	-3.319001E-7
45.200001	-2.853340E-7
45.205002	-2.345769E-7
45.209999	-2.091983E-7
45.220001	-2.135057E-7
45.224998	-6.123446E-8
45.230000	-2.345769E-7
45.235001	-3.192108E-7
45.240002	-3.403984E-7
45.250000	-5.264301E-7
45.255001	-4.502945E-7
45.259998	-4.798640E-7
45.264999	-5.052425E-7
45.270000	-2.769521E-7
45.279999	-2.684537E-7
45.285000	-4.207250E-7
45.290001	-4.376052E-7
45.294998	-1.923181E-7
45.299999	-2.472661E-7
45.310001	-2.008164E-7
45.314999	-1.754379E-7
45.320000	-2.261950E-7
45.325001	-3.192108E-7
45.330002	-4.249159E-7
45.340000	-2.599554E-7
45.345001	-4.376052E-7
45.349998	-4.883623E-7
45.355000	-4.587928E-7
45.360001	-4.122267E-7
45.369999	-4.629837E-7
45.375000	-4.544854E-7
45.380001	-3.150199E-7
45.384998	-2.557645E-7
45.389999	-1.669396E-7
45.400002	-1.584413E-7
45.404999	-4.854519E-8
45.410000	-1.542503E-7
45.415001	-4.417961E-7
45.419998	-3.319001E-7
45.430000	-7.040799E-7
45.435001	-5.095499E-7
45.439999	-4.714821E-7
45.445000	-4.291069E-7
45.450001	-4.714821E-7
45.459999	-4.207250E-7
45.465000	-3.445894E-7
45.470001	-1.500593E-7
45.474998	-2.557645E-7
45.480000	-2.472661E-7
45.490002	-2.135057E-7
45.494999	-2.557645E-7
45.500000	-2.050074E-7
45.505001	-3.107125E-7
45.509998	-3.445894E-7
45.520000	-2.726447E-7
45.525002	-4.502945E-7
45.529999	-4.544854E-7
45.535000	-4.502945E-7
45.540001	-4.080357E-7
45.549999	-3.614696E-7
45.555000	-3.953464E-7
45.560001	-4.334142E-7
45.564999	-5.273614E-8
45.570000	-2.261950E-7
45.580002	-2.218876E-7
45.584999	-1.584413E-7
45.590000	-2.642628E-7
45.595001	-3.023306E-7
45.605000	-5.052425E-7
45.610001	-3.826572E-7
45.615002	-5.306210E-7
45.619999	-4.671747E-7
45.625000	-6.321352E-7
45.634998	-4.080357E-7
45.639999	-6.237533E-7
45.645000	-4.587928E-7
45.650002	-3.445894E-7
45.654999	-3.530877E-7
45.665001	-1.881272E-7
45.669998	-2.345769E-7
45.674999	-2.735760E-8
45.680000	-1.542503E-7
45.685001	-2.642628E-7
45.695000	-3.150199E-7
45.700001	-4.841713E-7
45.705002	-3.572786E-7
45.709999	-6.067567E-7
45.715000	-4.671747E-7
45.724998	-4.376052E-7
45.730000	-4.544854E-7
45.735001	-3.826572E-7
45.740002	-3.487803E-7
45.744999	-3.657769E-7
45.755001	-1.627486E-7
45.759998	-1.627486E-7
45.764999	-2.345769E-7
45.770000	-3.277091E-7
45.775002	-2.345769E-7
45.785000	-4.629837E-7
45.790001	-3.234018E-7
45.794998	-2.980232E-7
45.799999	-4.502945E-7
45.805000	-4.080357E-7
45.814999	-6.913906E-7
45.820000	-4.756730E-7
45.825001	-4.122267E-7
45.830002	-5.518086E-7
45.834999	-2.050074E-7
45.845001	-2.008164E-7
45.849998	-1.542503E-7
45.855000	-1.246808E-7
45.860001	-1.754379E-7
45.865002	-4.037283E-7
45.875000	-4.122267E-7
45.880001	-3.910391E-7
45.884998	-3.826572E-7
45.889999	-4.249159E-7
45.895000	-5.264301E-7
45.904999	-5.476177E-7
45.910000	-7.379567E-7
45.915001	-3.150199E-7
45.919998	-3.826572E-7
45.924999	-9.499490E-8
45.935001	-1.288718E-7
45.939999	-2.472661E-7
45.945000	-2.176967E-7
45.950001	-2.316665E-8
45.955002	-3.487803E-7
45.965000	-3.023306E-7
45.970001	-3.910391E-7
45.974998	-4.587928E-7
45.980000	-5.686888E-7
45.985001	-4.376052E-7
45.994999	-4.883623E-7
46.000000	-4.291069E-7
46.005001	-4.334142E-7
46.009998	-3.107125E-7
46.014999	-1.246808E-7
46.025002	-1.881272E-7
46.029999	-2.938323E-7
46.035000	-2.135057E-7
46.040001	-2.430752E-7
46.044998	-2.769521E-7
46.055000	-2.642628E-7
46.060001	-2.726447E-7
46.064999	-2.430752E-7
46.070000	-4.502945E-7
46.075001	-4.461035E-7
46.084999	-4.968606E-7
46.090000	-3.910391E-7
46.095001	-3.107125E-7
46.099998	-4.334142E-7
46.105000	-3.699679E-7
46.115002	-2.135057E-7
46.119999	-3.319001E-7
46.125000	-3.107125E-7
46.130001	-5.692709E-8
46.134998	-1.838198E-7
46.145000	-2.896413E-7
46.150002	-5.940674E-7
46.154999	-4.417961E-7
46.160000	-4.756730E-7
46.165001	-4.629837E-7
46.174999	-4.502945E-7
46.180000	-4.207250E-7
46.185001	-5.222391E-7
46.189999	-1.669396E-7
46.195000	-3.277091E-7
46.205002	-2.176967E-7
46.209999	-2.599554E-7
46.215000	-3.657769E-7
46.220001	-2.303859E-7
46.224998	-3.403984E-7
46.235001	-2.135057E-7
46.240002	-3.403984E-7
46.244999	-3.657769E-7
46.250000	-4.376052E-7
46.255001	-4.502945E-7
46.264999	-4.883623E-7
46.270000	-4.249159E-7
46.275002	-3.868481E-7
46.279999	-3.487803E-7
46.285000	-3.150199E-7
46.294998	-2.135057E-7
46.299999	-2.303859E-7
46.305000	-2.472661E-7
46.310001	-2.135057E-7
46.314999	-1.923181E-7
46.325001	-3.487803E-7
46.330002	-3.487803E-7
46.334999	-3.995374E-7
46.340000	-5.686888E-7
46.345001	-3.445894E-7
46.355000	-3.826572E-7
46.360001	-4.080357E-7
46.365002	-3.530877E-7
46.369999	-1.923181E-7
46.375000	-4.334142E-7
46.384998	-2.642628E-7
46.389999	-3.319001E-7
46.395000	-1.500593E-7
46.400002	-2.218876E-7
46.404999	-2.261950E-7
46.415001	-2.515735E-7
46.419998	-2.557645E-7
46.424999	-4.249159E-7
46.430000	-4.080357E-7
46.435001	-4.671747E-7
46.445000	-4.883623E-7
46.450001	-4.334142E-7
46.455002	-3.784662E-7
46.459999	-3.234018E-7
46.465000	-2.726447E-7
46.474998	-3.487803E-7
46.480000	-2.938323E-7
46.485001	-2.303859E-7
46.490002	-1.838198E-7
46.494999	-1.500593E-7
46.505001	-2.430752E-7
46.509998	-3.699679E-7
46.514999	-3.445894E-7
46.520000	-2.980232E-7
46.525002	-4.207250E-7
46.535000	-4.841713E-7
46.540001	-4.502945E-7
46.544998	-2.769521E-7
46.549999	-4.798640E-7
46.555000	-2.769521E-7
46.564999	-1.203734E-7
46.570000	-1.838198E-7
46.575001	-2.735760E-8
46.580002	-1.288718E-7
46.584999	-1.965091E-7
46.595001	-2.726447E-7
46.599998	-3.319001E-7
46.605000	-4.291069E-7
46.610001	-3.530877E-7
46.615002	-5.940674E-7
46.625000	-5.349284E-7
46.630001	-4.334142E-7
46.634998	-4.080357E-7
46.639999	-5.137408E-7
46.645000	-3.192108E-7
46.654999	-2.472661E-7
46.660000	-2.430752E-7
46.665001	-2.303859E-7
46.669998	-1.923181E-7
46.674999	-2.008164E-7
46.685001	-2.684537E-7
46.689999	-1.076842E-7
46.695000	-3.023306E-7
46.700001	-4.968606E-7
46.705002	-4.164176E-7
46.715000	-4.798640E-7
46.720001	-4.249159E-7
46.724998	-4.629837E-7
46.730000	-3.868481E-7
46.735001	-2.726447E-7
46.744999	-2.218876E-7
46.750000	-2.599554E-7
46.755001	-1.838198E-7
46.759998	-1.965091E-7
46.764999	-1.466833E-8
46.775002	-2.388842E-7
46.779999	-2.430752E-7
46.785000	-3.277091E-7
46.790001	-3.784662E-7
46.794998	-4.968606E-7
46.805000	-5.433103E-7
46.810001	-4.417961E-7
46.814999	-5.559996E-7
46.820000	-4.291069E-7
46.825001	-3.192108E-7
46.834999	-4.629837E-7
46.840000	-2.769521E-7
46.845001	-3.614696E-7
46.849998	-1.669396E-7
46.855000	-4.207250E-7
46.865002	-1.669396E-7
46.869999	-3.192108E-7
46.875000	-3.234018E-7
46.880001	-2.726447E-7
46.884998	-4.502945E-7
46.895000	-6.871996E-7
46.900002	-4.968606E-7
46.904999	-4.417961E-7
46.910000	-4.376052E-7
46.915001	-2.515735E-7
46.924999	-3.023306E-7
46.930000	-1.965091E-7
46.935001	-2.515735E-7
46.939999	-2.008164E-7
46.945000	-1.627486E-7
46.955002	-2.050074E-7
46.959999	-2.261950E-7
46.965000	-3.234018E-7
46.970001	-4.207250E-7
46.980000	-5.306210E-7
46.985001	-4.502945E-7
46.990002	-4.164176E-7
46.994999	-3.995374E-7
47.000000	-4.122267E-7
47.009998	-4.798640E-7
47.014999	-3.150199E-7
47.020000	-1.754379E-7
47.025002	-1.669396E-7
47.029999	-1.965091E-7
47.040001	-1.466833E-8
47.044998	-3.826572E-7
47.049999	-2.388842E-7
47.055000	-2.642628E-7
47.060001	-3.826572E-7
47.070000	-5.222391E-7
47.075001	-6.025657E-7
47.080002	-4.376052E-7
47.084999	-3.319001E-7
47.090000	-4.334142E-7
47.099998	-4.502945E-7
47.105000	-3.953464E-7
47.110001	-3.995374E-7
47.115002	-2.472661E-7
47.119999	-2.135057E-7
47.130001	-2.853340E-7
47.134998	-1.979060E-9
47.139999	-3.403984E-7
47.145000	-3.403984E-7
47.150002	-2.050074E-7
47.160000	-3.826572E-7
47.165001	-2.853340E-7
47.169998	-4.037283E-7
47.174999	-4.080357E-7
47.180000	-5.391194E-7
47.189999	-3.487803E-7
47.195000	-3.319001E-7
47.200001	-4.037283E-7
47.205002	-1.838198E-7
47.209999	-3.234018E-7
47.220001	-1.119915E-7
47.224998	-2.091983E-7
47.230000	-4.423782E-8
47.235001	-2.769521E-7
47.240002	-3.699679E-7
47.250000	-3.953464E-7
47.255001	-5.433103E-7
47.259998	-5.010515E-7
47.264999	-4.883623E-7
47.270000	-4.544854E-7
47.279999	-3.614696E-7
47.285000	-4.841713E-7
47.290001	-4.376052E-7
47.294998	-4.854519E-8
47.299999	-1.457520E-7
47.310001	-4.334142E-7
47.314999	-6.286427E-9
47.320000	-2.980232E-7
47.325001	-3.234018E-7
47.330002	-2.515735E-7
47.340000	-4.249159E-7
47.345001	-5.856855E-7
47.349998	-5.856855E-7
47.355000	-5.095499E-7
47.360001	-4.756730E-7
47.369999	-3.741588E-7
47.375000	-2.430752E-7
47.380001	-2.430752E-7
47.384998	-2.557645E-7
47.389999	-1.754379E-7
47.400002	-1.288718E-7
47.404999	-2.430752E-7
47.410000	-1.796288E-7
47.415001	-2.726447E-7
47.419998	-4.037283E-7
47.430000	-4.417961E-7
47.435001	-4.544854E-7
47.439999	-4.417961E-7
47.445000	-4.798640E-7
47.450001	-4.587928E-7
47.459999	-5.391194E-7
47.465000	-4.291069E-7
47.470001	-2.980232E-7
47.474998	-3.530877E-7
47.480000	-3.487803E-7
47.490002	-2.008164E-7
47.494999	-1.119915E-7
47.500000	-2.345769E-7
47.505001	-2.008164E-7
47.509998	-3.150199E-7
47.520000	-3.868481E-7
47.525002	-3.995374E-7
47.529999	-4.544854E-7
47.535000	-2.980232E-7
47.540001	-3.699679E-7
47.549999	-3.445894E-7
47.555000	-6.364426E-7
47.560001	-3.868481E-7
47.564999	-2.135057E-7
47.570000	-2.218876E-7
47.580002	-1.076842E-7
47.584999	-1.457520E-7
47.590000	-1.754379E-7
47.595001	-1.881272E-7
47.599998	-2.769521E-7
47.610001	-4.502945E-7
47.615002	-5.095499E-7
47.619999	-4.164176E-7
47.625000	-2.853340E-7
47.630001	-4.461035E-7
47.639999	-3.572786E-7
47.645000	-6.660121E-7
47.650002	-4.249159E-7
47.654999	-3.065215E-7
47.660000	-1.373701E-7
47.669998	-1.542503E-7
47.674999	-1.542503E-7
47.680000	-1.711305E-7
47.685001	-1.965091E-7
47.689999	-3.107125E-7
47.700001	-2.769521E-7
47.705002	-4.334142E-7
47.709999	-2.811430E-7
47.715000	-4.417961E-7
47.720001	-3.953464E-7
47.730000	-5.349284E-7
47.735001	-4.037283E-7
47.740002	-4.207250E-7
47.744999	-3.657769E-7
47.750000	-1.415610E-7
47.759998	-2.735760E-8
47.764999	-1.246808E-7
47.770000	-2.050074E-7
47.775002	-2.472661E-7
47.779999	-4.164176E-7
47.790001	-1.838198E-7
47.794998	-3.572786E-7
47.799999	-3.910391E-7
47.805000	-4.587928E-7
47.810001	-4.417961E-7
47.820000	-4.122267E-7
47.825001	-2.050074E-7
47.830002	-2.938323E-7
47.834999	-2.515735E-7
47.840000	-2.008164E-7
47.849998	-2.050074E-7
47.855000	-2.050074E-7
47.860001	-1.881272E-7
47.865002	-2.472661E-7
47.869999	-3.699679E-7
47.880001	-2.769521E-7
47.884998	-3.023306E-7
47.889999	-2.896413E-7
47.895000	-5.644979E-7
47.900002	-5.898764E-7
47.910000	-4.376052E-7
47.915001	-3.784662E-7
47.919998	-3.826572E-7
47.924999	-2.811430E-7
47.930000	-3.530877E-7
47.939999	-1.500593E-7
47.945000	-1.881272E-7
47.950001	-1.500593E-7
47.955002	-1.838198E-7
47.959999	-3.065215E-7
47.970001	-3.699679E-7
47.974998	-4.291069E-7
47.980000	-3.995374E-7
47.985001	-4.037283E-7
47.990002	-6.702030E-7
48.000000	-2.684537E-7
48.005001	-3.445894E-7
48.009998	-2.515735E-7
48.014999	-2.811430E-7
48.020000	-1.923181E-7
48.029999	-2.388842E-7
48.035000	-2.938323E-7
48.040001	-2.261950E-7
48.044998	-1.796288E-7
48.049999	-2.008164E-7
48.060001	-2.684537E-7
48.064999	-3.023306E-7
48.070000	-4.925532E-7
48.075001	-4.671747E-7
48.080002	-5.349284E-7
48.090000	-3.995374E-7
48.095001	-3.699679E-7
48.099998	-3.065215E-7
48.105000	-2.557645E-7
48.110001	-1.838198E-7
48.119999	-1.288718E-7
48.125000	-3.154855E-8
48.130001	-2.599554E-7
48.134998	-1.373701E-7
48.139999	-2.388842E-7
48.150002	-3.192108E-7
48.154999	-3.614696E-7
48.160000	-3.910391E-7
48.165001	-4.629837E-7
48.169998	-4.037283E-7
48.180000	-5.179318E-7
48.185001	-5.771872E-7
48.189999	-3.192108E-7
48.195000	-2.980232E-7
48.200001	-2.557645E-7
48.209999	-1.897570E-8
48.215000	-1.500593E-7
48.220001	-1.246808E-7
48.224998	-1.415610E-7
48.230000	-1.881272E-7
48.240002	-2.388842E-7
48.244999	-3.995374E-7
48.250000	-3.826572E-7
48.255001	-2.769521E-7
48.259998	-5.306210E-7
48.270000	-3.826572E-7
48.275002	-3.868481E-7
48.279999	-3.023306E-7
48.285000	-3.192108E-7
48.290001	-3.023306E-7
48.299999	-1.711305E-7
48.305000	-1.466833E-8
48.310001	-1.838198E-7
48.314999	-2.735760E-8
48.320000	-1.965091E-7
48.330002	-2.515735E-7
48.334999	-2.599554E-7
48.340000	-3.657769E-7
48.345001	-4.461035E-7
48.349998	-5.518086E-7
48.360001	-4.883623E-7
48.365002	-4.968606E-7
48.369999	-1.881272E-7
48.375000	-4.671747E-7
48.384998	-9.080395E-8
48.389999	-1.542503E-7
48.395000	-1.288718E-7
48.400002	-2.853340E-7
48.404999	-1.923181E-7
48.415001	-3.572786E-7
48.419998	-3.234018E-7
48.424999	-3.403984E-7
48.430000	-4.207250E-7
48.435001	-5.729962E-7
48.445000	-4.883623E-7
48.450001	-5.179318E-7
48.455002	-4.164176E-7
48.459999	-2.980232E-7
48.465000	-3.277091E-7
48.474998	-2.769521E-7
48.480000	-1.711305E-7
48.485001	-2.008164E-7
48.490002	-1.288718E-7
48.494999	6.402843E-9
48.505001	-2.896413E-7
48.509998	-2.896413E-7
48.514999	-3.023306E-7
48.520000	-3.657769E-7
48.525002	-5.476177E-7
48.535000	-3.614696E-7
48.540001	-4.037283E-7
48.544998	-4.376052E-7
48.549999	-3.403984E-7
48.555000	-2.896413E-7
48.564999	-2.938323E-7
48.570000	-2.008164E-7
48.575001	-1.415610E-7
48.580002	-1.711305E-7
48.584999	-4.164176E-7
48.595001	-1.330627E-7
48.599998	-1.796288E-7
48.605000	-1.415610E-7
48.610001	-3.150199E-7
48.615002	-5.052425E-7
48.625000	-4.207250E-7
48.630001	-4.756730E-7
48.634998	-4.164176E-7
48.639999	-6.913906E-7
48.645000	-3.614696E-7
48.654999	-4.376052E-7
48.660000	-2.896413E-7
48.665001	-1.838198E-7
48.669998	-2.896413E-7
48.674999	-9.930227E-8
48.685001	-1.288718E-7
48.689999	-3.614696E-7
48.695000	-3.995374E-7
48.700001	-2.472661E-7
48.705002	-5.264301E-7
48.715000	-4.461035E-7
48.720001	-3.995374E-7
48.724998	-5.222391E-7
48.730000	-3.277091E-7
48.735001	-3.023306E-7
48.744999	-3.319001E-7
48.750000	-3.445894E-7
48.755001	-1.669396E-7
48.759998	-1.923181E-7
48.764999	-7.811468E-8
48.775002	-2.769521E-7
48.779999	-2.726447E-7
48.785000	-1.373701E-7
48.790001	-3.150199E-7
48.794998	-3.403984E-7
48.805000	-4.207250E-7
48.810001	-4.502945E-7
48.814999	-5.813781E-7
48.820000	-3.614696E-7
48.825001	-3.023306E-7
48.834999	-2.684537E-7
48.840000	-2.218876E-7
48.845001	-2.642628E-7
48.849998	2.211891E-9
48.855000	-1.466833E-8
48.865002	-2.430752E-7
48.869999	-2.008164E-7
48.875000	-2.896413E-7
48.880001	-1.457520E-7
48.884998	-4.080357E-7
48.895000	-3.868481E-7
48.900002	-5.179318E-7
48.904999	-4.883623E-7
48.910000	-3.699679E-7
48.915001	-3.234018E-7
48.924999	-2.345769E-7
48.930000	-2.008164E-7
48.935001	-2.008164E-7
48.939999	-2.642628E-7
48.945000	-2.008164E-7
48.955002	-2.726447E-7
48.959999	-7.811468E-8
48.965000	-2.176967E-7
48.970001	-2.938323E-7
48.974998	-2.345769E-7
48.985001	-5.518086E-7
48.990002	-4.417961E-7
48.994999	-5.433103E-7
49.000000	-4.122267E-7
49.005001	-3.192108E-7
49.014999	-3.614696E-7
49.020000	-2.811430E-7
49.025002	-3.585592E-8
49.029999	-2.008164E-7
49.035000	-1.246808E-7
49.044998	-3.826572E-7
49.049999	-1.373701E-7
49.055000	-1.838198E-7
49.060001	-2.430752E-7
49.064999	-3.107125E-7
49.075001	-3.826572E-7
49.080002	-4.164176E-7
49.084999	-4.291069E-7
49.090000	-4.714821E-7
49.095001	-3.445894E-7
49.105000	-3.403984E-7
49.110001	-1.161825E-7
49.115002	-2.261950E-7
49.119999	-1.500593E-7
49.125000	-9.080395E-8
49.134998	-8.230563E-8
49.139999	-2.515735E-7
49.145000	-2.769521E-7
49.150002	-3.150199E-7
49.154999	-2.430752E-7
49.165001	-4.291069E-7
49.169998	-4.587928E-7
49.174999	-2.642628E-7
49.180000	-4.629837E-7
49.185001	-2.642628E-7
49.195000	-2.853340E-7
49.200001	-2.684537E-7
49.205002	-6.286427E-9
49.209999	-1.965091E-7
49.215000	-1.754379E-7
49.224998	-2.642628E-7
49.230000	-2.938323E-7
49.235001	-2.135057E-7
49.240002	-2.726447E-7
49.244999	-2.769521E-7
49.255001	-4.291069E-7
49.259998	-4.671747E-7
49.264999	-4.291069E-7
49.270000	-2.388842E-7
49.275002	-3.234018E-7
49.285000	-2.303859E-7
49.290001	-2.388842E-7
49.294998	-2.261950E-7
49.299999	-1.711305E-7
49.305000	-2.684537E-7
49.314999	-9.080395E-8
49.320000	-1.246808E-7
49.325001	-1.965091E-7
49.330002	-2.345769E-7
49.334999	-5.010515E-7
49.345001	-4.502945E-7
49.349998	-5.476177E-7
49.355000	-5.940674E-7
49.360001	-4.417961E-7
49.365002	-3.319001E-7
49.375000	-1.288718E-7
49.380001	-3.445894E-7
49.384998	-2.726447E-7
49.389999	-3.192108E-7
49.395000	1.909211E-8
49.404999	-1.542503E-7
49.410000	-9.499490E-8
49.415001	-1.119915E-7
49.419998	-1.457520E-7
49.424999	-3.023306E-7
49.435001	-3.107125E-7
49.439999	-3.319001E-7
49.445000	-4.249159E-7
49.450001	-4.291069E-7
49.455002	-3.699679E-7
49.465000	-3.784662E-7
49.470001	-2.853340E-7
49.474998	-2.345769E-7
49.480000	-1.796288E-7
49.485001	-9.499490E-8
49.494999	-1.034932E-7
49.500000	-1.627486E-7
49.505001	-1.979060E-9
49.509998	-2.345769E-7
49.514999	-2.980232E-7
49.525002	-3.953464E-7
49.529999	-4.122267E-7
49.535000	-5.179318E-7
49.540001	-4.122267E-7
49.544998	-3.741588E-7
49.555000	-2.980232E-7
49.560001	-2.345769E-7
49.564999	-3.023306E-7
49.570000	-1.979060E-9
49.575001	-2.642628E-7
49.584999	-1.881272E-7
49.590000	-1.288718E-7
49.595001	-9.499490E-8
49.599998	-3.234018E-7
49.605000	-3.910391E-7
49.615002	-3.150199E-7
49.619999	-5.222391E-7
49.625000	-3.699679E-7
49.630001	-3.572786E-7
49.634998	-2.303859E-7
49.645000	-3.741588E-7
49.650002	-2.557645E-7
49.654999	-8.661300E-8
49.660000	-1.711305E-7
49.665001	-1.373701E-7
49.674999	-9.930227E-8
49.680000	-2.515735E-7
49.685001	-1.466833E-8
49.689999	-2.472661E-7
49.695000	-2.684537E-7
49.705002	-3.699679E-7
49.709999	-6.025657E-7
49.715000	-5.771872E-7
49.720001	-4.080357E-7
49.724998	-3.530877E-7
49.735001	-3.572786E-7
49.740002	-2.303859E-7
49.744999	-4.334142E-7
49.750000	-1.897570E-8
49.759998	-1.500593E-7
49.764999	-2.642628E-7
49.770000	-7.392373E-8
49.775002	-1.373701E-7
49.779999	-2.515735E-7
49.790001	-3.784662E-7
49.794998	-4.756730E-7
49.799999	-5.898764E-7
49.805000	-5.179318E-7
49.810001	-4.841713E-7
49.820000	-5.052425E-7
49.825001	-4.502945E-7
49.830002	-2.345769E-7
49.834999	-3.107125E-7
49.840000	-1.923181E-7
49.849998	-1.500593E-7
49.855000	-1.584413E-7
49.860001	-1.627486E-7
49.865002	-1.330627E-7
49.869999	-3.277091E-7
49.880001	-1.246808E-7
49.884998	-2.811430E-7
49.889999	-4.164176E-7
49.895000	-4.502945E-7
49.900002	-3.953464E-7
49.910000	-4.122267E-7
49.915001	-3.530877E-7
49.919998	-2.853340E-7
49.924999	-2.769521E-7
49.930000	-1.330627E-7
49.939999	-7.392373E-8
49.945000	-1.034932E-7
49.950001	-9.080395E-8
49.955002	-4.854519E-8
49.959999	-2.515735E-7
49.970001	-2.050074E-7
49.974998	-2.684537E-7
49.980000	-3.741588E-7
49.985001	-2.896413E-7
49.990002	-3.699679E-7
50.000000	-4.376052E-7
50.005001	-3.868481E-7
50.009998	-4.291069E-7
50.014999	-3.614696E-7
50.020000	-2.769521E-7
50.029999	-1.246808E-7
50.035000	-1.584413E-7
50.040001	-1.161825E-7
50.044998	-2.345769E-7
50.049999	-2.303859E-7
50.060001	-2.980232E-7
50.064999	-2.811430E-7
50.070000	-3.445894E-7
50.075001	-2.684537E-7
50.080002	-4.502945E-7
50.090000	-3.657769E-7
50.095001	-3.657769E-7
50.099998	-4.502945E-7
50.105000	-3.150199E-7
50.110001	-2.050074E-7
50.119999	-1.627486E-7
50.125000	-9.080395E-8
50.130001	-1.500593E-7
50.134998	-7.811468E-8
50.139999	-1.542503E-7
50.150002	-2.811430E-7
50.154999	-2.303859E-7
50.160000	-3.277091E-7
50.165001	-5.137408E-7
50.169998	-3.953464E-7
50.180000	-4.334142E-7
50.185001	-3.530877E-7
50.189999	-4.207250E-7
50.195000	-2.980232E-7
50.200001	-1.584413E-7
50.209999	-2.261950E-7
50.215000	-2.599554E-7
50.220001	-1.838198E-7
50.224998	-6.961636E-8
50.230000	-2.050074E-7
50.240002	-2.896413E-7
50.244999	-2.430752E-7
50.250000	-1.965091E-7
50.255001	-4.122267E-7
50.259998	-6.279442E-7
50.270000	-4.334142E-7
50.275002	-3.234018E-7
50.279999	-1.542503E-7
50.285000	-2.472661E-7
50.290001	-3.530877E-7
50.299999	-5.692709E-8
50.305000	-1.500593E-7
50.310001	-1.500593E-7
50.314999	-7.392373E-8
50.320000	-1.627486E-7
50.330002	-9.080395E-8
50.334999	-2.938323E-7
50.340000	-4.544854E-7
50.345001	-3.657769E-7
50.349998	-4.587928E-7
50.360001	-4.291069E-7
50.365002	-4.037283E-7
50.369999	-3.868481E-7
50.375000	-2.853340E-7
50.380001	-2.642628E-7
50.389999	-1.627486E-7
50.395000	-1.838198E-7
50.400002	-1.203734E-7
50.404999	4.877802E-8
50.410000	-6.542541E-8
50.419998	-1.965091E-7
50.424999	-3.277091E-7
50.430000	-2.726447E-7
50.435001	-3.784662E-7
50.439999	-3.530877E-7
50.450001	-4.122267E-7
50.455002	-4.841713E-7
50.459999	-4.502945E-7
50.465000	-1.584413E-7
50.470001	-9.930227E-8
50.480000	-2.642628E-7
50.485001	-9.930227E-8
50.490002	-8.230563E-8
50.494999	-4.854519E-8
50.500000	-2.176967E-7
50.509998	-2.980232E-7
50.514999	-2.980232E-7
50.520000	-3.699679E-7
50.525002	-4.334142E-7
50.529999	-3.445894E-7
50.540001	-2.430752E-7
50.544998	-4.544854E-7
50.549999	-2.980232E-7
50.555000	-1.965091E-7
50.560001	-2.557645E-7
50.570000	-9.499490E-8
50.575001	-5.273614E-8
50.580002	-9.930227E-8
50.584999	6.565824E-8
50.590000	2.211891E-9
50.599998	-3.154855E-8
50.605000	-2.091983E-7
50.610001	-2.811430E-7
50.615002	-2.980232E-7
50.619999	-4.080357E-7
50.630001	-3.826572E-7
50.634998	-4.080357E-7
50.639999	-4.037283E-7
50.645000	-2.769521E-7
50.650002	-2.853340E-7
50.660000	-2.050074E-7
50.665001	-1.203734E-7
50.669998	-1.034932E-7
50.674999	-1.627486E-7
50.680000	-3.530877E-7
50.689999	-1.076842E-7
50.695000	-2.769521E-7
50.700001	-2.726447E-7
50.705002	-3.403984E-7
50.709999	-3.953464E-7
50.720001	-3.995374E-7
50.724998	-4.587928E-7
50.730000	-3.530877E-7
50.735001	-1.119915E-7
50.740002	-3.065215E-7
50.750000	-2.050074E-7
50.755001	-5.692709E-8
50.759998	-1.711305E-7
50.764999	-7.811468E-8
50.770000	-6.542541E-8
50.779999	2.759043E-8
50.785000	-3.150199E-7
50.790001	-3.360910E-7
50.794998	-4.461035E-7
50.799999	-5.391194E-7
50.810001	-3.277091E-7
50.814999	-6.787013E-7
50.820000	-3.741588E-7
50.825001	-3.023306E-7
50.830002	-2.261950E-7
50.840000	-2.642628E-7
50.845001	-7.811468E-8
50.849998	-1.246808E-7
50.855000	-6.123446E-8
50.860001	-1.415610E-7
50.869999	-7.392373E-8
50.875000	-3.277091E-7
50.880001	-3.657769E-7
50.884998	-1.627486E-7
50.889999	-3.445894E-7
50.900002	-2.261950E-7
50.904999	-5.391194E-7
50.910000	-4.164176E-7
50.915001	-2.769521E-7
50.919998	-2.557645E-7
50.930000	-1.584413E-7
50.935001	6.402843E-9
50.939999	-7.811468E-8
50.945000	-7.811468E-8
50.950001	-1.457520E-7
50.959999	-2.091983E-7
50.965000	-1.288718E-7
50.970001	-2.008164E-7
50.974998	-2.684537E-7
50.980000	-4.587928E-7
50.990002	-5.433103E-7
50.994999	-3.741588E-7
51.000000	-1.881272E-7
51.005001	-2.769521E-7
51.009998	-2.642628E-7
51.020000	-2.896413E-7
51.025002	-1.584413E-7
51.029999	-2.008164E-7
51.035000	-3.585592E-8
51.040001	-6.123446E-8
51.049999	-6.961636E-8
51.055000	-2.769521E-7
51.060001	-2.050074E-7
51.064999	-1.542503E-7
51.070000	-4.037283E-7
51.080002	-2.218876E-7
51.084999	-2.303859E-7
51.090000	-3.868481E-7
51.095001	-3.826572E-7
51.099998	-2.218876E-7
51.110001	-1.838198E-7
51.115002	-8.230563E-8
51.119999	-1.627486E-7
51.125000	-1.330627E-7
51.134998	8.253846E-8
51.139999	4.447065E-8
51.145000	-2.345769E-7
51.150002	-1.881272E-7
51.154999	-2.515735E-7
51.165001	-3.023306E-7
51.169998	-3.445894E-7
51.174999	-3.572786E-7
51.180000	-4.587928E-7
51.185001	-1.711305E-7
51.195000	-2.515735E-7
51.200001	-3.614696E-7
51.205002	-2.388842E-7
51.209999	-1.203734E-7
51.215000	-6.961636E-8
51.224998	6.402843E-9
51.230000	-4.423782E-8
51.235001	-1.457520E-7
51.240002	-4.854519E-8
51.244999	-2.938323E-7
51.255001	-2.896413E-7
51.259998	-3.784662E-7
51.264999	-4.544854E-7
51.270000	-3.910391E-7
51.275002	-3.445894E-7
51.285000	-2.472661E-7
51.290001	-2.218876E-7
51.294998	-3.699679E-7
51.299999	-5.273614E-8
51.305000	-4.423782E-8
51.314999	-1.076842E-7
51.320000	-1.246808E-7
51.325001	-1.415610E-7
51.330002	-2.642628E-7
51.334999	-2.176967E-7
51.345001	-3.614696E-7
51.349998	-4.925532E-7
51.355000	-4.122267E-7
51.360001	-4.502945E-7
51.365002	-3.150199E-7
51.375000	-2.642628E-7
51.380001	-9.499490E-8
51.384998	-1.965091E-7
51.389999	-1.897570E-8
51.395000	-1.466833E-8
51.404999	-6.961636E-8
51.410000	-6.542541E-8
51.415001	-6.542541E-8
51.419998	-2.008164E-7
51.424999	-2.176967E-7
51.435001	-1.330627E-7
51.439999	-4.037283E-7
51.445000	-4.629837E-7
51.450001	-3.150199E-7
51.455002	-3.487803E-7
51.465000	-1.034932E-7
51.470001	-1.288718E-7
51.474998	-1.161825E-7
51.480000	-1.288718E-7
51.485001	-1.047738E-8
51.494999	-6.542541E-8
51.500000	1.249136E-7
51.505001	-5.273614E-8
51.509998	-1.415610E-7
51.514999	-1.796288E-7
51.525002	-2.430752E-7
51.529999	-3.826572E-7
51.535000	-1.881272E-7
51.540001	-3.445894E-7
51.544998	-2.388842E-7
51.555000	-2.388842E-7
51.560001	-1.373701E-7
51.564999	-1.466833E-8
51.570000	-1.119915E-7
51.575001	-1.542503E-7
51.584999	1.490116E-8
51.590000	-1.796288E-7
51.595001	-1.288718E-7
51.599998	-1.669396E-7
51.605000	-9.930227E-8
51.615002	-3.699679E-7
51.619999	-2.980232E-7
51.625000	-2.472661E-7
51.630001	-1.542503E-7
51.634998	-4.164176E-7
51.645000	-3.154855E-8
51.650002	-2.050074E-7
51.654999	-1.288718E-7
51.660000	-1.923181E-7
51.665001	-3.585592E-8
51.674999	-2.345769E-7
51.680000	-9.930227E-8
51.685001	-6.542541E-8
51.689999	-2.091983E-7
51.695000	-1.415610E-7
51.705002	-1.415610E-7
51.709999	-2.388842E-7
51.715000	-2.811430E-7
51.720001	-2.896413E-7
51.724998	-2.896413E-7
51.735001	-2.135057E-7
51.740002	-1.047738E-8
51.744999	-2.430752E-7
51.750000	-1.979060E-9
51.755001	-1.979060E-9
51.764999	4.877802E-8
51.770000	-2.515735E-7
51.775002	2.211891E-9
51.779999	-6.286427E-9
51.785000	-6.542541E-8
51.794998	-7.811468E-8
51.799999	-3.530877E-7
51.805000	-2.599554E-7
51.810001	-2.557645E-7
51.814999	-2.684537E-7
51.825001	-5.273614E-8
51.830002	-5.692709E-8
51.834999	-2.726447E-7
51.840000	-1.119915E-7
51.845001	1.037261E-7
51.855000	2.052402E-7
51.860001	6.565824E-8
51.865002	-7.811468E-8
51.869999	1.629815E-7
51.875000	-8.661300E-8
51.884998	-1.415610E-7
51.889999	-9.080395E-8
51.895000	-2.472661E-7
51.900002	-2.135057E-7
51.904999	-2.599554E-7
51.915001	-2.050074E-7
51.919998	6.565824E-8
51.924999	-1.047738E-8
51.930000	1.909211E-8
51.935001	3.178138E-8
51.945000	1.502922E-7
51.950001	-6.542541E-8
51.955002	1.502922E-7
51.959999	1.079170E-7
51.965000	2.211891E-9
51.974998	-1.897570E-8
51.980000	-9.930227E-8
51.985001	-1.288718E-7
51.990002	-1.669396E-7
51.994999	-1.584413E-7
52.005001	-1.542503E-7
52.009998	9.522773E-8
52.014999	-6.123446E-8
52.020000	-1.047738E-8
52.025002	1.249136E-7
52.035000	1.417939E-7
52.040001	1.629815E-7
52.044998	1.629815E-7
52.049999	1.206063E-7
52.055000	1.840526E-7
52.064999	-1.330627E-7
52.070000	6.565824E-8
52.075001	-6.123446E-8
52.080002	1.071021E-8
52.084999	-1.457520E-7
52.095001	-9.930227E-8
52.099998	1.490116E-8
52.105000	9.953510E-8
52.110001	9.522773E-8
52.115002	-1.979060E-9
52.125000	1.502922E-7
52.130001	2.897577E-7
52.134998	2.390007E-7
52.139999	1.967419E-7
52.145000	1.883600E-7
52.154999	-2.316665E-8
52.160000	5.296897E-8
52.165001	1.459848E-7
52.169998	-6.286427E-9
52.174999	4.027970E-8
52.185001	-3.154855E-8
52.189999	-1.034932E-7
52.195000	9.522773E-8
52.200001	8.684583E-8
52.205002	2.221204E-7
52.215000	1.671724E-7
52.220001	1.671724E-7
52.224998	3.363239E-7
52.230000	3.278255E-7
52.235001	1.840526E-7
52.244999	3.912719E-7
52.250000	2.221204E-7
52.255001	1.925509E-7
52.259998	7.415656E-8
52.264999	6.565824E-8
52.275002	2.643792E-7
52.279999	3.151363E-7
52.285000	2.516899E-7
52.290001	3.997702E-7
52.294998	2.940651E-7
52.305000	3.151363E-7
52.310001	4.632166E-7
52.314999	4.124595E-7
52.320000	3.321329E-7
52.325001	4.378380E-7
52.334999	3.870809E-7
52.340000	3.955793E-7
52.345001	4.082685E-7
52.349998	6.565824E-8
52.355000	2.728775E-7
52.365002	2.094312E-7
52.369999	2.897577E-7
52.375000	3.109453E-7
52.380001	4.124595E-7
52.384998	4.632166E-7
52.395000	5.223555E-7
52.400002	5.901093E-7
52.404999	6.788177E-7
52.410000	6.196788E-7
52.415001	5.477341E-7
52.424999	5.266629E-7
52.430000	6.746268E-7
52.435001	4.293397E-7
52.439999	3.575115E-7
52.445000	3.955793E-7
52.455002	4.674075E-7
52.459999	3.321329E-7
52.465000	5.520415E-7
52.470001	4.759058E-7
52.474998	6.450573E-7
52.485001	7.803319E-7
52.490002	7.930212E-7
52.494999	9.791693E-7
52.500000	8.903444E-7
52.505001	7.085036E-7
52.514999	7.634517E-7
52.520000	7.507624E-7
52.525002	5.181646E-7
52.529999	4.715985E-7
52.540001	6.407499E-7
52.544998	8.310890E-7
52.549999	7.803319E-7
52.555000	7.422641E-7
52.560001	9.030337E-7
52.570000	8.225907E-7
52.575001	1.004431E-6
52.580002	1.152512E-6
52.584999	1.177890E-6
52.590000	1.059496E-6
52.599998	1.118635E-6
52.605000	1.135631E-6
52.610001	1.114444E-6
52.615002	1.177890E-6
52.619999	1.025619E-6
52.630001	1.093256E-6
52.634998	1.063687E-6
52.639999	9.157229E-7
52.645000	1.025619E-6
52.650002	1.198961E-6
52.660000	1.190579E-6
52.665001	1.372420E-6
52.669998	1.444248E-6
52.674999	1.410488E-6
52.680000	1.342851E-6
52.689999	1.550070E-6
52.695000	1.685345E-6
52.700001	1.380802E-6
52.705002	1.300476E-6
52.709999	1.414679E-6
52.720001	1.254026E-6
52.724998	1.431559E-6
52.730000	1.380802E-6
52.735001	1.499313E-6
52.740002	1.533073E-6
52.750000	1.727603E-6
52.755001	1.609209E-6
52.759998	1.799548E-6
52.764999	1.879875E-6
52.770000	1.816428E-6
52.779999	2.044835E-6
52.785000	2.010958E-6
52.790001	1.989771E-6
52.794998	1.943321E-6
52.799999	1.752982E-6
52.810001	1.934823E-6
52.814999	1.943321E-6
52.820000	1.820619E-6
52.825001	2.049026E-6
52.830002	2.082903E-6
52.840000	2.209679E-6
52.845001	2.361950E-6
52.849998	2.285815E-6
52.855000	2.476154E-6
52.860001	2.463465E-6
52.869999	2.526911E-6
52.875000	2.459274E-6
52.880001	2.611428E-6
52.884998	2.712943E-6
52.889999	2.535293E-6
52.900002	2.687564E-6
52.904999	2.632616E-6
52.910000	2.569170E-6
52.915001	2.691871E-6
52.919998	2.657995E-6
52.930000	2.894783E-6
52.935001	2.894783E-6
52.939999	3.140070E-6
52.945000	3.127381E-6
52.950001	3.220397E-6
52.959999	3.381167E-6
52.965000	3.533321E-6
52.970001	3.385358E-6
52.974998	3.402238E-6
52.980000	3.237394E-6
52.990002	3.195019E-6
52.994999	3.423425E-6
53.000000	3.330410E-6
53.005001	3.427616E-6
53.009998	3.782916E-6
53.020000	3.613764E-6
53.025002	3.765919E-6
53.029999	4.138099E-6
53.035000	4.154979E-6
53.040001	4.387577E-6
53.049999	4.307250E-6
53.055000	4.222733E-6
53.060001	4.341127E-6
53.064999	4.383386E-6
53.070000	4.391884E-6
53.080002	4.429952E-6
53.084999	4.341127E-6
53.090000	4.366506E-6
53.095001	4.565227E-6
53.099998	4.861271E-6
53.110001	4.916219E-6
53.115002	4.988164E-6
53.119999	5.076872E-6
53.125000	5.339156E-6
53.130001	5.317968E-6
53.139999	5.554757E-6
53.145000	5.275710E-6
53.150002	5.639391E-6
53.154999	5.571754E-6
53.160000	5.660462E-6
53.169998	5.639391E-6
53.174999	5.833921E-6
53.180000	5.821232E-6
53.185001	5.846610E-6
53.189999	6.007263E-6
53.200001	6.125658E-6
53.205002	6.400514E-6
53.209999	6.540096E-6
53.215000	6.633112E-6
53.220001	6.751623E-6
53.230000	7.191324E-6
53.235001	7.056049E-6
53.240002	6.984104E-6
53.244999	7.081428E-6
53.250000	7.174443E-6
53.259998	7.309834E-6
53.264999	7.352093E-6
53.270000	7.368973E-6
53.275002	7.521245E-6
53.279999	7.736846E-6
53.290001	7.817289E-6
53.294998	7.977942E-6
53.299999	8.290866E-6
53.305000	8.430448E-6
53.310001	8.570030E-6
53.320000	8.866074E-6
53.325001	8.959090E-6
53.330002	9.014038E-6
53.334999	9.001349E-6
53.340000	9.157811E-6
53.349998	9.458046E-6
53.355000	9.225449E-6
53.360001	9.403098E-6
53.365002	9.703333E-6
53.369999	9.576441E-6
53.380001	9.969808E-6
53.384998	1.025305E-5
53.389999	1.040113E-5
53.395000	1.063792E-5
53.400002	1.071405E-5
53.410000	1.101848E-5
53.415001	1.127645E-5
53.419998	1.146260E-5
53.424999	1.126807E-5
53.430000	1.143722E-5
53.439999	1.168251E-5
53.445000	1.176284E-5
53.450001	1.187704E-5
53.455002	1.203769E-5
53.459999	1.205038E-5
53.470001	1.267623E-5
53.474998	1.271430E-5
53.480000	1.278624E-5
53.485001	1.323875E-5
53.490002	1.331908E-5
53.500000	1.367857E-5
53.505001	1.393643E-5
53.509998	1.394493E-5
53.514999	1.413526E-5
53.520000	1.415634E-5
53.529999	1.453271E-5
53.535000	1.457508E-5
53.540001	1.468917E-5
53.544998	1.493027E-5
53.549999	1.512480E-5
53.560001	1.568301E-5
53.564999	1.558580E-5
53.570000	1.597486E-5
53.575001	1.627509E-5
53.580002	1.629198E-5
53.590000	1.681631E-5
53.595001	1.709547E-5
53.599998	1.740421E-5
53.605000	1.753110E-5
53.610001	1.772563E-5
53.619999	1.788209E-5
53.625000	1.814845E-5
53.630001	1.845299E-5
53.634998	1.844869E-5
53.639999	1.846568E-5
53.650002	1.918036E-5
53.654999	1.935789E-5
53.660000	1.969619E-5
53.665001	2.000073E-5
53.669998	2.056314E-5
53.680000	2.077466E-5
53.685001	2.097338E-5
53.689999	2.133707E-5
53.695000	2.142589E-5
53.700001	2.186571E-5
53.709999	2.208131E-5
53.715000	2.227584E-5
53.720001	2.249575E-5
53.724998	2.244499E-5
53.730000	2.295675E-5
53.740002	2.336688E-5
53.744999	2.367992E-5
53.750000	2.398854E-5
53.755001	2.430577E-5
53.759998	2.476666E-5
53.770000	2.529949E-5
53.775002	2.554478E-5
53.779999	2.593384E-5
53.785000	2.609461E-5
53.790001	2.645398E-5
53.799999	2.716028E-5
53.805000	2.705457E-5
53.810001	2.748589E-5
53.814999	2.764235E-5
53.820000	2.779462E-5
53.830002	2.824282E-5
53.834999	2.866576E-5
53.840000	2.905063E-5
53.845001	2.955808E-5
53.849998	3.024319E-5
53.860001	3.059837E-5
53.865002	3.094086E-5
53.869999	3.135530E-5
53.875000	3.137230E-5
53.880001	3.190513E-5
53.889999	3.244216E-5
53.895000	3.294123E-5
53.900002	3.310188E-5
53.904999	3.345287E-5
53.915001	3.437477E-5
53.919998	3.434520E-5
53.924999	3.511482E-5
53.930000	3.518246E-5
53.935001	3.571960E-5
53.945000	3.651879E-5
53.950001	3.677676E-5
53.955002	3.736035E-5
53.959999	3.765221E-5
53.965000	3.808772E-5
53.974998	3.886584E-5
53.980000	3.897154E-5
53.985001	3.942836E-5
53.990002	3.959320E-5
53.994999	4.043477E-5
54.005001	4.091684E-5
54.009998	4.114106E-5
54.014999	4.169077E-5
54.020000	4.192756E-5
54.025002	4.268880E-5
54.035000	4.354306E-5
54.040001	4.402513E-5
54.044998	4.449033E-5
54.049999	4.489208E-5
54.055000	4.564901E-5
54.064999	4.637637E-5
54.070000	4.659209E-5
54.075001	4.709105E-5
54.080002	4.752667E-5
54.084999	4.803832E-5
54.095001	4.864729E-5
54.099998	4.939165E-5
54.105000	4.961994E-5
54.110001	5.002168E-5
54.115002	5.072798E-5
54.125000	5.181483E-5
54.130001	5.236873E-5
54.134998	5.314685E-5
54.139999	5.327794E-5
54.145000	5.406875E-5
54.154999	5.504990E-5
54.160000	5.543896E-5
54.165001	5.591684E-5
54.169998	5.641580E-5
54.174999	5.683873E-5
54.185001	5.776912E-5
54.189999	5.858520E-5
54.195000	5.894469E-5
54.200001	5.941407E-5
54.205002	5.996809E-5
54.215000	6.100838E-5
54.220001	6.226439E-5
54.224998	6.280153E-5
54.230000	6.307638E-5
54.235001	6.385020E-5
54.244999	6.466638E-5
54.250000	6.557989E-5
54.255001	6.600271E-5
54.259998	6.657792E-5
54.264999	6.691623E-5
54.275002	6.790576E-5
54.279999	6.904756E-5
54.285000	6.907294E-5
54.290001	6.997795E-5
54.294998	7.060380E-5
54.305000	7.169903E-5
54.310001	7.279438E-5
54.314999	7.305655E-5
54.320000	7.425761E-5
54.325001	7.483270E-5
54.334999	7.594493E-5
54.340000	7.708243E-5
54.345001	7.762806E-5
54.349998	7.842307E-5
54.355000	7.847801E-5
54.365002	7.957756E-5
54.369999	8.049945E-5
54.375000	8.104497E-5
54.380001	8.190342E-5
54.384998	8.253776E-5
54.395000	8.350192E-5
54.400002	8.476223E-5
54.404999	8.552335E-5
54.410000	8.637761E-5
54.415001	8.664827E-5
54.424999	8.835678E-5
54.430000	8.966774E-5
54.435001	9.033165E-5
54.439999	9.122817E-5
54.445000	9.191746E-5
54.455002	9.300432E-5
54.459999	9.404041E-5
54.465000	9.436184E-5
54.470001	9.492424E-5
54.474998	9.670039E-5
54.485001	9.770261E-5
54.490002	9.876827E-5
54.494999	9.969447E-5
54.500000	0.000101
54.505001	0.000102
54.514999	0.000103
54.520000	0.000104
54.525002	0.000105
54.529999	0.000106
54.535000	0.000107
54.544998	0.000108
54.549999	0.000108
54.555000	0.000110
54.560001	0.000111
54.564999	0.000111
54.575001	0.000113
54.580002	0.000114
54.584999	0.000115
54.590000	0.000116
54.595001	0.000117
54.605000	0.000119
54.610001	0.000120
54.615002	0.000121
54.619999	0.000122
54.625000	0.000123
54.634998	0.000124
54.639999	0.000125
54.645000	0.000126
54.650002	0.000127
54.654999	0.000128
54.665001	0.000130
54.669998	0.000131
54.674999	0.000132
54.680000	0.000133
54.685001	0.000134
54.695000	0.000136
54.700001	0.000137
54.705002	0.000138
54.709999	0.000139
54.715000	0.000140
54.724998	0.000142
54.730000	0.000143
54.735001	0.000144
54.740002	0.000144
54.744999	0.000145
54.755001	0.000147
54.759998	0.000149
54.764999	0.000150
54.770000	0.000151
54.775002	0.000152
54.785000	0.000154
54.790001	0.000156
54.794998	0.000156
54.799999	0.000158
54.805000	0.000158
54.814999	0.000160
54.820000	0.000161
54.825001	0.000162
54.830002	0.000163
54.834999	0.000164
54.845001	0.000165
54.849998	0.000167
54.855000	0.000168
54.860001	0.000169
54.865002	0.000170
54.875000	0.000172
54.880001	0.000174
54.884998	0.000175
54.889999	0.000176
54.895000	0.000176
54.904999	0.000179
54.910000	0.000179
54.915001	0.000180
54.919998	0.000181
54.924999	0.000182
54.935001	0.000184
54.939999	0.000185
54.945000	0.000186
54.950001	0.000187
54.955002	0.000188
54.965000	0.000190
54.970001	0.000192
54.974998	0.000192
54.980000	0.000193
54.985001	0.000194
54.994999	0.000195
55.000000	0.000197
55.005001	0.000197
55.009998	0.000198
55.014999	0.000199
55.025002	0.000200
55.029999	0.000201
55.035000	0.000202
55.040001	0.000203
55.044998	0.000204
55.055000	0.000206
55.060001	0.000207
55.064999	0.000208
55.070000	0.000208
55.075001	0.000209
55.084999	0.000210
55.090000	0.000211
55.095001	0.000212
55.099998	0.000212
55.105000	0.000213
55.115002	0.000214
55.119999	0.000215
55.125000	0.000216
55.130001	0.000216
55.134998	0.000217
55.145000	0.000218
55.150002	0.000219
55.154999	0.000219
55.160000	0.000220
55.165001	0.000221
55.174999	0.000222
55.180000	0.000222
55.185001	0.000222
55.189999	0.000223
55.195000	0.000223
55.205002	0.000224
55.209999	0.000224
55.215000	0.000225
55.220001	0.000225
55.224998	0.000226
55.235001	0.000227
55.240002	0.000227
55.244999	0.000228
55.250000	0.000228
55.255001	0.000229
55.264999	0.000229
55.270000	0.000229
55.275002	0.000230
55.279999	0.000230
55.290001	0.000231
55.294998	0.000231
55.299999	0.000231
55.305000	0.000232
55.310001	0.000232
55.320000	0.000233
55.325001	0.000233
55.330002	0.000233
55.334999	0.000234
55.340000	0.000234
55.349998	0.000235
55.355000	0.000235
55.360001	0.000236
55.365002	0.000236
55.369999	0.000236
55.380001	0.000237
55.384998	0.000237
55.389999	0.000237
55.395000	0.000237
55.400002	0.000238
55.410000	0.000238
55.415001	0.000238
55.419998	0.000239
55.424999	0.000239
55.430000	0.000240
55.439999	0.000240
55.445000	0.000240
55.450001	0.000241
55.455002	0.000241
55.459999	0.000241
55.470001	0.000242
55.474998	0.000242
55.480000	0.000242
55.485001	0.000242
55.490002	0.000243
55.500000	0.000243
55.505001	0.000243
55.509998	0.000244
55.514999	0.000244
55.520000	0.000244
55.529999	0.000245
55.535000	0.000245
55.540001	0.000245
55.544998	0.000246
55.549999	0.000246
55.560001	0.000246
55.564999	0.000246
55.570000	0.000246
55.575001	0.000247
55.580002	0.000247
55.590000	0.000247
55.595001	0.000248
55.599998	0.000248
55.605000	0.000248
55.610001	0.000248
55.619999	0.000249
55.625000	0.000249
55.630001	0.000250
55.634998	0.000250
55.639999	0.000250
55.650002	0.000250
55.654999	0.000251
55.660000	0.000251
55.665001	0.000251
55.669998	0.000251
55.680000	0.000251
55.685001	0.000252
55.689999	0.000252
55.695000	0.000252
55.700001	0.000252
55.709999	0.000253
55.715000	0.000253
55.720001	0.000254
55.724998	0.000254
55.730000	0.000254
55.740002	0.000254
55.744999	0.000254
55.750000	0.000255
55.755001	0.000255
55.759998	0.000255
55.770000	0.000255
55.775002	0.000256
55.779999	0.000256
55.785000	0.000256
55.790001	0.000256
55.799999	0.000257
55.805000	0.000257
55.810001	0.000257
55.814999	0.000257
55.820000	0.000258
55.830002	0.000258
55.834999	0.000258
55.840000	0.000258
55.845001	0.000258
55.849998	0.000258
55.860001	0.000259
55.865002	0.000259
55.869999	0.000259
55.875000	0.000259
55.880001	0.000260
55.889999	0.000260
55.895000	0.000260
55.900002	0.000260
55.904999	0.000261
55.910000	0.000261
55.919998	0.000261
55.924999	0.000261
55.930000	0.000262
55.935001	0.000262
55.939999	0.000262
55.950001	0.000262
55.955002	0.000262
55.959999	0.000263
55.965000	0.000263
55.970001	0.000263
55.980000	0.000263
55.985001	0.000264
55.990002	0.000264
55.994999	0.000264
56.000000	0.000264
56.009998	0.000264
56.014999	0.000265
56.020000	0.000265
56.025002	0.000265
56.029999	0.000265
56.040001	0.000265
56.044998	0.000265
56.049999	0.000266
56.055000	0.000266
56.060001	0.000266
56.070000	0.000266
56.075001	0.000266
56.080002	0.000267
56.084999	0.000267
56.090000	0.000267
56.099998	0.000267
56.105000	0.000267
56.110001	0.000268
56.115002	0.000268
56.119999	0.000268
56.130001	0.000268
56.134998	0.000268
56.139999	0.000268
56.145000	0.000269
56.150002	0.000269
56.160000	0.000269
56.165001	0.000269
56.169998	0.000270
56.174999	0.000270
56.180000	0.000270
56.189999	0.000270
56.195000	0.000270
56.200001	0.000270
56.205002	0.000271
56.209999	0.000271
56.220001	0.000271
56.224998	0.000271
56.230000	0.000271
56.235001	0.000271
56.240002	0.000271
56.250000	0.000272
56.255001	0.000272
56.259998	0.000272
56.264999	0.000272
56.270000	0.000272
56.279999	0.000273
56.285000	0.000273
56.290001	0.000273
56.294998	0.000273
56.299999	0.000273
56.310001	0.000273
56.314999	0.000274
56.320000	0.000274
56.325001	0.000274
56.330002	0.000274
56.340000	0.000274
56.345001	0.000275
56.349998	0.000275
56.355000	0.000275
56.360001	0.000275
56.369999	0.000275
56.375000	0.000276
56.380001	0.000276
56.384998	0.000276
56.389999	0.000276
56.400002	0.000276
56.404999	0.000276
56.410000	0.000276
56.415001	0.000276
56.419998	0.000276
56.430000	0.000277
56.435001	0.000277
56.439999	0.000277
56.445000	0.000277
56.450001	0.000277
56.459999	0.000278
56.465000	0.000278
56.470001	0.000278
56.474998	0.000278
56.480000	0.000278
56.490002	0.000278
56.494999	0.000278
56.500000	0.000278
56.505001	0.000279
56.509998	0.000279
56.520000	0.000279
56.525002	0.000279
56.529999	0.000279
56.535000	0.000280
56.540001	0.000280
56.549999	0.000280
56.555000	0.000280
56.560001	0.000280
56.564999	0.000280
56.570000	0.000280
56.580002	0.000281
56.584999	0.000281
56.590000	0.000281
56.595001	0.000281
56.599998	0.000281
56.610001	0.000281
56.615002	0.000281
56.619999	0.000281
56.625000	0.000282
56.630001	0.000282
56.639999	0.000282
56.645000	0.000282
56.650002	0.000282
56.654999	0.000282
56.660000	0.000282
56.669998	0.000283
56.674999	0.000283
56.680000	0.000283
56.685001	0.000283
56.695000	0.000283
56.700001	0.000283
56.705002	0.000283
56.709999	0.000283
56.715000	0.000284
56.724998	0.000284
56.730000	0.000284
56.735001	0.000284
56.740002	0.000284
56.744999	0.000284
56.755001	0.000285
56.759998	0.000284
56.764999	0.000285
56.770000	0.000285
56.775002	0.000285
56.785000	0.000285
56.790001	0.000285
56.794998	0.000285
56.799999	0.000285
56.805000	0.000285
56.814999	0.000286
56.820000	0.000286
56.825001	0.000286
56.830002	0.000286
56.834999	0.000286
56.845001	0.000286
56.849998	0.000286
56.855000	0.000286
56.860001	0.000286
56.865002	0.000287
56.875000	0.000287
56.880001	0.000287
56.884998	0.000287
56.889999	0.000287
56.895000	0.000287
56.904999	0.000287
56.910000	0.000288
56.915001	0.000288
56.919998	0.000288
56.924999	0.000288
56.935001	0.000288
56.939999	0.000288
56.945000	0.000288
56.950001	0.000288
56.955002	0.000288
56.965000	0.000289
56.970001	0.000289
56.974998	0.000289
56.980000	0.000289
56.985001	0.000289
56.994999	0.000289
57.000000	0.000289
57.005001	0.000289
57.009998	0.000290
57.014999	0.000290
57.025002	0.000290
57.029999	0.000290
57.035000	0.000290
57.040001	0.000290
57.044998	0.000290
57.055000	0.000290
57.060001	0.000290
57.064999	0.000290
57.070000	0.000290
57.075001	0.000291
57.084999	0.000291
57.090000	0.000291
57.095001	0.000291
57.099998	0.000291
57.105000	0.000291
57.115002	0.000292
57.119999	0.000292
57.125000	0.000292
57.130001	0.000292
57.134998	0.000292
57.145000	0.000292
57.150002	0.000292
57.154999	0.000292
57.160000	0.000292
57.165001	0.000292
57.174999	0.000292
57.180000	0.000292
57.185001	0.000293
57.189999	0.000293
57.195000	0.000293
57.205002	0.000293
57.209999	0.000293
57.215000	0.000293
57.220001	0.000293
57.224998	0.000293
57.235001	0.000293
57.240002	0.000293
57.244999	0.000293
57.250000	0.000293
57.255001	0.000293
57.264999	0.000294
57.270000	0.000294
57.275002	0.000294
57.279999	0.000294
57.285000	0.000294
57.294998	0.000294
57.299999	0.000295
57.305000	0.000295
57.310001	0.000295
57.314999	0.000295
57.325001	0.000295
57.330002	0.000295
57.334999	0.000295
57.340000	0.000295
57.345001	0.000295
57.355000	0.000295
57.360001	0.000295
57.365002	0.000295
57.369999	0.000296
57.375000	0.000296
57.384998	0.000296
57.389999	0.000296
57.395000	0.000296
57.400002	0.000296
57.404999	0.000296
57.415001	0.000296
57.419998	0.000296
57.424999	0.000296
57.430000	0.000296
57.435001	0.000296
57.445000	0.000297
57.450001	0.000297
57.455002	0.000297
57.459999	0.000297
57.465000	0.000297
57.474998	0.000297
57.480000	0.000297
57.485001	0.000297
57.490002	0.000298
57.494999	0.000297
57.505001	0.000298
57.509998	0.000298
57.514999	0.000298
57.520000	0.000298
57.525002	0.000298
57.535000	0.000298
57.540001	0.000298
57.544998	0.000298
57.549999	0.000298
57.555000	0.000298
57.564999	0.000298
57.570000	0.000299
57.575001	0.000299
57.580002	0.000299
57.584999	0.000299
57.595001	0.000299
57.599998	0.000299
57.605000	0.000299
57.610001	0.000299
57.615002	0.000299
57.625000	0.000299
57.630001	0.000299
57.634998	0.000299
57.639999	0.000299
57.645000	0.000299
57.654999	0.000300
57.660000	0.000300
57.665001	0.000300
57.669998	0.000300
57.674999	0.000300
57.685001	0.000300
57.689999	0.000300
57.695000	0.000300
57.700001	0.000300
57.705002	0.000300
57.715000	0.000300
57.720001	0.000300
57.724998	0.000300
57.730000	0.000301
57.735001	0.000301
57.744999	0.000301
57.750000	0.000301
57.755001	0.000301
57.759998	0.000301
57.764999	0.000301
57.775002	0.000301
57.779999	0.000301
57.785000	0.000301
57.790001	0.000301
57.794998	0.000301
57.805000	0.000301
57.810001	0.000301
57.814999	0.000302
57.820000	0.000302
57.825001	0.000302
57.834999	0.000302
57.840000	0.000302
57.845001	0.000302
57.849998	0.000302
57.855000	0.000302
57.865002	0.000302
57.869999	0.000302
57.875000	0.000302
57.880001	0.000302
57.884998	0.000302
57.895000	0.000302
57.900002	0.000303
57.904999	0.000303
57.910000	0.000303
57.915001	0.000303
57.924999	0.000303
57.930000	0.000303
57.935001	0.000303
57.939999	0.000303
57.945000	0.000303
57.955002	0.000303
57.959999	0.000303
57.965000	0.000303
57.970001	0.000303
57.974998	0.000303
57.985001	0.000304
57.990002	0.000304
57.994999	0.000304
58.000000	0.000304
58.005001	0.000304
58.014999	0.000304
58.020000	0.000304
58.025002	0.000304
58.029999	0.000304
58.035000	0.000304
58.044998	0.000304
58.049999	0.000304
58.055000	0.000304
58.060001	0.000304
58.070000	0.000304
58.075001	0.000305
58.080002	0.000304
58.084999	0.000305
58.090000	0.000305
58.099998	0.000305
58.105000	0.000305
58.110001	0.000305
58.115002	0.000305
58.119999	0.000305
58.130001	0.000305
58.134998	0.000305
58.139999	0.000305
58.145000	0.000305
58.150002	0.000305
58.160000	0.000305
58.165001	0.000305
58.169998	0.000306
58.174999	0.000306
58.180000	0.000306
58.189999	0.000306
58.195000	0.000306
58.200001	0.000306
58.205002	0.000306
58.209999	0.000306
58.220001	0.000306
58.224998	0.000306
58.230000	0.000306
58.235001	0.000306
58.240002	0.000306
58.250000	0.000306
58.255001	0.000307
58.259998	0.000306
58.264999	0.000306
58.270000	0.000307
58.279999	0.000307
58.285000	0.000307
58.290001	0.000307
58.294998	0.000307
58.299999	0.000307
58.310001	0.000307
58.314999	0.000307
58.320000	0.000307
58.325001	0.000307
58.330002	0.000307
58.340000	0.000308
58.345001	0.000307
58.349998	0.000307
58.355000	0.000307
58.360001	0.000307
58.369999	0.000308
58.375000	0.000308
58.380001	0.000308
58.384998	0.000308
58.389999	0.000308
58.400002	0.000308
58.404999	0.000308
58.410000	0.000308
58.415001	0.000308
58.419998	0.000308
58.430000	0.000308
58.435001	0.000308
58.439999	0.000308
58.445000	0.000308
58.450001	0.000308
58.459999	0.000308
58.465000	0.000308
58.470001	0.000309
58.474998	0.000309
58.480000	0.000309
58.490002	0.000309
58.494999	0.000309
58.500000	0.000309
58.505001	0.000309
58.509998	0.000309
58.520000	0.000309
58.525002	0.000309
58.529999	0.000309
58.535000	0.000309
58.540001	0.000309
58.549999	0.000309
58.555000	0.000309
58.560001	0.000309
58.564999	0.000309
58.570000	0.000310
58.580002	0.000310
58.584999	0.000310
58.590000	0.000310
58.595001	0.000310
58.599998	0.000310
58.610001	0.000310
58.615002	0.000310
58.619999	0.000310
58.625000	0.000310
58.630001	0.000310
58.639999	0.000310
58.645000	0.000310
58.650002	0.000310
58.654999	0.000310
58.660000	0.000310
58.669998	0.000310
58.674999	0.000310
58.680000	0.000311
58.685001	0.000311
58.689999	0.000311
58.700001	0.000311
58.705002	0.000311
58.709999	0.000311
58.715000	0.000311
58.720001	0.000311
58.730000	0.000311
58.735001	0.000311
58.740002	0.000311
58.744999	0.000311
58.750000	0.000311
58.759998	0.000311
58.764999	0.000311
58.770000	0.000311
58.775002	0.000311
58.779999	0.000311
58.790001	0.000312
58.794998	0.000311
58.799999	0.000311
58.805000	0.000311
58.810001	0.000311
58.820000	0.000311
58.825001	0.000311
58.830002	0.000312
58.834999	0.000312
58.840000	0.000312
58.849998	0.000312
58.855000	0.000312
58.860001	0.000312
58.865002	0.000312
58.869999	0.000312
58.880001	0.000312
58.884998	0.000312
58.889999	0.000312
58.895000	0.000312
58.900002	0.000312
58.910000	0.000312
58.915001	0.000312
58.919998	0.000312
58.924999	0.000312
58.930000	0.000312
58.939999	0.000313
58.945000	0.000313
58.950001	0.000313
58.955002	0.000313
58.959999	0.000313
58.970001	0.000313
58.974998	0.000313
58.980000	0.000313
58.985001	0.000313
58.990002	0.000313
59.000000	0.000313
59.005001	0.000313
59.009998	0.000313
59.014999	0.000313
59.020000	0.000313
59.029999	0.000313
59.035000	0.000313
59.040001	0.000313
59.044998	0.000313
59.049999	0.000313
59.060001	0.000314
59.064999	0.000313
59.070000	0.000314
59.075001	0.000314
59.080002	0.000313
59.090000	0.000314
59.095001	0.000313
59.099998	0.000313
59.105000	0.000313
59.110001	0.000314
59.119999	0.000314
59.125000	0.000314
59.130001	0.000314
59.134998	0.000314
59.139999	0.000314
59.150002	0.000314
59.154999	0.000314
59.160000	0.000314
59.165001	0.000314
59.169998	0.000314
59.180000	0.000314
59.185001	0.000314
59.189999	0.000314
59.195000	0.000314
59.200001	0.000314
59.209999	0.000314
59.215000	0.000314
59.220001	0.000314
59.224998	0.000315
59.230000	0.000315
59.240002	0.000315
59.244999	0.000315
59.250000	0.000315
59.255001	0.000315
59.259998	0.000315
59.270000	0.000315
59.275002	0.000315
59.279999	0.000315
59.285000	0.000315
59.290001	0.000315
59.299999	0.000315
59.305000	0.000315
59.310001	0.000315
59.314999	0.000315
59.320000	0.000315
59.330002	0.000315
59.334999	0.000315
59.340000	0.000315
59.345001	0.000315
59.349998	0.000315
59.360001	0.000315
59.365002	0.000315
59.369999	0.000315
59.375000	0.000315
59.380001	0.000315
59.389999	0.000315
59.395000	0.000315
59.400002	0.000316
59.404999	0.000316
59.410000	0.000316
59.419998	0.000316
59.424999	0.000316
59.430000	0.000316
59.435001	0.000316
59.445000	0.000316
59.450001	0.000316
59.455002	0.000316
59.459999	0.000316
59.465000	0.000316
59.474998	0.000316
59.480000	0.000316
59.485001	0.000316
59.490002	0.000316
59.494999	0.000316
59.505001	0.000316
59.509998	0.000316
59.514999	0.000316
59.520000	0.000317
59.525002	0.000317
59.535000	0.000317
59.540001	0.000317
59.544998	0.000316
59.549999	0.000316
59.555000	0.000316
59.564999	0.000316
59.570000	0.000317
59.575001	0.000317
59.580002	0.000317
59.584999	0.000317
59.595001	0.000317
59.599998	0.000317
59.605000	0.000317
59.610001	0.000317
59.615002	0.000317
59.625000	0.000317
59.630001	0.000317
59.634998	0.000317
59.639999	0.000317
59.645000	0.000317
59.654999	0.000317
59.660000	0.000317
59.665001	0.000317
59.669998	0.000317
59.674999	0.000317
59.685001	0.000317
59.689999	0.000317
59.695000	0.000317
59.700001	0.000318
59.705002	0.000318
59.715000	0.000318
59.720001	0.000318
59.724998	0.000318
59.730000	0.000317
59.735001	0.000317
59.744999	0.000317
59.750000	0.000317
59.755001	0.000318
59.759998	0.000318
59.764999	0.000318
59.775002	0.000318
59.779999	0.000318
59.785000	0.000318
59.790001	0.000318
59.794998	0.000318
59.805000	0.000318
59.810001	0.000318
59.814999	0.000318
59.820000	0.000318
59.825001	0.000318
59.834999	0.000318
59.840000	0.000318
59.845001	0.000318
59.849998	0.000318
59.855000	0.000318
59.865002	0.000318
59.869999	0.000318
59.875000	0.000318
59.880001	0.000318
59.884998	0.000319
59.895000	0.000319
59.900002	0.000319
