% Langmuir characteristic curve

% U (Volt)	I (A)
45.000000	-1.541339E-7
45.005001	-2.175802E-7
45.009998	-3.275927E-7
45.020000	-2.768356E-7
45.025002	-3.402820E-7
45.029999	-3.317837E-7
45.035000	-5.433103E-7
45.040001	-4.967442E-7
45.049999	-5.390029E-7
45.055000	-5.009351E-7
45.060001	-4.374888E-7
45.064999	-4.079193E-7
45.070000	-3.022142E-7
45.080002	-3.486639E-7
45.084999	-3.740424E-7
45.090000	-3.317837E-7
45.095001	-2.133893E-7
45.099998	-2.387678E-7
45.110001	-3.910391E-7
45.115002	-2.048910E-7
45.119999	-4.671747E-7
45.125000	-4.586764E-7
45.130001	-3.486639E-7
45.139999	-5.263137E-7
45.145000	-5.094334E-7
45.150002	-4.121102E-7
45.154999	-4.164176E-7
45.160000	-1.753215E-7
45.169998	-1.838198E-7
45.174999	-2.472661E-7
45.180000	-2.599554E-7
45.185001	-2.218876E-7
45.189999	-1.753215E-7
45.200001	-3.190944E-7
45.205002	-3.359746E-7
45.209999	-5.052425E-7
45.215000	-5.263137E-7
45.220001	-6.573973E-7
45.230000	-3.486639E-7
45.235001	-4.374888E-7
45.240002	-3.740424E-7
45.244999	-4.840549E-7
45.250000	-4.121102E-7
45.259998	-3.402820E-7
45.264999	-2.429588E-7
45.270000	-1.838198E-7
45.275002	-1.965091E-7
45.279999	-2.260786E-7
45.290001	-3.064051E-7
45.294998	-1.965091E-7
45.299999	-4.586764E-7
45.305000	-5.094334E-7
45.310001	-5.940674E-7
45.320000	-3.613532E-7
45.325001	-4.291069E-7
45.330002	-5.179318E-7
45.334999	-3.867317E-7
45.340000	-3.022142E-7
45.349998	-4.079193E-7
45.355000	-2.133893E-7
45.360001	-2.345769E-7
45.365002	-2.007000E-7
45.369999	-2.260786E-7
45.380001	-2.472661E-7
45.384998	-3.656605E-7
45.389999	-2.175802E-7
45.395000	-4.628673E-7
45.400002	-6.024493E-7
45.410000	-6.193295E-7
45.415001	-5.475013E-7
45.419998	-4.671747E-7
45.424999	-3.529713E-7
45.430000	-2.387678E-7
45.439999	-2.175802E-7
45.445000	-1.668232E-7
45.450001	-2.514571E-7
45.455002	-4.423782E-8
45.459999	-1.795124E-7
45.470001	-1.711305E-7
45.474998	-3.149034E-7
45.480000	-6.236369E-7
45.485001	-4.586764E-7
45.490002	-5.136244E-7
45.500000	-4.544854E-7
45.505001	-5.052425E-7
45.509998	-6.151386E-7
45.514999	-5.221227E-7
45.520000	-4.798640E-7
45.529999	-3.022142E-7
45.535000	-2.133893E-7
45.540001	-1.838198E-7
45.544998	-1.541339E-7
45.549999	-1.922017E-7
45.560001	-4.544854E-7
45.564999	-3.783498E-7
45.570000	-3.698515E-7
45.575001	-3.783498E-7
45.580002	-5.643815E-7
45.590000	-5.475013E-7
45.595001	-4.417961E-7
45.599998	-3.190944E-7
45.605000	-2.768356E-7
45.610001	-2.979068E-7
45.619999	-2.979068E-7
45.625000	-3.105961E-7
45.630001	-7.799827E-8
45.634998	-6.530900E-8
45.639999	-1.711305E-7
45.650002	-4.247995E-7
45.654999	-2.726447E-7
45.660000	-4.291069E-7
45.665001	-4.755566E-7
45.669998	-5.348120E-7
45.680000	-5.009351E-7
45.685001	-4.459871E-7
45.689999	-4.501780E-7
45.695000	-3.740424E-7
45.705002	-2.091983E-7
45.709999	-2.472661E-7
45.715000	-3.952300E-7
45.720001	-9.499490E-8
45.724998	-1.711305E-7
45.735001	-2.726447E-7
45.740002	-2.853340E-7
45.744999	-3.402820E-7
45.750000	-3.022142E-7
45.755001	-6.151386E-7
45.764999	-5.982583E-7
45.770000	-4.967442E-7
45.775002	-3.910391E-7
45.779999	-4.247995E-7
45.785000	-5.559996E-7
45.794998	-2.853340E-7
45.799999	-2.768356E-7
45.805000	-2.133893E-7
45.810001	-2.768356E-7
45.814999	-1.753215E-7
45.825001	-2.345769E-7
45.830002	-1.838198E-7
45.834999	-3.783498E-7
45.840000	-3.149034E-7
45.845001	-2.133893E-7
45.855000	-5.516922E-7
45.860001	-4.840549E-7
45.865002	-6.193295E-7
45.869999	-5.306210E-7
45.875000	-4.713656E-7
45.884998	-3.317837E-7
45.889999	-3.190944E-7
45.895000	-2.641464E-7
45.900002	-1.330627E-7
45.904999	-1.880107E-7
45.915001	-1.499429E-7
45.919998	-1.330627E-7
45.924999	-2.599554E-7
45.930000	-3.232853E-7
45.935001	-4.374888E-7
45.945000	-5.094334E-7
45.950001	-5.559996E-7
45.955002	-4.882459E-7
45.959999	-3.910391E-7
45.965000	-3.867317E-7
45.974998	-3.022142E-7
45.980000	-4.459871E-7
45.985001	-2.260786E-7
45.990002	-3.529713E-7
45.994999	-1.668232E-7
46.005001	-3.149034E-7
46.009998	-3.317837E-7
46.014999	-2.768356E-7
46.020000	-3.317837E-7
46.025002	-4.164176E-7
46.035000	-4.332978E-7
46.040001	-4.459871E-7
46.044998	-4.798640E-7
46.049999	-4.121102E-7
46.055000	-5.263137E-7
46.064999	-4.121102E-7
46.070000	-2.007000E-7
46.075001	-3.910391E-7
46.080002	-2.260786E-7
46.084999	-2.007000E-7
46.095001	-2.302695E-7
46.099998	-1.838198E-7
46.105000	-2.302695E-7
46.110001	-2.133893E-7
46.115002	-3.064051E-7
46.125000	-3.698515E-7
46.130001	-4.332978E-7
46.134998	-3.317837E-7
46.139999	-4.798640E-7
46.145000	-6.236369E-7
46.154999	-4.798640E-7
46.160000	-2.048910E-7
46.165001	-2.472661E-7
46.169998	-2.175802E-7
46.174999	-1.753215E-7
46.185001	-2.091983E-7
46.189999	-3.444729E-7
46.195000	-2.429588E-7
46.200001	-1.838198E-7
46.205002	-2.979068E-7
46.215000	-3.275927E-7
46.220001	-4.586764E-7
46.224998	-5.009351E-7
46.230000	-5.221227E-7
46.235001	-4.840549E-7
46.244999	-3.952300E-7
46.250000	-1.922017E-7
46.255001	-4.882459E-7
46.259998	-2.641464E-7
46.264999	-2.091983E-7
46.275002	-2.768356E-7
46.279999	-2.048910E-7
46.285000	-5.136244E-7
46.290001	-3.022142E-7
46.294998	-3.359746E-7
46.305000	-5.390029E-7
46.310001	-5.348120E-7
46.314999	-3.783498E-7
46.320000	-4.798640E-7
46.325001	-6.024493E-7
46.334999	-5.982583E-7
46.340000	-4.755566E-7
46.345001	-3.190944E-7
46.349998	-2.683373E-7
46.355000	-5.261973E-8
46.365002	-1.965091E-7
46.369999	-1.457520E-7
46.375000	-2.345769E-7
46.380001	-4.037283E-7
46.384998	-2.133893E-7
46.395000	-3.359746E-7
46.400002	-4.164176E-7
46.404999	-5.475013E-7
46.410000	-7.081544E-7
46.415001	-4.417961E-7
46.424999	-2.768356E-7
46.430000	-5.179318E-7
46.435001	-3.190944E-7
46.439999	-2.683373E-7
46.445000	-2.599554E-7
46.455002	-1.626322E-7
46.459999	-3.994210E-7
46.465000	-2.218876E-7
46.470001	-2.260786E-7
46.474998	-2.853340E-7
46.485001	-3.783498E-7
46.490002	-3.190944E-7
46.494999	-5.813781E-7
46.500000	-4.840549E-7
46.505001	-3.232853E-7
46.514999	-3.825407E-7
46.520000	-4.544854E-7
46.525002	-1.922017E-7
46.529999	-5.009351E-7
46.535000	-2.302695E-7
46.544998	-2.048910E-7
46.549999	-1.668232E-7
46.555000	-2.175802E-7
46.560001	-4.501780E-7
46.564999	-3.444729E-7
46.575001	-4.417961E-7
46.580002	-4.332978E-7
46.584999	-4.755566E-7
46.590000	-5.855691E-7
46.595001	-6.236369E-7
46.605000	-3.783498E-7
46.610001	-4.164176E-7
46.615002	-4.079193E-7
46.619999	-3.275927E-7
46.625000	-1.372537E-7
46.634998	-3.064051E-7
46.639999	-3.571622E-7
46.645000	-1.753215E-7
46.650002	-2.514571E-7
46.654999	-3.783498E-7
46.665001	-3.529713E-7
46.669998	-5.221227E-7
46.674999	-7.208437E-7
46.680000	-4.798640E-7
46.685001	-5.686888E-7
46.695000	-3.275927E-7
46.700001	-3.359746E-7
46.705002	-3.698515E-7
46.709999	-3.190944E-7
46.715000	-2.048910E-7
46.724998	-1.541339E-7
46.730000	-4.423782E-8
46.735001	-1.965091E-7
46.740002	-3.190944E-7
46.744999	-2.895249E-7
46.755001	-4.755566E-7
46.759998	-4.544854E-7
46.764999	-4.882459E-7
46.770000	-4.459871E-7
46.775002	-5.009351E-7
46.785000	-5.052425E-7
46.790001	-3.317837E-7
46.794998	-2.895249E-7
46.799999	-2.726447E-7
46.805000	-3.571622E-7
46.814999	-2.768356E-7
46.820000	-2.007000E-7
46.825001	-1.626322E-7
46.830002	-1.711305E-7
46.834999	-4.079193E-7
46.845001	-3.105961E-7
46.849998	-3.656605E-7
46.855000	-4.332978E-7
46.860001	-4.671747E-7
46.865002	-5.009351E-7
46.875000	-4.206086E-7
46.880001	-4.164176E-7
46.884998	-3.190944E-7
46.889999	-4.671747E-7
46.895000	-2.133893E-7
46.904999	-1.838198E-7
46.910000	-1.711305E-7
46.915001	-1.626322E-7
46.919998	-1.880107E-7
46.924999	-3.867317E-7
46.935001	-4.121102E-7
46.939999	-6.532064E-7
46.945000	-5.221227E-7
46.950001	-4.713656E-7
46.955002	-4.121102E-7
46.965000	-5.052425E-7
46.970001	-4.164176E-7
46.974998	-2.768356E-7
46.980000	-3.149034E-7
46.985001	-8.230563E-8
46.994999	-1.626322E-7
47.000000	-3.022142E-7
47.005001	-2.726447E-7
47.009998	-1.880107E-7
47.014999	-4.079193E-7
47.025002	-2.429588E-7
47.029999	-4.628673E-7
47.035000	-5.601905E-7
47.040001	-5.475013E-7
47.044998	-5.643815E-7
47.055000	-2.895249E-7
47.060001	-3.740424E-7
47.064999	-4.501780E-7
47.070000	-3.064051E-7
47.080002	-3.190944E-7
47.084999	-8.649658E-8
47.090000	-1.372537E-7
47.095001	-1.880107E-7
47.099998	-3.993046E-8
47.110001	-4.417961E-7
47.115002	-3.190944E-7
47.119999	-3.613532E-7
47.125000	-5.179318E-7
47.130001	-5.855691E-7
47.139999	-4.544854E-7
47.145000	-6.109476E-7
47.150002	-4.374888E-7
47.154999	-3.656605E-7
47.160000	-4.417961E-7
47.169998	-2.556480E-7
47.174999	-1.965091E-7
47.180000	-1.753215E-7
47.185001	-1.245644E-7
47.189999	-1.880107E-7
47.200001	-2.556480E-7
47.205002	-2.472661E-7
47.209999	-3.656605E-7
47.215000	-3.952300E-7
47.220001	-5.728798E-7
47.230000	-3.317837E-7
47.235001	-4.925532E-7
47.240002	-4.755566E-7
47.244999	-3.022142E-7
47.250000	-4.459871E-7
47.259998	-2.260786E-7
47.264999	-3.359746E-7
47.270000	-2.599554E-7
47.275002	-2.091983E-7
47.279999	-2.853340E-7
47.290001	-2.091983E-7
47.294998	-3.613532E-7
47.299999	-3.359746E-7
47.305000	-3.529713E-7
47.310001	-3.910391E-7
47.320000	-4.544854E-7
47.325001	-5.009351E-7
47.330002	-4.544854E-7
47.334999	-5.136244E-7
47.340000	-2.091983E-7
47.349998	-2.007000E-7
47.355000	-2.007000E-7
47.360001	-2.133893E-7
47.365002	-1.880107E-7
47.369999	-2.175802E-7
47.380001	-1.795124E-7
47.384998	-2.979068E-7
47.389999	-3.444729E-7
47.395000	-4.755566E-7
47.400002	-4.206086E-7
47.410000	-4.291069E-7
47.415001	-4.037283E-7
47.419998	-4.164176E-7
47.424999	-4.882459E-7
47.430000	-3.105961E-7
47.439999	-3.149034E-7
47.445000	-1.838198E-7
47.450001	-3.993046E-8
47.455002	-1.753215E-7
47.459999	-2.556480E-7
47.470001	-2.556480E-7
47.474998	-5.516922E-7
47.480000	-3.740424E-7
47.485001	-3.740424E-7
47.490002	-3.740424E-7
47.500000	-3.022142E-7
47.505001	-5.940674E-7
47.509998	-4.628673E-7
47.514999	-2.429588E-7
47.520000	-3.275927E-7
47.529999	-2.810266E-7
47.535000	-1.584413E-7
47.540001	-3.486639E-7
47.544998	-1.245644E-7
47.549999	-2.429588E-7
47.560001	-2.175802E-7
47.564999	-1.457520E-7
47.570000	-3.910391E-7
47.575001	-5.601905E-7
47.580002	-4.925532E-7
47.590000	-5.009351E-7
47.595001	-4.121102E-7
47.599998	-4.925532E-7
47.605000	-5.094334E-7
47.610001	-3.571622E-7
47.619999	-4.417961E-7
47.625000	-1.372537E-7
47.630001	-1.838198E-7
47.634998	-3.022142E-7
47.639999	-2.218876E-7
47.650002	-6.961636E-8
47.654999	-3.825407E-7
47.660000	-3.149034E-7
47.665001	-3.064051E-7
47.669998	-4.164176E-7
47.680000	-4.671747E-7
47.685001	-4.840549E-7
47.689999	-3.190944E-7
47.695000	-4.291069E-7
47.700001	-3.825407E-7
47.709999	-3.022142E-7
47.715000	-3.317837E-7
47.720001	-2.048910E-7
47.724998	-2.218876E-7
47.730000	-2.387678E-7
47.740002	-2.302695E-7
47.744999	-3.656605E-7
47.750000	-3.529713E-7
47.755001	-3.783498E-7
47.759998	-4.417961E-7
47.770000	-5.390029E-7
47.775002	-5.179318E-7
47.779999	-5.855691E-7
47.785000	-5.136244E-7
47.790001	-4.037283E-7
47.799999	-3.486639E-7
47.805000	-9.068754E-8
47.810001	-1.753215E-7
47.814999	-1.838198E-7
47.820000	-2.175802E-7
47.830002	-1.965091E-7
47.834999	-3.783498E-7
47.840000	-2.556480E-7
47.845001	-2.895249E-7
47.849998	-3.783498E-7
47.860001	-4.840549E-7
47.865002	-4.840549E-7
47.869999	-3.190944E-7
47.875000	-4.713656E-7
47.880001	-4.079193E-7
47.889999	-2.218876E-7
47.895000	-1.838198E-7
47.900002	-2.979068E-7
47.904999	-2.599554E-7
47.910000	-4.882459E-7
47.919998	-1.330627E-7
47.924999	-2.937159E-7
47.930000	-3.613532E-7
47.935001	-3.232853E-7
47.939999	-4.164176E-7
47.950001	-5.475013E-7
47.955002	-4.459871E-7
47.959999	-3.317837E-7
47.965000	-4.037283E-7
47.970001	-3.952300E-7
47.980000	-3.444729E-7
47.985001	-4.121102E-7
47.990002	-1.668232E-7
47.994999	-1.499429E-7
48.000000	-2.937159E-7
48.009998	-2.302695E-7
48.014999	-2.345769E-7
48.020000	-3.529713E-7
48.025002	-3.064051E-7
48.029999	-4.079193E-7
48.040001	-4.206086E-7
48.044998	-4.291069E-7
48.049999	-4.755566E-7
48.055000	-4.501780E-7
48.060001	-3.571622E-7
48.070000	-3.529713E-7
48.075001	-1.076842E-7
48.080002	-2.514571E-7
48.084999	-2.979068E-7
48.090000	-2.810266E-7
48.099998	-2.937159E-7
48.105000	-1.457520E-7
48.110001	-2.302695E-7
48.115002	-3.190944E-7
48.119999	-4.459871E-7
48.130001	-5.179318E-7
48.134998	-4.967442E-7
48.139999	-6.024493E-7
48.145000	-3.613532E-7
48.150002	-5.263137E-7
48.160000	-3.275927E-7
48.165001	-2.683373E-7
48.169998	-1.880107E-7
48.174999	-1.414446E-7
48.180000	-2.175802E-7
48.189999	-1.455192E-8
48.195000	-3.317837E-7
48.200001	-1.033768E-7
48.205002	-3.529713E-7
48.209999	-3.190944E-7
48.220001	-4.586764E-7
48.224998	-4.291069E-7
48.230000	-4.332978E-7
48.235001	-4.798640E-7
48.240002	-3.783498E-7
48.250000	-3.952300E-7
48.255001	-2.599554E-7
48.259998	-2.683373E-7
48.264999	-2.305023E-8
48.270000	-2.133893E-7
48.279999	-1.118751E-7
48.285000	-1.880107E-7
48.290001	-2.048910E-7
48.294998	-3.190944E-7
48.299999	-3.149034E-7
48.310001	-4.332978E-7
48.314999	-4.713656E-7
48.320000	-5.770708E-7
48.325001	-4.544854E-7
48.330002	-2.726447E-7
48.340000	-2.895249E-7
48.345001	-3.402820E-7
48.349998	-6.111804E-8
48.355000	-2.726447E-7
48.360001	-1.414446E-7
48.369999	-3.149034E-7
48.375000	-1.838198E-7
48.380001	-1.668232E-7
48.384998	-3.149034E-7
48.389999	-3.783498E-7
48.400002	-4.247995E-7
48.404999	-5.009351E-7
48.410000	-5.982583E-7
48.415001	-4.332978E-7
48.419998	-4.374888E-7
48.430000	-3.190944E-7
48.435001	-2.726447E-7
48.439999	-1.838198E-7
48.445000	-1.711305E-7
48.450001	-2.768356E-7
48.459999	-1.965091E-7
48.465000	-1.287553E-7
48.470001	-1.922017E-7
48.474998	-3.190944E-7
48.485001	-2.937159E-7
48.490002	-5.221227E-7
48.494999	-4.671747E-7
48.500000	-4.713656E-7
48.505001	-4.164176E-7
48.514999	-3.698515E-7
48.520000	-3.613532E-7
48.525002	-2.895249E-7
48.529999	-3.359746E-7
48.535000	-2.345769E-7
48.544998	-1.118751E-7
48.549999	-3.190944E-7
48.555000	-2.724119E-8
48.560001	-3.190944E-7
48.564999	-3.064051E-7
48.575001	-2.979068E-7
48.580002	-4.164176E-7
48.584999	-5.897600E-7
48.590000	-4.121102E-7
48.595001	-4.586764E-7
48.605000	-4.206086E-7
48.610001	-3.613532E-7
48.615002	-3.190944E-7
48.619999	-3.910391E-7
48.625000	-1.880107E-7
48.634998	-1.795124E-7
48.639999	-1.541339E-7
48.645000	-2.853340E-7
48.650002	-2.007000E-7
48.654999	-2.472661E-7
48.665001	-1.499429E-7
48.669998	-4.374888E-7
48.674999	-4.417961E-7
48.680000	-2.937159E-7
48.685001	-3.613532E-7
48.695000	-5.348120E-7
48.700001	-3.867317E-7
48.705002	-3.232853E-7
48.709999	-2.429588E-7
48.715000	-3.064051E-7
48.724998	-1.795124E-7
48.730000	-1.457520E-7
48.735001	-2.514571E-7
48.740002	-2.007000E-7
48.744999	-9.918585E-8
48.755001	-3.529713E-7
48.759998	-4.079193E-7
48.764999	-4.713656E-7
48.770000	-5.601905E-7
48.775002	-5.559996E-7
48.785000	-4.037283E-7
48.790001	-5.136244E-7
48.794998	-3.064051E-7
48.799999	-2.514571E-7
48.805000	-2.007000E-7
48.814999	-3.573950E-8
48.820000	-1.838198E-7
48.825001	-1.880107E-7
48.830002	-1.880107E-7
48.834999	-1.584413E-7
48.845001	-3.105961E-7
48.849998	-4.121102E-7
48.855000	-4.037283E-7
48.860001	-3.022142E-7
48.865002	-3.105961E-7
48.875000	-5.136244E-7
48.880001	-2.429588E-7
48.884998	-2.683373E-7
48.889999	-2.895249E-7
48.895000	-3.402820E-7
48.904999	-2.514571E-7
48.910000	-3.359746E-7
48.915001	-1.076842E-7
48.919998	-2.810266E-7
48.924999	-7.799827E-8
48.935001	-3.275927E-7
48.939999	-3.317837E-7
48.945000	-4.206086E-7
48.950001	-5.390029E-7
48.955002	-3.952300E-7
48.965000	-5.643815E-7
48.970001	-5.475013E-7
48.974998	-3.149034E-7
48.980000	-2.599554E-7
48.985001	-2.429588E-7
48.994999	-1.668232E-7
49.000000	-2.302695E-7
49.005001	-1.541339E-7
49.009998	-1.287553E-7
49.014999	-2.048910E-7
49.025002	-2.345769E-7
49.029999	-3.275927E-7
49.035000	-2.514571E-7
49.040001	-5.686888E-7
49.044998	-5.601905E-7
49.055000	-4.713656E-7
49.060001	-3.698515E-7
49.064999	-3.571622E-7
49.070000	-2.175802E-7
49.075001	-2.007000E-7
49.084999	-1.922017E-7
49.090000	-1.245644E-7
49.095001	-2.683373E-7
49.099998	-2.641464E-7
49.105000	-2.853340E-7
49.115002	-3.149034E-7
49.119999	-3.529713E-7
49.125000	-2.472661E-7
49.130001	-4.417961E-7
49.134998	-4.798640E-7
49.145000	-2.726447E-7
49.150002	-2.853340E-7
49.154999	-3.698515E-7
49.160000	-2.641464E-7
49.165001	-3.064051E-7
49.174999	-2.514571E-7
49.180000	-2.556480E-7
49.185001	-1.372537E-7
49.189999	-2.302695E-7
49.195000	-2.133893E-7
49.205002	-2.218876E-7
49.209999	-1.541339E-7
49.215000	-3.149034E-7
49.220001	-4.713656E-7
49.224998	-4.206086E-7
49.235001	-4.713656E-7
49.240002	-4.586764E-7
49.244999	-3.656605E-7
49.250000	-3.275927E-7
49.255001	-4.291069E-7
49.264999	-1.541339E-7
49.270000	-1.330627E-7
49.275002	2.351590E-8
49.279999	-2.007000E-7
49.285000	-1.838198E-7
49.294998	-1.965091E-7
49.299999	-1.541339E-7
49.305000	-6.278278E-7
49.310001	-4.037283E-7
49.314999	-4.247995E-7
49.325001	-2.853340E-7
49.330002	-2.895249E-7
49.334999	-3.994210E-7
49.340000	-2.895249E-7
49.345001	-2.175802E-7
49.355000	-1.584413E-7
49.360001	-2.387678E-7
49.365002	-2.810266E-7
49.369999	-1.457520E-7
49.375000	-1.584413E-7
49.384998	-3.825407E-7
49.389999	-1.457520E-7
49.395000	-4.417961E-7
49.400002	-4.501780E-7
49.404999	-4.206086E-7
49.415001	-4.164176E-7
49.419998	-3.910391E-7
49.424999	-3.529713E-7
49.430000	-3.064051E-7
49.435001	-2.937159E-7
49.445000	-2.175802E-7
49.450001	-2.302695E-7
49.455002	-1.711305E-7
49.459999	-2.683373E-7
49.465000	-1.838198E-7
49.474998	-1.795124E-7
49.480000	-2.810266E-7
49.485001	-3.105961E-7
49.490002	-3.994210E-7
49.494999	-2.472661E-7
49.505001	-5.348120E-7
49.509998	-3.783498E-7
49.514999	-3.825407E-7
49.520000	-3.444729E-7
49.525002	-4.247995E-7
49.535000	-1.584413E-7
49.540001	-2.091983E-7
49.544998	-4.247995E-7
49.549999	-9.068754E-8
49.555000	-2.937159E-7
49.564999	-2.091983E-7
49.570000	-2.133893E-7
49.575001	-2.979068E-7
49.580002	-3.740424E-7
49.584999	-4.291069E-7
49.595001	-5.643815E-7
49.599998	-5.009351E-7
49.605000	-3.656605E-7
49.610001	-3.994210E-7
49.615002	-2.726447E-7
49.625000	-2.726447E-7
49.630001	-2.302695E-7
49.634998	-1.457520E-7
49.639999	1.082662E-8
49.645000	-1.033768E-7
49.654999	-4.925532E-7
49.660000	-3.317837E-7
49.665001	-2.853340E-7
49.669998	-3.571622E-7
49.674999	-5.728798E-7
49.685001	-5.813781E-7
49.689999	-4.459871E-7
49.695000	-6.109476E-7
49.700001	-4.967442E-7
49.705002	-2.726447E-7
49.715000	-3.064051E-7
49.720001	-3.022142E-7
49.724998	-1.795124E-7
49.730000	-1.160661E-7
49.735001	-1.541339E-7
49.744999	-2.218876E-7
49.750000	-1.965091E-7
49.755001	-1.457520E-7
49.759998	-4.755566E-7
49.764999	-4.755566E-7
49.775002	-4.332978E-7
49.779999	-5.348120E-7
49.785000	-4.501780E-7
49.790001	-3.064051E-7
49.794998	-4.164176E-7
49.805000	-2.937159E-7
49.810001	-6.961636E-8
49.814999	-2.556480E-7
49.820000	1.082662E-8
49.825001	-1.499429E-7
49.834999	-1.457520E-7
49.840000	-3.867317E-7
49.845001	-2.599554E-7
49.849998	-3.656605E-7
49.860001	-5.686888E-7
49.865002	-5.643815E-7
49.869999	-5.813781E-7
49.875000	-3.825407E-7
49.880001	-3.402820E-7
49.889999	-1.330627E-7
49.895000	-2.472661E-7
49.900002	-2.175802E-7
49.904999	-1.838198E-7
49.910000	-1.626322E-7
49.919998	-1.838198E-7
49.924999	-3.275927E-7
49.930000	-2.726447E-7
49.935001	-2.937159E-7
49.939999	-2.345769E-7
49.950001	-4.206086E-7
49.955002	-3.952300E-7
49.959999	-4.628673E-7
49.965000	-6.827759E-7
49.970001	-3.402820E-7
49.980000	-3.359746E-7
49.985001	-2.472661E-7
49.990002	-2.007000E-7
49.994999	2.328306E-9
50.000000	-9.499490E-8
50.009998	-1.372537E-7
50.014999	-1.838198E-7
50.020000	-4.882459E-7
50.025002	-4.374888E-7
50.029999	-4.628673E-7
50.040001	-3.740424E-7
50.044998	-2.683373E-7
50.049999	-4.037283E-7
50.055000	-4.332978E-7
50.060001	-4.206086E-7
50.070000	-3.105961E-7
50.075001	-2.599554E-7
50.080002	-1.330627E-7
50.084999	-1.965091E-7
50.090000	-9.918585E-8
50.099998	-7.380731E-8
50.105000	-8.230563E-8
50.110001	-1.457520E-7
50.115002	-2.472661E-7
50.119999	-2.726447E-7
50.130001	-2.218876E-7
50.134998	-3.656605E-7
50.139999	-5.559996E-7
50.145000	-2.599554E-7
50.150002	-3.867317E-7
50.160000	-4.206086E-7
50.165001	-1.372537E-7
50.169998	-2.091983E-7
50.174999	-1.753215E-7
50.180000	-9.068754E-8
50.189999	-8.649658E-8
50.195000	-6.170012E-9
50.200001	-1.753215E-7
50.205002	-2.768356E-7
50.209999	-4.164176E-7
50.220001	-3.149034E-7
50.224998	-5.263137E-7
50.230000	-3.698515E-7
50.235001	-3.952300E-7
50.240002	-2.260786E-7
50.250000	-2.175802E-7
50.255001	-4.037283E-7
50.259998	-1.795124E-7
50.264999	-1.499429E-7
50.270000	-1.880107E-7
50.279999	-1.711305E-7
50.285000	-2.599554E-7
50.290001	-2.218876E-7
50.294998	-2.599554E-7
50.299999	-3.022142E-7
50.310001	-2.345769E-7
50.314999	-5.263137E-7
50.320000	-5.306210E-7
50.325001	-3.867317E-7
50.330002	-4.206086E-7
50.340000	-3.698515E-7
50.345001	-2.260786E-7
50.349998	-3.783498E-7
50.355000	-1.499429E-7
50.360001	-1.245644E-7
50.369999	-2.007000E-7
50.375000	-1.118751E-7
50.380001	-1.414446E-7
50.384998	-2.218876E-7
50.389999	-2.260786E-7
50.400002	-2.683373E-7
50.404999	-4.374888E-7
50.410000	-4.206086E-7
50.415001	-2.599554E-7
50.419998	-4.840549E-7
50.430000	-3.486639E-7
50.435001	-3.825407E-7
50.439999	-3.022142E-7
50.445000	-2.514571E-7
50.450001	-1.668232E-7
50.459999	-8.649658E-8
50.465000	-8.230563E-8
50.470001	-1.414446E-7
50.474998	-2.133893E-7
50.480000	-3.064051E-7
50.490002	-3.529713E-7
50.494999	-3.698515E-7
50.500000	-4.332978E-7
50.505001	-4.079193E-7
50.509998	-5.475013E-7
50.520000	-4.925532E-7
50.525002	-2.895249E-7
50.529999	-3.698515E-7
50.535000	-1.541339E-7
50.540001	-6.111804E-8
50.549999	-1.330627E-7
50.555000	-2.048910E-7
50.560001	-1.036096E-8
50.564999	-3.994210E-7
50.570000	-2.641464E-7
50.580002	-2.979068E-7
50.584999	-4.374888E-7
50.590000	-4.079193E-7
50.595001	-5.348120E-7
50.599998	-3.656605E-7
50.610001	-4.247995E-7
50.615002	-2.726447E-7
50.619999	-2.091983E-7
50.625000	-2.305023E-8
50.630001	-2.091983E-7
50.639999	-1.287553E-7
50.645000	-1.414446E-7
50.650002	-1.584413E-7
50.654999	-1.965091E-7
50.660000	-2.599554E-7
50.669998	-2.641464E-7
50.674999	-3.529713E-7
50.680000	-3.656605E-7
50.685001	-2.853340E-7
50.689999	-2.556480E-7
50.700001	-3.656605E-7
50.705002	-2.979068E-7
50.709999	-1.330627E-7
50.715000	-3.275927E-7
50.720001	-7.799827E-8
50.730000	-1.626322E-7
50.735001	-1.330627E-7
50.740002	-1.862645E-9
50.744999	-2.979068E-7
50.750000	-2.895249E-7
50.759998	-1.245644E-7
50.764999	-4.206086E-7
50.770000	-3.613532E-7
50.775002	-5.263137E-7
50.779999	-3.994210E-7
50.790001	-3.952300E-7
50.794998	-3.571622E-7
50.799999	-4.164176E-7
50.805000	-1.885928E-8
50.810001	-1.287553E-7
50.820000	-2.556480E-7
50.825001	-1.076842E-7
50.830002	-1.922017E-7
50.834999	-4.423782E-8
50.840000	-2.726447E-7
50.849998	-2.853340E-7
50.855000	-4.037283E-7
50.860001	-4.798640E-7
50.865002	-4.247995E-7
50.869999	-5.516922E-7
50.880001	-4.882459E-7
50.884998	-3.105961E-7
50.889999	-2.768356E-7
50.895000	-2.641464E-7
50.900002	-1.414446E-7
50.910000	-8.649658E-8
50.915001	-9.499490E-8
50.919998	-1.076842E-7
50.924999	-1.372537E-7
50.930000	-6.111804E-8
50.939999	-2.091983E-7
50.945000	-3.149034E-7
50.950001	-3.740424E-7
50.955002	-4.713656E-7
50.959999	-3.783498E-7
50.970001	-3.232853E-7
50.974998	-2.768356E-7
50.980000	-1.203734E-7
50.985001	-2.091983E-7
50.990002	-2.048910E-7
51.000000	-8.649658E-8
51.005001	-8.230563E-8
51.009998	-1.499429E-7
51.014999	-2.726447E-7
51.020000	-2.683373E-7
51.029999	-2.048910E-7
51.035000	-3.698515E-7
51.040001	-4.121102E-7
51.044998	-2.218876E-7
51.049999	-4.121102E-7
51.060001	-4.671747E-7
51.064999	-1.457520E-7
51.070000	-2.302695E-7
51.075001	-2.048910E-7
51.080002	-2.175802E-7
51.090000	-2.007000E-7
51.095001	-1.753215E-7
51.099998	-2.048910E-7
51.105000	-1.330627E-7
51.110001	-6.530900E-8
51.119999	-2.302695E-7
51.125000	-2.768356E-7
51.130001	-3.952300E-7
51.134998	-4.501780E-7
51.139999	-5.306210E-7
51.150002	-4.121102E-7
51.154999	-3.571622E-7
51.160000	-1.076842E-7
51.165001	-3.571622E-7
51.169998	-2.048910E-7
51.180000	-1.330627E-7
51.185001	-6.961636E-8
51.189999	-1.414446E-7
51.195000	-1.626322E-7
51.200001	-2.260786E-7
51.209999	-2.937159E-7
51.215000	-3.232853E-7
51.220001	-3.064051E-7
51.224998	-2.218876E-7
51.235001	-4.247995E-7
51.240002	-3.317837E-7
51.244999	-4.586764E-7
51.250000	-2.387678E-7
51.255001	-2.345769E-7
51.264999	-1.203734E-7
51.270000	-7.380731E-8
51.275002	-4.842877E-8
51.279999	-2.472661E-7
51.285000	-1.584413E-7
51.294998	-2.387678E-7
51.299999	-3.698515E-7
51.305000	-3.317837E-7
51.310001	-3.359746E-7
51.314999	-3.571622E-7
51.325001	-4.121102E-7
51.330002	-4.121102E-7
51.334999	-3.149034E-7
51.340000	-3.867317E-7
51.345001	-3.613532E-7
51.355000	2.328306E-9
51.360001	-2.556480E-7
51.365002	-1.118751E-7
51.369999	-6.111804E-8
51.375000	-1.711305E-7
51.384998	-5.261973E-8
51.389999	-2.345769E-7
51.395000	-3.867317E-7
51.400002	-2.726447E-7
51.404999	-4.882459E-7
51.415001	-3.402820E-7
51.419998	-3.740424E-7
51.424999	-4.925532E-7
51.430000	-3.910391E-7
51.435001	-3.571622E-7
51.445000	-2.345769E-7
51.450001	-2.429588E-7
51.455002	-1.076842E-7
51.459999	-1.922017E-7
51.465000	-7.380731E-8
51.474998	-2.768356E-7
51.480000	-5.692709E-8
51.485001	-1.753215E-7
51.490002	-3.105961E-7
51.494999	-5.009351E-7
51.505001	-4.037283E-7
51.509998	-3.656605E-7
51.514999	-3.064051E-7
51.520000	-2.895249E-7
51.525002	-1.880107E-7
51.535000	-2.345769E-7
51.540001	-8.230563E-8
51.544998	4.877802E-8
51.549999	-9.068754E-8
51.555000	-1.414446E-7
51.564999	-1.584413E-7
51.570000	-2.007000E-7
51.575001	-2.302695E-7
51.580002	-3.402820E-7
51.584999	-3.105961E-7
51.595001	-3.190944E-7
51.599998	-2.599554E-7
51.605000	-3.402820E-7
51.610001	-1.330627E-7
51.615002	-2.175802E-7
51.625000	-1.584413E-7
51.630001	-6.111804E-8
51.634998	-3.994210E-7
51.639999	-1.330627E-7
51.645000	-2.429588E-7
51.654999	-7.799827E-8
51.660000	-3.573950E-8
51.665001	-2.599554E-7
51.669998	-3.359746E-7
51.674999	-3.910391E-7
51.685001	-4.544854E-7
51.689999	-3.190944E-7
51.695000	-2.810266E-7
51.700001	-3.613532E-7
51.705002	-3.444729E-7
51.715000	-1.372537E-7
51.720001	-2.345769E-7
51.724998	7.846393E-8
51.730000	-1.033768E-7
51.735001	-3.154855E-8
51.744999	-7.799827E-8
51.750000	-3.149034E-7
51.755001	-2.514571E-7
51.759998	-2.979068E-7
51.764999	-4.164176E-7
51.775002	-4.037283E-7
51.779999	-2.937159E-7
51.785000	-3.994210E-7
51.790001	-2.514571E-7
51.794998	-1.965091E-7
51.805000	-8.649658E-8
51.810001	-1.330627E-7
51.814999	-2.133893E-7
51.820000	-8.230563E-8
51.825001	-9.499490E-8
51.834999	7.846393E-8
51.840000	-2.472661E-7
51.845001	-3.190944E-7
51.849998	-2.302695E-7
51.855000	-3.783498E-7
51.865002	-2.260786E-7
51.869999	-3.317837E-7
51.875000	-3.825407E-7
51.880001	-2.853340E-7
51.884998	-3.952300E-7
51.895000	-2.979068E-7
51.900002	-1.160661E-7
51.904999	-6.530900E-8
51.910000	-9.499490E-8
51.915001	-1.076842E-7
51.924999	-4.423782E-8
51.930000	-5.261973E-8
51.935001	-2.387678E-7
51.939999	-1.668232E-7
51.945000	-3.656605E-7
51.955002	-3.317837E-7
51.959999	-3.486639E-7
51.965000	-2.726447E-7
51.970001	-1.584413E-7
51.974998	-2.472661E-7
51.985001	-1.330627E-7
51.990002	-1.499429E-7
51.994999	-5.692709E-8
52.000000	-2.305023E-8
52.005001	-6.530900E-8
52.014999	-4.423782E-8
52.020000	-5.692709E-8
52.025002	-2.302695E-7
52.029999	-1.203734E-7
52.035000	-1.203734E-7
52.044998	-3.317837E-7
52.049999	-3.444729E-7
52.055000	-4.840549E-7
52.060001	-2.768356E-7
52.064999	-3.359746E-7
52.075001	-2.007000E-7
52.080002	-3.022142E-7
52.084999	-4.423782E-8
52.090000	-6.111804E-8
52.095001	-1.885928E-8
52.105000	1.165317E-7
52.110001	-1.885928E-8
52.115002	-2.472661E-7
52.119999	-3.149034E-7
52.125000	-3.022142E-7
52.134998	-4.206086E-7
52.139999	-2.683373E-7
52.145000	-3.105961E-7
52.150002	-3.486639E-7
52.154999	-1.711305E-7
52.165001	-2.175802E-7
52.169998	7.415656E-8
52.174999	-1.330627E-7
52.180000	-3.154855E-8
52.185001	1.376029E-7
52.195000	-1.203734E-7
52.200001	1.165317E-7
52.205002	-1.076842E-7
52.209999	-1.711305E-7
52.215000	-2.556480E-7
52.224998	-4.079193E-7
52.230000	-3.402820E-7
52.235001	-3.275927E-7
52.240002	-2.007000E-7
52.244999	-2.472661E-7
52.255001	-1.795124E-7
52.259998	1.501758E-8
52.264999	-1.036096E-8
52.270000	1.249136E-7
52.275002	1.545995E-7
52.285000	1.501758E-8
52.290001	-6.111804E-8
52.294998	-5.692709E-8
52.299999	-2.175802E-7
52.305000	-1.414446E-7
52.314999	-2.302695E-7
52.320000	-2.556480E-7
52.325001	-2.260786E-7
52.330002	-2.345769E-7
52.334999	-3.105961E-7
52.345001	-2.048910E-7
52.349998	-2.387678E-7
52.355000	-1.626322E-7
52.360001	9.115320E-8
52.365002	-1.033768E-7
52.375000	-5.692709E-8
52.380001	-4.842877E-8
52.384998	6.519258E-9
52.389999	-5.261973E-8
52.395000	-5.692709E-8
52.404999	-2.305023E-8
52.410000	-2.260786E-7
52.415001	-3.656605E-7
52.419998	-2.768356E-7
52.424999	-2.007000E-7
52.435001	-7.799827E-8
52.439999	-1.203734E-7
52.445000	9.534415E-8
52.450001	-6.111804E-8
52.455002	9.115320E-8
52.465000	6.996561E-8
52.470001	2.222368E-7
52.474998	5.308539E-8
52.480000	-2.724119E-8
52.485001	-1.036096E-8
52.494999	-1.753215E-7
52.500000	-5.261973E-8
52.505001	-2.514571E-7
52.509998	-1.414446E-7
52.514999	-1.245644E-7
52.525002	-2.218876E-7
52.529999	-3.154855E-8
52.535000	1.926674E-7
52.540001	4.458707E-8
52.544998	6.577466E-8
52.555000	1.799781E-7
52.560001	1.122244E-7
52.564999	8.265488E-8
52.570000	1.501758E-8
52.575001	-1.753215E-7
52.584999	-9.918585E-8
52.590000	-2.260786E-7
52.595001	-1.118751E-7
52.599998	2.351590E-8
52.605000	-9.068754E-8
52.615002	-1.885928E-8
52.619999	-4.423782E-8
52.625000	1.376029E-7
52.630001	1.292210E-7
52.639999	1.545995E-7
52.645000	1.883600E-7
52.650002	3.406312E-7
52.654999	1.292210E-7
52.660000	6.146729E-8
52.669998	6.996561E-8
52.674999	-8.230563E-8
52.680000	9.953510E-8
52.685001	-1.118751E-7
52.689999	-6.961636E-8
52.700001	-1.414446E-7
52.705002	4.039612E-8
52.709999	1.122244E-7
52.715000	1.334120E-7
52.720001	1.926674E-7
52.730000	3.110617E-7
52.735001	2.686866E-7
52.740002	1.502922E-7
52.744999	2.010493E-7
52.750000	3.152527E-7
52.759998	3.194436E-7
52.764999	7.846393E-8
52.770000	-6.170012E-9
52.775002	-8.230563E-8
52.779999	5.727634E-8
52.790001	-6.111804E-8
52.794998	-3.154855E-8
52.799999	3.608875E-8
52.805000	8.265488E-8
52.810001	2.898742E-7
52.820000	3.745081E-7
52.825001	3.998866E-7
52.830002	5.351612E-7
52.834999	3.745081E-7
52.840000	3.660098E-7
52.849998	2.940651E-7
52.855000	1.545995E-7
52.860001	2.433080E-7
52.865002	2.222368E-7
52.869999	8.684583E-8
52.880001	1.799781E-7
52.884998	1.968583E-7
52.889999	1.799781E-7
52.895000	3.364403E-7
52.900002	5.690381E-7
52.910000	3.745081E-7
52.915001	3.660098E-7
52.919998	5.012844E-7
52.924999	6.577466E-7
52.930000	3.067544E-7
52.939999	4.082685E-7
52.945000	4.844042E-7
52.950001	2.053566E-7
52.955002	1.672888E-7
52.959999	2.603047E-7
52.970001	4.970934E-7
52.974998	4.294561E-7
52.980000	3.998866E-7
52.985001	6.196788E-7
52.990002	4.802132E-7
53.000000	6.239861E-7
53.005001	7.296912E-7
53.009998	4.717149E-7
53.014999	7.085036E-7
53.020000	5.732290E-7
53.029999	6.577466E-7
53.035000	7.761410E-7
53.040001	6.154878E-7
53.044998	4.759058E-7
53.049999	6.747432E-7
53.060001	4.548347E-7
53.064999	5.647307E-7
53.070000	7.001217E-7
53.075001	7.255003E-7
53.080002	7.338822E-7
53.090000	8.776551E-7
53.095001	9.157229E-7
53.099998	1.106062E-6
53.105000	9.918585E-7
53.110001	9.369105E-7
53.119999	7.719500E-7
53.125000	8.480856E-7
53.130001	6.704358E-7
53.134998	9.073410E-7
53.139999	6.789342E-7
53.150002	8.015195E-7
53.154999	8.692732E-7
53.160000	7.592607E-7
53.165001	9.664800E-7
53.169998	1.067994E-6
53.180000	1.110253E-6
53.185001	1.194887E-6
53.189999	1.431676E-6
53.195000	1.287903E-6
53.200001	1.296401E-6
53.209999	1.279404E-6
53.215000	1.237146E-6
53.220001	1.046807E-6
53.224998	9.960495E-7
53.230000	1.106062E-6
53.240002	9.454088E-7
53.244999	1.271022E-6
53.250000	1.406297E-6
53.255001	1.245644E-6
53.259998	1.452863E-6
53.270000	1.575449E-6
53.275002	1.554261E-6
53.279999	1.647393E-6
53.285000	1.651584E-6
53.290001	1.660082E-6
53.299999	1.740409E-6
53.305000	1.571258E-6
53.310001	1.647393E-6
53.314999	1.588138E-6
53.320000	1.541572E-6
53.330002	1.630397E-6
53.334999	1.693843E-6
53.340000	1.583947E-6
53.345001	1.799548E-6
53.349998	1.934939E-6
53.360001	1.926441E-6
53.365002	2.154848E-6
53.369999	2.104091E-6
53.375000	2.095592E-6
53.380001	2.256245E-6
53.389999	2.226676E-6
53.395000	2.226676E-6
53.400002	2.175919E-6
53.404999	2.163230E-6
53.410000	2.146349E-6
53.419998	2.154848E-6
53.424999	2.252054E-6
53.430000	2.298621E-6
53.435001	2.446584E-6
53.439999	2.471963E-6
53.450001	2.569286E-6
53.455002	2.886401E-6
53.459999	2.801768E-6
53.465000	2.894900E-6
53.470001	3.004796E-6
53.480000	2.822955E-6
53.485001	2.882211E-6
53.490002	2.979417E-6
53.494999	2.903282E-6
53.500000	3.000605E-6
53.509998	2.784887E-6
53.514999	3.025983E-6
53.520000	3.055553E-6
53.525002	3.013294E-6
53.529999	3.283960E-6
53.540001	3.351597E-6
53.544998	3.524940E-6
53.549999	3.761728E-6
53.555000	3.685593E-6
53.560001	3.529130E-6
53.570000	3.892812E-6
53.575001	3.732159E-6
53.580002	3.770227E-6
53.584999	3.723660E-6
53.590000	3.766036E-6
53.599998	3.846362E-6
53.605000	3.656023E-6
53.610001	4.040892E-6
53.615002	4.277681E-6
53.619999	4.256493E-6
53.630001	4.277681E-6
53.634998	4.577916E-6
53.639999	4.599104E-6
53.645000	4.717498E-6
53.650002	4.844391E-6
53.660000	5.085371E-6
53.665001	4.802016E-6
53.669998	4.768255E-6
53.674999	4.802016E-6
53.680000	5.068490E-6
53.689999	5.093869E-6
53.695000	5.072681E-6
53.700001	4.899339E-6
53.705002	5.246140E-6
53.709999	5.427981E-6
53.720001	5.609822E-6
53.724998	5.757785E-6
53.730000	5.910057E-6
53.735001	6.168033E-6
53.740002	6.108778E-6
53.750000	6.239861E-6
53.755001	6.239861E-6
53.759998	6.252551E-6
53.764999	6.366754E-6
53.770000	6.392132E-6
53.779999	6.556977E-6
53.785000	6.459770E-6
53.790001	6.666989E-6
53.794998	6.785383E-6
53.799999	7.165945E-6
53.810001	7.068738E-6
53.814999	7.297029E-6
53.820000	7.487368E-6
53.825001	7.610070E-6
53.830002	7.804600E-6
53.840000	7.965253E-6
53.845001	8.020201E-6
53.849998	8.189352E-6
53.855000	8.079456E-6
53.860001	8.159783E-6
53.869999	8.476898E-6
53.875000	8.358504E-6
53.880001	8.544535E-6
53.884998	8.510775E-6
53.889999	8.865958E-6
53.900002	9.064795E-6
53.904999	9.352341E-6
53.910000	9.546871E-6
53.915001	9.652576E-6
53.919998	9.817421E-6
53.930000	1.002895E-5
53.935001	1.010508E-5
53.939999	1.003733E-5
53.945000	1.013884E-5
53.950001	1.026154E-5
53.959999	1.043908E-5
53.965000	1.084933E-5
53.970001	1.076900E-5
53.974998	1.082814E-5
53.980000	1.111999E-5
53.990002	1.140754E-5
53.994999	1.162745E-5
54.000000	1.187273E-5
54.005001	1.211802E-5
54.014999	1.235900E-5
54.020000	1.248589E-5
54.025002	1.255353E-5
54.029999	1.269311E-5
54.035000	1.288764E-5
54.044998	1.310324E-5
54.049999	1.330208E-5
54.055000	1.322594E-5
54.060001	1.353037E-5
54.064999	1.369952E-5
54.075001	1.405482E-5
54.080002	1.437613E-5
54.084999	1.466798E-5
54.090000	1.482863E-5
54.095001	1.506973E-5
54.105000	1.565751E-5
54.110001	1.558557E-5
54.115002	1.576741E-5
54.119999	1.591968E-5
54.125000	1.585204E-5
54.134998	1.625379E-5
54.139999	1.640606E-5
54.145000	1.670630E-5
54.150002	1.672737E-5
54.154999	1.697696E-5
54.165001	1.736602E-5
54.169998	1.773390E-5
54.174999	1.803832E-5
54.180000	1.830899E-5
54.185001	1.862191E-5
54.195000	1.899409E-5
54.200001	1.925626E-5
54.205002	1.967489E-5
54.209999	1.965382E-5
54.215000	1.975102E-5
54.224998	2.017815E-5
54.230000	2.043194E-5
54.235001	2.048258E-5
54.240002	2.085895E-5
54.244999	2.097315E-5
54.255001	2.146373E-5
54.259998	2.186128E-5
54.264999	2.217421E-5
54.270000	2.242788E-5
54.275002	2.294802E-5
54.285000	2.309179E-5
54.290001	2.355280E-5
54.294998	2.396724E-5
54.299999	2.417865E-5
54.305000	2.419553E-5
54.314999	2.468191E-5
54.320000	2.499484E-5
54.325001	2.521474E-5
54.330002	2.571370E-5
54.334999	2.570520E-5
54.345001	2.627191E-5
54.349998	2.647494E-5
54.355000	2.704584E-5
54.360001	2.731220E-5
54.365002	2.775621E-5
54.375000	2.831023E-5
54.380001	2.878811E-5
54.384998	2.929138E-5
54.389999	2.923212E-5
54.395000	2.962968E-5
54.404999	2.999336E-5
54.410000	3.039930E-5
54.415001	3.056426E-5
54.419998	3.079255E-5
54.424999	3.110548E-5
54.435001	3.168907E-5
54.439999	3.257289E-5
54.445000	3.280549E-5
54.450001	3.321993E-5
54.455002	3.352435E-5
54.465000	3.421365E-5
54.470001	3.458164E-5
54.474998	3.537245E-5
54.480000	3.548234E-5
54.485001	3.600249E-5
54.494999	3.661995E-5
54.500000	3.677211E-5
54.505001	3.719924E-5
54.509998	3.746571E-5
54.514999	3.789284E-5
54.525002	3.859901E-5
54.529999	3.917411E-5
54.535000	3.971125E-5
54.540001	4.016794E-5
54.544998	4.056969E-5
54.555000	4.130544E-5
54.560001	4.185946E-5
54.564999	4.247262E-5
54.570000	4.265027E-5
54.575001	4.314084E-5
54.584999	4.424877E-5
54.590000	4.436297E-5
54.595001	4.492537E-5
54.599998	4.499732E-5
54.605000	4.556810E-5
54.615002	4.620245E-5
54.619999	4.672259E-5
54.625000	4.753040E-5
54.630001	4.780525E-5
54.634998	4.845217E-5
54.645000	4.945451E-5
54.650002	4.996615E-5
54.654999	5.066395E-5
54.660000	5.126861E-5
54.665001	5.200028E-5
54.674999	5.238503E-5
54.680000	5.288410E-5
54.685001	5.381438E-5
54.689999	5.399622E-5
54.695000	5.435152E-5
54.705002	5.541288E-5
54.709999	5.598378E-5
54.715000	5.655468E-5
54.720001	5.718053E-5
54.724998	5.786144E-5
54.735001	5.893130E-5
54.740002	5.957833E-5
54.744999	6.030570E-5
54.750000	6.071164E-5
54.755001	6.178161E-5
54.764999	6.233132E-5
54.770000	6.323203E-5
54.775002	6.349850E-5
54.779999	6.424275E-5
54.785000	6.453029E-5
54.794998	6.576942E-5
54.799999	6.645871E-5
54.805000	6.713532E-5
54.810001	6.812904E-5
54.814999	6.850541E-5
54.825001	6.965990E-5
54.830002	7.049716E-5
54.834999	7.120764E-5
54.840000	7.183349E-5
54.845001	7.257354E-5
54.855000	7.388450E-5
54.860001	7.456541E-5
54.865002	7.475144E-5
54.869999	7.581711E-5
54.875000	7.637951E-5
54.884998	7.785123E-5
54.889999	7.840095E-5
54.895000	7.906067E-5
54.900002	8.016860E-5
54.904999	8.068874E-5
54.915001	8.231262E-5
54.919998	8.290471E-5
54.924999	8.363626E-5
54.930000	8.504442E-5
54.935001	8.542929E-5
54.945000	8.644420E-5
54.950001	8.734071E-5
54.955002	8.831336E-5
54.959999	8.872780E-5
54.965000	8.959044E-5
54.974998	9.096484E-5
54.980000	9.218697E-5
54.985001	9.289745E-5
54.990002	9.392505E-5
54.994999	9.435217E-5
55.005001	9.581959E-5
55.009998	9.724463E-5
55.014999	9.777327E-5
55.020000	9.881356E-5
55.025002	9.947747E-5
55.035000	0.000101
55.040001	0.000102
55.044998	0.000103
55.049999	0.000103
55.055000	0.000105
55.064999	0.000107
55.070000	0.000107
55.075001	0.000108
55.080002	0.000109
55.084999	0.000110
55.095001	0.000112
55.099998	0.000113
55.105000	0.000114
55.110001	0.000115
55.115002	0.000116
55.125000	0.000118
55.130001	0.000119
55.134998	0.000120
55.139999	0.000121
55.145000	0.000122
55.154999	0.000123
55.160000	0.000124
55.165001	0.000125
55.169998	0.000126
55.174999	0.000127
55.185001	0.000129
55.189999	0.000130
55.195000	0.000132
55.200001	0.000133
55.205002	0.000134
55.215000	0.000136
55.220001	0.000137
55.224998	0.000138
55.230000	0.000139
55.235001	0.000140
55.244999	0.000142
55.250000	0.000142
55.255001	0.000144
55.259998	0.000144
55.264999	0.000145
55.275002	0.000148
55.279999	0.000149
55.285000	0.000150
55.290001	0.000151
55.294998	0.000153
55.305000	0.000155
55.310001	0.000156
55.314999	0.000157
55.320000	0.000158
55.325001	0.000159
55.334999	0.000161
55.340000	0.000163
55.345001	0.000164
55.349998	0.000165
55.355000	0.000166
55.365002	0.000168
55.369999	0.000170
55.375000	0.000171
55.380001	0.000172
55.389999	0.000174
55.395000	0.000175
55.400002	0.000177
55.404999	0.000178
55.410000	0.000179
55.419998	0.000181
55.424999	0.000181
55.430000	0.000182
55.435001	0.000183
55.439999	0.000185
55.450001	0.000187
55.455002	0.000187
55.459999	0.000189
55.465000	0.000190
55.470001	0.000191
55.480000	0.000193
55.485001	0.000195
55.490002	0.000196
55.494999	0.000196
55.500000	0.000197
55.509998	0.000199
55.514999	0.000200
55.520000	0.000201
55.525002	0.000202
55.529999	0.000203
55.540001	0.000205
55.544998	0.000206
55.549999	0.000207
55.555000	0.000208
55.560001	0.000209
55.570000	0.000211
55.575001	0.000212
55.580002	0.000213
55.584999	0.000213
55.590000	0.000214
55.599998	0.000216
55.605000	0.000217
55.610001	0.000218
55.615002	0.000218
55.619999	0.000219
55.630001	0.000220
55.634998	0.000221
55.639999	0.000222
55.645000	0.000223
55.650002	0.000224
55.660000	0.000225
55.665001	0.000226
55.669998	0.000227
55.674999	0.000228
55.680000	0.000228
55.689999	0.000229
55.695000	0.000230
55.700001	0.000230
55.705002	0.000231
55.709999	0.000231
55.720001	0.000232
55.724998	0.000233
55.730000	0.000233
55.735001	0.000234
55.740002	0.000234
55.750000	0.000235
55.755001	0.000236
55.759998	0.000237
55.764999	0.000237
55.770000	0.000238
55.779999	0.000238
55.785000	0.000239
55.790001	0.000239
55.794998	0.000239
55.799999	0.000239
55.810001	0.000240
55.814999	0.000241
55.820000	0.000241
55.825001	0.000242
55.830002	0.000242
55.840000	0.000243
55.845001	0.000243
55.849998	0.000244
55.855000	0.000244
55.860001	0.000245
55.869999	0.000245
55.875000	0.000245
55.880001	0.000245
55.884998	0.000246
55.889999	0.000246
55.900002	0.000247
55.904999	0.000247
55.910000	0.000247
55.915001	0.000248
55.919998	0.000248
55.930000	0.000249
55.935001	0.000249
55.939999	0.000250
55.945000	0.000250
55.950001	0.000250
55.959999	0.000251
55.965000	0.000251
55.970001	0.000251
55.974998	0.000251
55.980000	0.000252
55.990002	0.000252
55.994999	0.000252
56.000000	0.000253
56.005001	0.000253
56.009998	0.000253
56.020000	0.000254
56.025002	0.000254
56.029999	0.000255
56.035000	0.000255
56.040001	0.000255
56.049999	0.000256
56.055000	0.000256
56.060001	0.000256
56.064999	0.000256
56.070000	0.000257
56.080002	0.000257
56.084999	0.000257
56.090000	0.000258
56.095001	0.000258
56.099998	0.000258
56.110001	0.000259
56.115002	0.000259
56.119999	0.000259
56.125000	0.000260
56.130001	0.000260
56.139999	0.000260
56.145000	0.000261
56.150002	0.000261
56.154999	0.000261
56.160000	0.000261
56.169998	0.000262
56.174999	0.000262
56.180000	0.000262
56.185001	0.000262
56.189999	0.000263
56.200001	0.000263
56.205002	0.000263
56.209999	0.000264
56.215000	0.000264
56.220001	0.000264
56.230000	0.000265
56.235001	0.000265
56.240002	0.000265
56.244999	0.000265
56.250000	0.000266
56.259998	0.000266
56.264999	0.000266
56.270000	0.000266
56.275002	0.000267
56.279999	0.000267
56.290001	0.000267
56.294998	0.000268
56.299999	0.000268
56.305000	0.000268
56.310001	0.000268
56.320000	0.000269
56.325001	0.000269
56.330002	0.000269
56.334999	0.000269
56.340000	0.000270
56.349998	0.000270
56.355000	0.000270
56.360001	0.000270
56.365002	0.000270
56.369999	0.000271
56.380001	0.000271
56.384998	0.000271
56.389999	0.000272
56.395000	0.000272
56.400002	0.000272
56.410000	0.000273
56.415001	0.000273
56.419998	0.000273
56.424999	0.000273
56.430000	0.000273
56.439999	0.000274
56.445000	0.000274
56.450001	0.000274
56.455002	0.000274
56.459999	0.000274
56.470001	0.000275
56.474998	0.000275
56.480000	0.000275
56.485001	0.000275
56.490002	0.000275
56.500000	0.000276
56.505001	0.000276
56.509998	0.000276
56.514999	0.000277
56.520000	0.000277
56.529999	0.000277
56.535000	0.000277
56.540001	0.000277
56.544998	0.000277
56.549999	0.000278
56.560001	0.000278
56.564999	0.000278
56.570000	0.000279
56.575001	0.000279
56.580002	0.000279
56.590000	0.000279
56.595001	0.000279
56.599998	0.000280
56.605000	0.000280
56.610001	0.000280
56.619999	0.000280
56.625000	0.000280
56.630001	0.000281
56.634998	0.000281
56.639999	0.000281
56.650002	0.000281
56.654999	0.000281
56.660000	0.000281
56.665001	0.000282
56.669998	0.000282
56.680000	0.000282
56.685001	0.000282
56.689999	0.000283
56.695000	0.000283
56.700001	0.000283
56.709999	0.000283
56.715000	0.000283
56.720001	0.000284
56.724998	0.000284
56.730000	0.000284
56.740002	0.000284
56.744999	0.000284
56.750000	0.000284
56.755001	0.000284
56.759998	0.000285
56.770000	0.000285
56.775002	0.000285
56.779999	0.000286
56.785000	0.000286
56.794998	0.000286
56.799999	0.000286
56.805000	0.000286
56.810001	0.000286
56.814999	0.000286
56.825001	0.000287
56.830002	0.000287
56.834999	0.000287
56.840000	0.000287
56.845001	0.000287
56.855000	0.000288
56.860001	0.000288
56.865002	0.000288
56.869999	0.000288
56.875000	0.000288
56.884998	0.000289
56.889999	0.000289
56.895000	0.000289
56.900002	0.000289
56.904999	0.000289
56.915001	0.000289
56.919998	0.000289
56.924999	0.000290
56.930000	0.000290
56.935001	0.000290
56.945000	0.000290
56.950001	0.000290
56.955002	0.000291
56.959999	0.000291
56.965000	0.000291
56.974998	0.000291
56.980000	0.000291
56.985001	0.000292
56.990002	0.000291
56.994999	0.000292
57.005001	0.000292
57.009998	0.000292
57.014999	0.000292
57.020000	0.000292
57.025002	0.000292
57.035000	0.000293
57.040001	0.000293
57.044998	0.000293
57.049999	0.000293
57.055000	0.000294
57.064999	0.000294
57.070000	0.000294
57.075001	0.000294
57.080002	0.000294
57.084999	0.000294
57.095001	0.000294
57.099998	0.000294
57.105000	0.000294
57.110001	0.000295
57.115002	0.000295
57.125000	0.000295
57.130001	0.000295
57.134998	0.000295
57.139999	0.000295
57.145000	0.000296
57.154999	0.000296
57.160000	0.000296
57.165001	0.000296
57.169998	0.000296
57.174999	0.000296
57.185001	0.000297
57.189999	0.000297
57.195000	0.000297
57.200001	0.000297
57.205002	0.000297
57.215000	0.000297
57.220001	0.000297
57.224998	0.000297
57.230000	0.000298
57.235001	0.000298
57.244999	0.000298
57.250000	0.000298
57.255001	0.000298
57.259998	0.000298
57.264999	0.000298
57.275002	0.000299
57.279999	0.000299
57.285000	0.000299
57.290001	0.000299
57.294998	0.000299
57.305000	0.000299
57.310001	0.000299
57.314999	0.000300
57.320000	0.000300
57.325001	0.000300
57.334999	0.000300
57.340000	0.000300
57.345001	0.000300
57.349998	0.000300
57.355000	0.000301
57.365002	0.000301
57.369999	0.000301
57.375000	0.000301
57.380001	0.000301
57.384998	0.000301
57.395000	0.000301
57.400002	0.000301
57.404999	0.000302
57.410000	0.000302
57.415001	0.000302
57.424999	0.000302
57.430000	0.000302
57.435001	0.000302
57.439999	0.000302
57.445000	0.000302
57.455002	0.000303
57.459999	0.000303
57.465000	0.000303
57.470001	0.000303
57.474998	0.000303
57.485001	0.000303
57.490002	0.000303
57.494999	0.000303
57.500000	0.000303
57.505001	0.000304
57.514999	0.000304
57.520000	0.000304
57.525002	0.000304
57.529999	0.000304
57.535000	0.000304
57.544998	0.000305
57.549999	0.000304
57.555000	0.000305
57.560001	0.000305
57.564999	0.000305
57.575001	0.000305
57.580002	0.000305
57.584999	0.000305
57.590000	0.000305
57.595001	0.000305
57.605000	0.000306
57.610001	0.000306
57.615002	0.000306
57.619999	0.000306
57.625000	0.000306
57.634998	0.000306
57.639999	0.000306
57.645000	0.000306
57.650002	0.000306
57.654999	0.000306
57.665001	0.000307
57.669998	0.000307
57.674999	0.000307
57.680000	0.000307
57.685001	0.000307
57.695000	0.000307
57.700001	0.000307
57.705002	0.000308
57.709999	0.000308
57.715000	0.000308
57.724998	0.000308
57.730000	0.000308
57.735001	0.000308
57.740002	0.000308
57.744999	0.000308
57.755001	0.000308
57.759998	0.000308
57.764999	0.000308
57.770000	0.000309
57.775002	0.000309
57.785000	0.000309
57.790001	0.000309
57.794998	0.000309
57.799999	0.000309
57.805000	0.000309
57.814999	0.000310
57.820000	0.000310
57.825001	0.000309
57.830002	0.000310
57.834999	0.000310
57.845001	0.000310
57.849998	0.000310
57.855000	0.000310
57.860001	0.000310
57.865002	0.000310
57.875000	0.000310
57.880001	0.000310
57.884998	0.000311
57.889999	0.000311
57.895000	0.000311
57.904999	0.000311
57.910000	0.000311
57.915001	0.000311
57.919998	0.000311
57.924999	0.000311
57.935001	0.000311
57.939999	0.000311
57.945000	0.000311
57.950001	0.000311
57.955002	0.000312
57.965000	0.000312
57.970001	0.000312
57.974998	0.000312
57.980000	0.000312
57.985001	0.000312
57.994999	0.000313
58.000000	0.000313
58.005001	0.000313
58.009998	0.000313
58.014999	0.000313
58.025002	0.000313
58.029999	0.000313
58.035000	0.000313
58.040001	0.000313
58.044998	0.000313
58.055000	0.000313
58.060001	0.000313
58.064999	0.000313
58.070000	0.000314
58.075001	0.000314
58.084999	0.000314
58.090000	0.000314
58.095001	0.000314
58.099998	0.000314
58.105000	0.000314
58.115002	0.000314
58.119999	0.000314
58.125000	0.000314
58.130001	0.000314
58.134998	0.000314
58.145000	0.000314
58.150002	0.000315
58.154999	0.000315
58.160000	0.000315
58.169998	0.000315
58.174999	0.000315
58.180000	0.000315
58.185001	0.000315
58.189999	0.000315
58.200001	0.000315
58.205002	0.000315
58.209999	0.000315
58.215000	0.000315
58.220001	0.000315
58.230000	0.000316
58.235001	0.000316
58.240002	0.000316
58.244999	0.000316
58.250000	0.000316
58.259998	0.000316
58.264999	0.000316
58.270000	0.000316
58.275002	0.000317
58.279999	0.000317
58.290001	0.000317
58.294998	0.000317
58.299999	0.000317
58.305000	0.000317
58.310001	0.000317
58.320000	0.000317
58.325001	0.000317
58.330002	0.000317
58.334999	0.000317
58.340000	0.000317
58.349998	0.000318
58.355000	0.000318
58.360001	0.000318
58.365002	0.000318
58.369999	0.000318
58.380001	0.000318
58.384998	0.000318
58.389999	0.000318
58.395000	0.000318
58.400002	0.000318
58.410000	0.000318
58.415001	0.000318
58.419998	0.000318
58.424999	0.000318
58.430000	0.000319
58.439999	0.000319
58.445000	0.000319
58.450001	0.000319
58.455002	0.000319
58.459999	0.000319
58.470001	0.000319
58.474998	0.000319
58.480000	0.000319
58.485001	0.000319
58.490002	0.000319
58.500000	0.000319
58.505001	0.000319
58.509998	0.000319
58.514999	0.000319
58.520000	0.000320
58.529999	0.000320
58.535000	0.000320
58.540001	0.000320
58.544998	0.000320
58.549999	0.000320
58.560001	0.000320
58.564999	0.000320
58.570000	0.000320
58.575001	0.000320
58.580002	0.000320
58.590000	0.000320
58.595001	0.000320
58.599998	0.000320
58.605000	0.000320
58.610001	0.000321
58.619999	0.000321
58.625000	0.000321
58.630001	0.000321
58.634998	0.000321
58.639999	0.000321
58.650002	0.000321
58.654999	0.000321
58.660000	0.000321
58.665001	0.000321
58.669998	0.000321
58.680000	0.000321
58.685001	0.000321
58.689999	0.000321
58.695000	0.000321
58.700001	0.000322
58.709999	0.000322
58.715000	0.000322
58.720001	0.000322
58.724998	0.000322
58.730000	0.000322
58.740002	0.000322
58.744999	0.000322
58.750000	0.000322
58.755001	0.000322
58.759998	0.000322
58.770000	0.000322
58.775002	0.000322
58.779999	0.000322
58.785000	0.000322
58.790001	0.000323
58.799999	0.000323
58.805000	0.000323
58.810001	0.000323
58.814999	0.000323
58.820000	0.000323
58.830002	0.000323
58.834999	0.000323
58.840000	0.000323
58.845001	0.000323
58.849998	0.000323
58.860001	0.000323
58.865002	0.000323
58.869999	0.000323
58.875000	0.000324
58.880001	0.000324
58.889999	0.000324
58.895000	0.000324
58.900002	0.000324
58.904999	0.000324
58.910000	0.000324
58.919998	0.000324
58.924999	0.000324
58.930000	0.000324
58.935001	0.000324
58.939999	0.000324
58.950001	0.000324
58.955002	0.000324
58.959999	0.000324
58.965000	0.000324
58.970001	0.000324
58.980000	0.000325
58.985001	0.000325
58.990002	0.000325
58.994999	0.000325
59.000000	0.000325
59.009998	0.000325
59.014999	0.000325
59.020000	0.000325
59.025002	0.000325
59.029999	0.000325
59.040001	0.000325
59.044998	0.000325
59.049999	0.000325
59.055000	0.000325
59.060001	0.000325
59.070000	0.000325
59.075001	0.000325
59.080002	0.000326
59.084999	0.000326
59.090000	0.000326
59.099998	0.000326
59.105000	0.000326
59.110001	0.000326
59.115002	0.000326
59.119999	0.000326
59.130001	0.000326
59.134998	0.000326
59.139999	0.000326
59.145000	0.000326
59.150002	0.000326
59.160000	0.000326
59.165001	0.000326
59.169998	0.000326
59.174999	0.000327
59.180000	0.000327
59.189999	0.000327
59.195000	0.000327
59.200001	0.000327
59.205002	0.000327
59.209999	0.000327
59.220001	0.000327
59.224998	0.000327
59.230000	0.000327
59.235001	0.000327
59.240002	0.000327
59.250000	0.000327
59.255001	0.000327
59.259998	0.000327
59.264999	0.000327
59.270000	0.000327
59.279999	0.000328
59.285000	0.000328
59.290001	0.000328
59.294998	0.000328
59.299999	0.000328
59.310001	0.000328
59.314999	0.000328
59.320000	0.000328
59.325001	0.000328
59.330002	0.000328
59.340000	0.000328
59.345001	0.000328
59.349998	0.000328
59.355000	0.000328
59.360001	0.000328
59.369999	0.000328
59.375000	0.000328
59.380001	0.000328
59.384998	0.000329
59.389999	0.000329
59.400002	0.000329
59.404999	0.000329
59.410000	0.000329
59.415001	0.000329
59.419998	0.000328
59.430000	0.000329
59.435001	0.000329
59.439999	0.000329
59.445000	0.000329
59.450001	0.000329
59.459999	0.000329
59.465000	0.000329
59.470001	0.000329
59.474998	0.000329
59.480000	0.000329
59.490002	0.000329
59.494999	0.000329
59.500000	0.000329
59.505001	0.000329
59.509998	0.000329
59.520000	0.000329
59.525002	0.000329
59.529999	0.000329
59.535000	0.000330
59.544998	0.000330
59.549999	0.000330
59.555000	0.000330
59.560001	0.000330
59.564999	0.000330
59.575001	0.000330
59.580002	0.000330
59.584999	0.000330
59.590000	0.000330
59.595001	0.000330
59.605000	0.000330
59.610001	0.000330
59.615002	0.000330
59.619999	0.000330
59.625000	0.000330
59.634998	0.000330
59.639999	0.000330
59.645000	0.000330
59.650002	0.000331
59.654999	0.000331
59.665001	0.000331
59.669998	0.000331
59.674999	0.000331
59.680000	0.000331
59.685001	0.000331
59.695000	0.000331
59.700001	0.000331
59.705002	0.000331
59.709999	0.000331
59.715000	0.000331
59.724998	0.000331
59.730000	0.000331
59.735001	0.000331
59.740002	0.000331
59.744999	0.000331
59.755001	0.000331
59.759998	0.000331
59.764999	0.000331
59.770000	0.000331
59.775002	0.000331
59.785000	0.000331
59.790001	0.000331
59.794998	0.000331
59.799999	0.000331
59.805000	0.000332
59.814999	0.000332
59.820000	0.000332
59.825001	0.000332
59.830002	0.000332
59.834999	0.000332
59.845001	0.000332
59.849998	0.000332
59.855000	0.000332
59.860001	0.000332
59.865002	0.000332
59.875000	0.000332
59.880001	0.000332
59.884998	0.000332
59.889999	0.000332
59.895000	0.000332
59.904999	0.000332
59.910000	0.000332
59.915001	0.000332
59.919998	0.000332
59.924999	0.000332
59.935001	0.000333
59.939999	0.000333
59.945000	0.000333
59.950001	0.000333
59.955002	0.000333
59.965000	0.000333
59.970001	0.000333
59.974998	0.000333
59.980000	0.000333
59.985001	0.000333
59.994999	0.000333
60.000000	0.000333
