% Langmuir characteristic curve

% U (Volt)	I (A)
45.500000	-4.671747E-7
45.505001	-6.828923E-7
45.509998	-4.544854E-7
45.520000	-4.376052E-7
45.525002	-5.306210E-7
45.529999	-5.559996E-7
45.535000	-4.544854E-7
45.540001	-2.303859E-7
45.549999	-2.260786E-7
45.555000	-1.457520E-7
45.560001	-1.626322E-7
45.564999	-1.542503E-7
45.570000	-1.372537E-7
45.580002	-2.387678E-7
45.584999	-2.853340E-7
45.590000	-4.037283E-7
45.595001	-4.629837E-7
45.599998	-3.065215E-7
45.610001	-4.122267E-7
45.615002	-2.726447E-7
45.619999	-3.149034E-7
45.625000	-3.319001E-7
45.630001	-3.445894E-7
45.639999	-2.684537E-7
45.645000	-2.218876E-7
45.650002	-1.245644E-7
45.654999	-2.811430E-7
45.660000	-5.094334E-7
45.669998	-1.034932E-7
45.674999	-3.487803E-7
45.680000	-4.459871E-7
45.685001	-5.982583E-7
45.689999	-4.502945E-7
45.700001	-2.895249E-7
45.705002	-3.319001E-7
45.709999	-4.586764E-7
45.715000	-2.641464E-7
45.720001	-2.726447E-7
45.730000	-2.514571E-7
45.735001	-1.626322E-7
45.740002	-1.753215E-7
45.744999	2.339948E-8
45.750000	-1.923181E-7
45.759998	-3.234018E-7
45.764999	-3.656605E-7
45.770000	-4.164176E-7
45.775002	-3.234018E-7
45.779999	-3.910391E-7
45.790001	-4.080357E-7
45.794998	-4.376052E-7
45.799999	-4.249159E-7
45.805000	-5.855691E-7
45.810001	-1.415610E-7
45.820000	-2.557645E-7
45.825001	-1.457520E-7
45.830002	-2.768356E-7
45.834999	-2.007000E-7
45.840000	-1.330627E-7
45.849998	-2.938323E-7
45.855000	-2.726447E-7
45.860001	-3.529713E-7
45.865002	-4.206086E-7
45.869999	-5.094334E-7
45.880001	-5.813781E-7
45.884998	-4.376052E-7
45.889999	-4.206086E-7
45.895000	-3.783498E-7
45.900002	-4.417961E-7
45.910000	-4.423782E-8
45.915001	-2.303859E-7
45.919998	-2.726447E-7
45.924999	-1.034932E-7
45.930000	-1.203734E-7
45.939999	-1.542503E-7
45.945000	-4.756730E-7
45.950001	-2.768356E-7
45.955002	-3.910391E-7
45.959999	-5.518086E-7
45.970001	-5.094334E-7
45.974998	-4.164176E-7
45.980000	-4.206086E-7
45.985001	-3.529713E-7
45.990002	-1.669396E-7
46.000000	-2.007000E-7
46.005001	-1.838198E-7
46.009998	-1.118751E-7
46.014999	-2.980232E-7
46.020000	-2.853340E-7
46.029999	-2.218876E-7
46.035000	-2.684537E-7
46.040001	-1.499429E-7
46.044998	-5.094334E-7
46.049999	-4.376052E-7
46.060001	-5.264301E-7
46.064999	-4.376052E-7
46.070000	-4.544854E-7
46.075001	-3.783498E-7
46.080002	-3.192108E-7
46.090000	-4.854519E-8
46.095001	-1.288718E-7
46.099998	-2.218876E-7
46.105000	2.339948E-8
46.110001	-2.768356E-7
46.119999	-6.542541E-8
46.125000	-1.330627E-7
46.130001	-3.741588E-7
46.134998	-4.291069E-7
46.139999	-4.249159E-7
46.150002	-4.586764E-7
46.154999	-3.910391E-7
46.160000	-4.925532E-7
46.165001	-3.360910E-7
46.169998	-2.811430E-7
46.180000	-3.360910E-7
46.185001	-1.965091E-7
46.189999	-6.170012E-9
46.195000	-9.080395E-8
46.205002	-2.472661E-7
46.209999	-1.711305E-7
46.215000	-3.149034E-7
46.220001	-2.684537E-7
46.224998	-4.037283E-7
46.235001	-4.544854E-7
46.240002	-4.925532E-7
46.244999	-5.728798E-7
46.250000	-4.080357E-7
46.255001	-2.050074E-7
46.264999	-4.291069E-7
46.270000	-2.557645E-7
46.275002	-1.711305E-7
46.279999	-7.392373E-8
46.285000	-1.499429E-7
46.294998	-2.980232E-7
46.299999	-1.753215E-7
46.305000	-3.192108E-7
46.310001	-2.811430E-7
46.314999	-5.433103E-7
46.325001	-4.459871E-7
46.330002	-5.898764E-7
46.334999	-4.502945E-7
46.340000	-4.249159E-7
46.345001	-2.345769E-7
46.355000	-3.065215E-7
46.360001	-2.430752E-7
46.365002	-1.288718E-7
46.369999	-1.626322E-7
46.375000	-2.260786E-7
46.384998	-1.076842E-7
46.389999	-1.880107E-7
46.395000	-2.260786E-7
46.400002	-3.360910E-7
46.404999	-4.080357E-7
46.415001	-4.586764E-7
46.419998	-3.953464E-7
46.424999	-4.206086E-7
46.430000	-2.980232E-7
46.435001	-4.037283E-7
46.445000	-3.022142E-7
46.450001	-3.360910E-7
46.455002	-1.711305E-7
46.459999	-2.050074E-7
46.465000	-1.880107E-7
46.474998	-7.811468E-8
46.480000	-3.402820E-7
46.485001	-1.753215E-7
46.490002	-4.586764E-7
46.494999	-3.445894E-7
46.505001	-3.529713E-7
46.509998	-6.321352E-7
46.514999	-3.656605E-7
46.520000	-5.391194E-7
46.525002	-4.249159E-7
46.535000	-4.332978E-7
46.540001	-3.910391E-7
46.544998	-2.599554E-7
46.549999	-9.930227E-8
46.555000	-1.965091E-7
46.564999	-7.811468E-8
46.570000	-1.245644E-7
46.575001	-2.133893E-7
46.580002	-4.206086E-7
46.584999	-2.684537E-7
46.595001	-2.641464E-7
46.599998	-4.756730E-7
46.605000	-4.544854E-7
46.610001	-4.883623E-7
46.615002	-6.363261E-7
46.625000	-3.529713E-7
46.630001	-4.332978E-7
46.634998	-1.542503E-7
46.639999	-1.034932E-7
46.645000	-1.923181E-7
46.654999	-8.661300E-8
46.660000	-1.626322E-7
46.665001	-2.895249E-7
46.669998	-3.107125E-7
46.674999	-4.502945E-7
46.685001	-3.614696E-7
46.689999	-4.376052E-7
46.695000	-4.502945E-7
46.700001	-5.982583E-7
46.705002	-3.614696E-7
46.715000	-2.599554E-7
46.720001	-4.206086E-7
46.724998	-2.557645E-7
46.730000	1.071021E-8
46.735001	-1.542503E-7
46.744999	-2.980232E-7
46.750000	-1.542503E-7
46.755001	-3.275927E-7
46.759998	-2.938323E-7
46.764999	-2.811430E-7
46.775002	-5.010515E-7
46.779999	-4.459871E-7
46.785000	-4.080357E-7
46.790001	-5.137408E-7
46.794998	-4.967442E-7
46.805000	-4.756730E-7
46.810001	-2.853340E-7
46.814999	-2.260786E-7
46.820000	-1.626322E-7
46.825001	-1.669396E-7
46.834999	-1.330627E-7
46.840000	-1.245644E-7
46.845001	-1.047738E-8
46.849998	-2.260786E-7
46.855000	-2.980232E-7
46.865002	-3.319001E-7
46.869999	-3.529713E-7
46.875000	-3.910391E-7
46.880001	-4.376052E-7
46.884998	-3.572786E-7
46.895000	-4.332978E-7
46.900002	-2.387678E-7
46.904999	-2.472661E-7
46.910000	-3.360910E-7
46.915001	-2.050074E-7
46.924999	-1.330627E-7
46.930000	-1.118751E-7
46.935001	-1.499429E-7
46.939999	-2.260786E-7
46.945000	-4.037283E-7
46.955002	-3.445894E-7
46.959999	-2.726447E-7
46.965000	-3.953464E-7
46.970001	-5.094334E-7
46.974998	-2.641464E-7
46.985001	-4.164176E-7
46.990002	-2.938323E-7
46.994999	-2.768356E-7
47.000000	-3.149034E-7
47.005001	-1.626322E-7
47.014999	-1.584413E-7
47.020000	-1.880107E-7
47.025002	-6.170012E-9
47.029999	-2.557645E-7
47.035000	-2.980232E-7
47.044998	-2.218876E-7
47.049999	-3.910391E-7
47.055000	-3.995374E-7
47.060001	-4.459871E-7
47.064999	-3.699679E-7
47.075001	-4.417961E-7
47.080002	-4.967442E-7
47.084999	-3.868481E-7
47.090000	-2.735760E-8
47.095001	-1.965091E-7
47.105000	-1.047738E-8
47.110001	2.211891E-9
47.115002	-1.203734E-7
47.119999	-1.880107E-7
47.125000	-2.641464E-7
47.134998	-3.868481E-7
47.139999	-4.967442E-7
47.145000	-5.855691E-7
47.150002	-5.433103E-7
47.154999	-2.726447E-7
47.165001	-5.221227E-7
47.169998	-3.360910E-7
47.174999	-2.980232E-7
47.180000	-1.499429E-7
47.185001	-1.034932E-7
47.195000	-6.961636E-8
47.200001	-7.392373E-8
47.205002	-2.430752E-7
47.209999	-1.499429E-7
47.215000	-4.249159E-7
47.224998	-3.192108E-7
47.230000	-3.953464E-7
47.235001	-4.840549E-7
47.240002	-6.067567E-7
47.244999	-2.726447E-7
47.255001	-5.010515E-7
47.259998	-3.402820E-7
47.264999	-2.980232E-7
47.270000	-1.796288E-7
47.275002	-1.838198E-7
47.285000	-1.076842E-7
47.290001	-7.811468E-8
47.294998	-7.811468E-8
47.299999	-2.050074E-7
47.305000	-2.895249E-7
47.314999	-2.387678E-7
47.320000	-5.306210E-7
47.325001	-4.417961E-7
47.330002	-4.840549E-7
47.334999	-3.783498E-7
47.345001	-4.332978E-7
47.349998	-5.221227E-7
47.355000	-2.514571E-7
47.360001	-3.192108E-7
47.365002	-2.218876E-7
47.375000	-1.161825E-7
47.380001	-3.149034E-7
47.384998	-1.753215E-7
47.389999	-1.330627E-7
47.395000	-2.091983E-7
47.404999	-3.487803E-7
47.410000	-3.953464E-7
47.415001	-4.502945E-7
47.419998	-4.840549E-7
47.424999	-4.798640E-7
47.435001	-3.487803E-7
47.439999	-4.080357E-7
47.445000	-2.726447E-7
47.450001	-3.107125E-7
47.455002	-1.626322E-7
47.465000	-1.880107E-7
47.470001	-1.711305E-7
47.474998	-1.711305E-7
47.480000	-1.034932E-7
47.485001	-2.007000E-7
47.494999	-2.472661E-7
47.500000	-4.206086E-7
47.505001	-2.768356E-7
47.509998	-5.940674E-7
47.514999	-3.783498E-7
47.525002	-3.572786E-7
47.529999	-5.306210E-7
47.535000	-3.107125E-7
47.540001	-3.529713E-7
47.544998	-3.065215E-7
47.555000	-1.626322E-7
47.560001	-1.034932E-7
47.564999	-1.372537E-7
47.570000	-1.584413E-7
47.580002	-2.514571E-7
47.584999	-3.065215E-7
47.590000	-5.475013E-7
47.595001	-5.559996E-7
47.599998	-5.010515E-7
47.610001	-3.699679E-7
47.615002	-5.348120E-7
47.619999	-3.275927E-7
47.625000	-2.345769E-7
47.630001	-3.953464E-7
47.639999	-2.735760E-8
47.645000	-2.811430E-7
47.650002	3.608875E-8
47.654999	-1.372537E-7
47.660000	-2.091983E-7
47.669998	-3.741588E-7
47.674999	-3.022142E-7
47.680000	-4.164176E-7
47.685001	-2.726447E-7
47.689999	-5.264301E-7
47.700001	-4.332978E-7
47.705002	-6.025657E-7
47.709999	-4.586764E-7
47.715000	-3.065215E-7
47.720001	-2.768356E-7
47.730000	-3.192108E-7
47.735001	-2.345769E-7
47.740002	-8.230563E-8
47.744999	-7.811468E-8
47.750000	-1.880107E-7
47.759998	-2.895249E-7
47.764999	-9.930227E-8
47.770000	-3.741588E-7
47.775002	-5.644979E-7
47.779999	-4.840549E-7
47.790001	-4.925532E-7
47.794998	-4.671747E-7
47.799999	-3.319001E-7
47.805000	-3.572786E-7
47.810001	-2.726447E-7
47.820000	-1.711305E-7
47.825001	-1.838198E-7
47.830002	4.877802E-8
47.834999	-8.230563E-8
47.840000	-1.542503E-7
47.849998	-2.050074E-7
47.855000	-3.022142E-7
47.860001	-1.372537E-7
47.865002	-4.122267E-7
47.869999	-4.376052E-7
47.880001	-5.264301E-7
47.884998	-5.137408E-7
47.889999	-5.601905E-7
47.895000	-3.741588E-7
47.900002	-2.303859E-7
47.910000	-3.275927E-7
47.915001	-2.091983E-7
47.919998	-1.245644E-7
47.924999	-2.768356E-7
47.930000	-1.118751E-7
47.939999	-2.980232E-7
47.945000	-3.234018E-7
47.950001	-3.741588E-7
47.955002	-3.953464E-7
47.959999	-4.459871E-7
47.970001	-5.601905E-7
47.974998	-4.122267E-7
47.980000	-3.995374E-7
47.985001	-2.853340E-7
47.990002	-1.330627E-7
48.000000	-1.711305E-7
48.005001	-8.661300E-8
48.009998	-1.626322E-7
48.014999	-2.641464E-7
48.020000	-9.499490E-8
48.029999	-1.457520E-7
48.035000	-2.345769E-7
48.040001	-2.387678E-7
48.044998	-3.529713E-7
48.049999	-4.037283E-7
48.060001	-2.557645E-7
48.064999	-3.826572E-7
48.070000	-2.641464E-7
48.075001	-3.656605E-7
48.080002	-1.457520E-7
48.090000	-2.472661E-7
48.095001	-1.203734E-7
48.099998	-1.965091E-7
48.105000	-4.854519E-8
48.110001	-2.684537E-7
48.119999	-1.923181E-7
48.125000	-2.176967E-7
48.130001	-2.430752E-7
48.134998	-3.445894E-7
48.139999	-4.291069E-7
48.150002	-2.599554E-7
48.154999	-5.559996E-7
48.160000	-2.599554E-7
48.165001	-1.838198E-7
48.169998	-2.726447E-7
48.180000	-3.022142E-7
48.185001	-1.796288E-7
48.189999	-1.499429E-7
48.195000	-3.149034E-7
48.200001	-1.415610E-7
48.209999	-1.965091E-7
48.215000	-2.472661E-7
48.220001	-3.699679E-7
48.224998	-2.768356E-7
48.230000	-4.080357E-7
48.240002	-3.699679E-7
48.244999	-5.518086E-7
48.250000	-5.137408E-7
48.255001	-3.402820E-7
48.259998	-3.741588E-7
48.270000	-2.303859E-7
48.275002	-2.176967E-7
48.279999	-6.123446E-8
48.285000	-1.161825E-7
48.290001	-2.050074E-7
48.299999	-7.811468E-8
48.305000	-1.711305E-7
48.310001	-1.034932E-7
48.314999	-4.883623E-7
48.320000	-3.741588E-7
48.330002	-4.629837E-7
48.334999	-4.037283E-7
48.340000	-5.391194E-7
48.345001	-3.826572E-7
48.349998	-2.514571E-7
48.360001	-1.034932E-7
48.365002	-1.753215E-7
48.369999	-9.499490E-8
48.375000	-8.230563E-8
48.380001	-7.392373E-8
48.389999	-1.034932E-7
48.395000	-2.007000E-7
48.400002	-3.910391E-7
48.404999	-1.372537E-7
48.410000	-3.487803E-7
48.419998	-5.686888E-7
48.424999	-4.417961E-7
48.430000	-4.164176E-7
48.435001	-3.572786E-7
48.439999	-2.811430E-7
48.450001	-2.768356E-7
48.455002	-1.288718E-7
48.459999	-1.923181E-7
48.465000	-2.895249E-7
48.470001	-2.007000E-7
48.480000	-2.684537E-7
48.485001	-1.499429E-7
48.490002	-8.661300E-8
48.494999	-4.629837E-7
48.500000	-3.529713E-7
48.509998	-3.614696E-7
48.514999	-4.164176E-7
48.520000	-4.249159E-7
48.525002	-5.306210E-7
48.529999	-2.387678E-7
48.540001	-2.557645E-7
48.544998	-1.372537E-7
48.549999	-1.838198E-7
48.555000	3.189780E-8
48.560001	-1.584413E-7
48.570000	1.920853E-8
48.575001	-2.387678E-7
48.580002	-2.726447E-7
48.584999	-2.726447E-7
48.590000	-3.699679E-7
48.599998	-3.995374E-7
48.605000	-4.502945E-7
48.610001	-4.376052E-7
48.615002	-5.010515E-7
48.619999	-3.402820E-7
48.630001	-2.938323E-7
48.634998	-2.091983E-7
48.639999	-2.684537E-7
48.645000	-1.542503E-7
48.650002	-2.599554E-7
48.660000	-1.838198E-7
48.665001	1.071021E-8
48.669998	-2.726447E-7
48.674999	-2.430752E-7
48.680000	-4.206086E-7
48.689999	-5.433103E-7
48.695000	-4.164176E-7
48.700001	-5.813781E-7
48.705002	-5.348120E-7
48.709999	-3.234018E-7
48.720001	-4.037283E-7
48.724998	-2.684537E-7
48.730000	-2.768356E-7
48.735001	-9.499490E-8
48.740002	-8.230563E-8
48.750000	-1.161825E-7
48.755001	-2.641464E-7
48.759998	-3.275927E-7
48.764999	-2.811430E-7
48.770000	-2.557645E-7
48.779999	-5.264301E-7
48.785000	-5.686888E-7
48.790001	-3.699679E-7
48.794998	-4.417961E-7
48.799999	-3.529713E-7
48.810001	-3.319001E-7
48.814999	-2.980232E-7
48.820000	-1.796288E-7
48.825001	-1.161825E-7
48.830002	-1.330627E-7
48.840000	6.996561E-8
48.845001	-2.684537E-7
48.849998	-3.022142E-7
48.855000	-3.868481E-7
48.860001	-2.938323E-7
48.869999	-4.376052E-7
48.875000	-3.868481E-7
48.880001	-4.798640E-7
48.884998	-4.249159E-7
48.889999	-3.065215E-7
48.900002	-2.641464E-7
48.904999	-2.303859E-7
48.910000	-1.415610E-7
48.915001	-2.599554E-7
48.919998	-1.118751E-7
48.930000	-4.423782E-8
48.935001	-1.499429E-7
48.939999	-1.838198E-7
48.945000	-2.345769E-7
48.950001	-4.376052E-7
48.959999	-3.826572E-7
48.965000	-5.306210E-7
48.970001	-4.798640E-7
48.974998	-4.459871E-7
48.985001	-5.306210E-7
48.990002	-3.065215E-7
48.994999	-2.557645E-7
49.000000	-2.091983E-7
49.005001	3.189780E-8
49.014999	-6.542541E-8
49.020000	-2.316665E-8
49.025002	-1.499429E-7
49.029999	-4.854519E-8
49.035000	-3.868481E-7
49.044998	-3.022142E-7
49.049999	-2.260786E-7
49.055000	-4.376052E-7
49.060001	-4.798640E-7
49.064999	-2.303859E-7
49.075001	-3.275927E-7
49.080002	-3.614696E-7
49.084999	-2.980232E-7
49.090000	-2.176967E-7
49.095001	-8.230563E-8
49.105000	-1.076842E-7
49.110001	-1.542503E-7
49.115002	-2.557645E-7
49.119999	-9.930227E-8
49.125000	-2.050074E-7
49.134998	-2.684537E-7
49.139999	-2.599554E-7
49.145000	-4.502945E-7
49.150002	-5.601905E-7
49.154999	-3.995374E-7
49.165001	-2.133893E-7
49.169998	-4.840549E-7
49.174999	-3.826572E-7
49.180000	-2.303859E-7
49.185001	-1.965091E-7
49.195000	5.727634E-8
49.200001	4.027970E-8
49.205002	-1.923181E-7
49.209999	-1.415610E-7
49.215000	-2.430752E-7
49.224998	-2.980232E-7
49.230000	-2.260786E-7
49.235001	-4.249159E-7
49.240002	-2.514571E-7
49.244999	-4.376052E-7
49.255001	-4.925532E-7
49.259998	-1.838198E-7
49.264999	-2.938323E-7
49.270000	-1.923181E-7
49.275002	-3.360910E-7
49.285000	-7.392373E-8
49.290001	-2.980232E-7
49.294998	-1.542503E-7
49.299999	-1.118751E-7
49.305000	-7.392373E-8
49.314999	-2.641464E-7
49.320000	-3.275927E-7
49.325001	-4.080357E-7
49.330002	-4.502945E-7
49.334999	-3.572786E-7
49.345001	-2.853340E-7
49.349998	-3.234018E-7
49.355000	-2.514571E-7
49.360001	-2.007000E-7
49.365002	-1.372537E-7
49.375000	-6.542541E-8
49.380001	-1.203734E-7
49.384998	-1.584413E-7
49.389999	3.608875E-8
49.395000	-2.811430E-7
49.404999	-2.768356E-7
49.410000	-4.967442E-7
49.415001	-3.953464E-7
49.419998	-3.910391E-7
49.424999	-4.376052E-7
49.435001	-3.275927E-7
49.439999	-1.626322E-7
49.445000	-2.091983E-7
49.450001	-2.218876E-7
49.455002	-1.965091E-7
49.465000	-1.457520E-7
49.470001	-1.245644E-7
49.474998	-1.372537E-7
49.480000	-1.203734E-7
49.485001	-2.133893E-7
49.494999	-2.176967E-7
49.500000	-4.122267E-7
49.505001	-3.699679E-7
49.509998	-3.910391E-7
49.514999	-3.192108E-7
49.525002	-3.614696E-7
49.529999	-4.502945E-7
49.535000	-2.133893E-7
49.540001	-2.599554E-7
49.544998	-1.245644E-7
49.555000	-3.234018E-7
49.560001	-9.080395E-8
49.564999	6.565824E-8
49.570000	-1.372537E-7
49.575001	-1.753215E-7
49.584999	-3.487803E-7
49.590000	-2.768356E-7
49.595001	-2.895249E-7
49.599998	-5.348120E-7
49.605000	-4.037283E-7
49.615002	-3.614696E-7
49.619999	-3.529713E-7
49.625000	-3.783498E-7
49.630001	-2.303859E-7
49.634998	-2.472661E-7
49.645000	-1.669396E-7
49.650002	-1.372537E-7
49.654999	-1.034932E-7
49.660000	-1.626322E-7
49.665001	-1.711305E-7
49.674999	-2.260786E-7
49.680000	-2.260786E-7
49.685001	-3.487803E-7
49.689999	-2.345769E-7
49.695000	-3.995374E-7
49.705002	-4.164176E-7
49.709999	-4.883623E-7
49.715000	-3.192108E-7
49.720001	-3.022142E-7
49.724998	-1.161825E-7
49.735001	-1.330627E-7
49.740002	-6.542541E-8
49.744999	-1.584413E-7
49.750000	-1.203734E-7
49.755001	4.458707E-8
49.764999	-2.430752E-7
49.770000	-2.303859E-7
49.775002	-3.022142E-7
49.779999	-4.164176E-7
49.785000	-4.502945E-7
49.794998	-4.376052E-7
49.799999	-3.402820E-7
49.805000	-3.192108E-7
49.810001	-1.880107E-7
49.814999	-2.768356E-7
49.825001	4.458707E-8
49.830002	-1.034932E-7
49.834999	-1.288718E-7
49.840000	-6.542541E-8
49.845001	-2.768356E-7
49.855000	-3.529713E-7
49.860001	-3.445894E-7
49.865002	-2.811430E-7
49.869999	-3.995374E-7
49.875000	-2.133893E-7
49.884998	-4.629837E-7
49.889999	-2.007000E-7
49.895000	-3.487803E-7
49.900002	-2.007000E-7
49.904999	-2.980232E-7
49.915001	-7.392373E-8
49.919998	-8.230563E-8
49.924999	-1.711305E-7
49.930000	-8.230563E-8
49.935001	6.565824E-8
49.945000	-2.303859E-7
49.950001	-2.091983E-7
49.955002	-2.895249E-7
49.959999	-3.529713E-7
49.965000	-4.291069E-7
49.974998	-3.953464E-7
49.980000	-3.572786E-7
49.985001	-3.065215E-7
49.990002	-1.118751E-7
49.994999	-1.753215E-7
50.005001	-2.387678E-7
50.009998	-6.123446E-8
50.014999	-1.034932E-7
50.020000	-2.050074E-7
50.025002	-1.076842E-7
50.035000	-9.930227E-8
50.040001	-2.050074E-7
50.044998	-8.230563E-8
50.049999	-2.641464E-7
50.055000	-4.291069E-7
50.064999	-3.699679E-7
50.070000	-3.234018E-7
50.075001	-3.656605E-7
50.080002	-2.514571E-7
50.084999	-1.711305E-7
50.095001	-1.584413E-7
50.099998	-9.499490E-8
50.105000	-8.230563E-8
50.110001	-2.176967E-7
50.115002	-8.661300E-8
50.125000	-1.372537E-7
50.130001	-2.303859E-7
50.134998	-2.303859E-7
50.139999	-3.402820E-7
50.145000	-2.218876E-7
50.154999	-3.192108E-7
50.160000	-3.656605E-7
50.165001	-4.417961E-7
50.169998	-1.880107E-7
50.174999	-1.499429E-7
50.185001	-1.626322E-7
50.189999	-5.692709E-8
50.195000	-2.735760E-8
50.200001	-7.811468E-8
50.205002	-1.880107E-7
50.215000	-2.050074E-7
50.220001	-3.585592E-8
50.224998	-3.360910E-7
50.230000	-3.022142E-7
50.235001	-4.206086E-7
50.244999	-3.953464E-7
50.250000	-3.953464E-7
50.255001	-4.502945E-7
50.259998	-3.826572E-7
50.264999	-3.783498E-7
50.275002	-9.930227E-8
50.279999	-4.423782E-8
50.285000	8.684583E-8
50.290001	-1.415610E-7
50.294998	-5.273614E-8
50.305000	-1.288718E-7
50.310001	-3.022142E-7
50.314999	-1.753215E-7
50.320000	-2.811430E-7
50.325001	-3.065215E-7
50.334999	-3.107125E-7
50.340000	-4.713656E-7
50.345001	-3.234018E-7
50.349998	-1.034932E-7
50.360001	-2.303859E-7
50.365002	-1.979060E-9
50.369999	-1.466833E-8
50.375000	2.211891E-9
50.380001	-6.542541E-8
50.389999	4.027970E-8
50.395000	2.339948E-8
50.400002	-2.303859E-7
50.404999	-3.022142E-7
50.410000	-3.065215E-7
50.419998	-1.711305E-7
50.424999	-3.402820E-7
50.430000	-1.753215E-7
50.435001	-3.275927E-7
50.439999	-2.430752E-7
50.450001	-3.529713E-7
50.455002	-1.669396E-7
50.459999	-4.854519E-8
50.465000	-1.880107E-7
50.470001	1.544831E-7
50.480000	1.164153E-7
50.485001	-3.154855E-8
50.490002	-1.499429E-7
50.494999	-1.626322E-7
50.500000	-5.855691E-7
50.509998	-2.303859E-7
50.514999	-4.459871E-7
50.520000	-2.768356E-7
50.525002	-1.245644E-7
50.529999	-2.345769E-7
50.540001	-2.599554E-7
50.544998	-2.599554E-7
50.549999	-8.661300E-8
50.555000	9.103678E-8
50.560001	4.877802E-8
50.570000	6.565824E-8
50.575001	1.417939E-7
50.580002	-9.080395E-8
50.584999	-1.457520E-7
50.590000	-1.584413E-7
50.599998	-1.584413E-7
50.605000	-2.472661E-7
50.610001	-4.629837E-7
50.615002	-2.980232E-7
50.619999	-2.472661E-7
50.630001	-1.161825E-7
50.634998	-2.387678E-7
50.639999	-1.372537E-7
50.645000	-1.118751E-7
50.650002	-6.961636E-8
50.660000	1.037261E-7
50.665001	1.920853E-8
50.669998	-1.118751E-7
50.674999	-6.961636E-8
50.680000	-1.711305E-7
50.689999	-2.133893E-7
50.695000	-3.275927E-7
50.700001	-3.107125E-7
50.705002	-2.050074E-7
50.709999	-2.133893E-7
50.720001	-1.203734E-7
50.724998	-1.885928E-8
50.730000	7.415656E-8
50.735001	6.565824E-8
50.740002	4.877802E-8
50.750000	1.207227E-7
50.755001	7.834751E-8
50.759998	-1.288718E-7
50.764999	-1.034932E-7
50.770000	5.727634E-8
50.779999	-3.149034E-7
50.785000	-2.853340E-7
50.790001	-1.711305E-7
50.794998	-1.542503E-7
50.799999	-1.965091E-7
50.810001	2.759043E-8
50.814999	1.920853E-8
50.820000	1.207227E-7
50.825001	8.684583E-8
50.830002	1.207227E-7
50.840000	1.080334E-7
50.845001	-6.170012E-9
50.849998	8.684583E-8
50.855000	-1.330627E-7
50.860001	2.339948E-8
50.869999	-1.372537E-7
50.875000	-1.415610E-7
50.880001	-1.542503E-7
50.884998	-7.811468E-8
50.889999	-1.457520E-7
50.900002	-2.303859E-7
50.904999	-9.499490E-8
50.910000	2.211891E-9
50.915001	1.629815E-7
50.919998	2.559973E-7
50.930000	2.686866E-7
50.935001	3.870809E-7
50.939999	2.306188E-7
50.945000	1.459848E-7
50.950001	9.953510E-8
50.959999	-1.076842E-7
50.965000	-1.965091E-7
50.970001	-5.273614E-8
50.974998	9.953510E-8
50.980000	-3.585592E-8
50.990002	1.122244E-7
50.994999	-1.466833E-8
51.000000	1.037261E-7
51.005001	9.103678E-8
51.009998	2.264278E-7
51.020000	3.448222E-7
51.025002	3.785826E-7
51.029999	3.321329E-7
51.035000	3.278255E-7
51.040001	1.925509E-7
51.049999	1.037261E-7
51.055000	3.189780E-8
51.060001	-6.123446E-8
51.064999	1.071021E-8
51.070000	4.027970E-8
51.080002	5.727634E-8
51.084999	2.052402E-7
51.090000	2.601882E-7
51.095001	3.363239E-7
51.099998	4.674075E-7
51.110001	4.420290E-7
51.115002	4.209578E-7
51.119999	4.082685E-7
51.125000	4.209578E-7
51.130001	1.925509E-7
51.139999	2.264278E-7
51.145000	4.251488E-7
51.150002	2.137385E-7
51.154999	2.348097E-7
51.160000	2.264278E-7
51.169998	4.336471E-7
51.174999	3.617024E-7
51.180000	2.855668E-7
51.185001	5.012844E-7
51.189999	5.096663E-7
51.200001	7.338822E-7
51.205002	6.577466E-7
51.209999	7.676426E-7
51.215000	4.166504E-7
51.220001	3.321329E-7
51.230000	5.139736E-7
51.235001	3.321329E-7
51.240002	4.293397E-7
51.244999	2.474990E-7
51.250000	4.336471E-7
51.259998	6.408663E-7
51.264999	5.393522E-7
51.270000	4.717149E-7
51.275002	9.030337E-7
51.279999	7.592607E-7
51.290001	8.818461E-7
51.294998	8.227071E-7
51.299999	8.437783E-7
51.305000	8.437783E-7
51.310001	5.901093E-7
51.320000	7.549534E-7
51.325001	8.227071E-7
51.330002	6.365590E-7
51.334999	6.873161E-7
51.340000	5.350448E-7
51.349998	7.549534E-7
51.355000	1.008739E-6
51.360001	8.776551E-7
51.365002	9.664800E-7
51.369999	1.042499E-6
51.380001	1.135631E-6
51.384998	1.050998E-6
51.389999	1.144013E-6
51.395000	1.203269E-6
51.400002	1.000240E-6
51.410000	1.110253E-6
51.415001	8.733477E-7
51.419998	8.227071E-7
51.424999	8.606585E-7
51.430000	1.161010E-6
51.439999	1.063687E-6
51.445000	1.080567E-6
51.450001	1.173699E-6
51.455002	1.194770E-6
51.459999	1.249718E-6
51.470001	1.469627E-6
51.474998	1.503504E-6
51.480000	1.499313E-6
51.485001	1.342851E-6
51.490002	1.317472E-6
51.500000	1.414679E-6
51.505001	1.376611E-6
51.509998	1.304783E-6
51.514999	1.389300E-6
51.520000	1.440058E-6
51.529999	1.397799E-6
51.535000	1.592329E-6
51.540001	1.816428E-6
51.544998	1.714914E-6
51.549999	1.867185E-6
51.560001	1.930632E-6
51.564999	1.884066E-6
51.570000	2.010958E-6
51.575001	1.862994E-6
51.580002	2.006767E-6
51.590000	2.023648E-6
51.595001	1.994078E-6
51.599998	1.892564E-6
51.605000	1.917942E-6
51.610001	1.884066E-6
51.619999	1.943321E-6
51.625000	1.977081E-6
51.630001	2.243556E-6
51.634998	2.222368E-6
51.639999	2.235058E-6
51.650002	2.476154E-6
51.654999	2.539600E-6
51.660000	2.640998E-6
51.665001	2.598739E-6
51.669998	2.649496E-6
51.680000	2.776389E-6
51.685001	2.594548E-6
51.689999	2.408517E-6
51.695000	2.649496E-6
51.700001	2.615619E-6
51.709999	2.442277E-6
51.715000	2.666377E-6
51.720001	2.759509E-6
51.724998	2.835528E-6
51.735001	3.199209E-6
51.740002	3.262656E-6
51.744999	3.478373E-6
51.750000	3.355672E-6
51.755001	3.402238E-6
51.764999	3.465684E-6
51.770000	3.465684E-6
51.775002	3.410736E-6
51.779999	3.398047E-6
51.785000	3.436115E-6
51.794998	3.677094E-6
51.799999	3.469875E-6
51.805000	3.622146E-6
51.810001	3.770110E-6
51.814999	3.901194E-6
51.825001	4.015397E-6
51.830002	4.133792E-6
51.834999	4.239497E-6
51.840000	4.273374E-6
51.845001	4.235306E-6
51.855000	4.451023E-6
51.860001	4.298752E-6
51.865002	4.442525E-6
51.869999	4.374888E-6
51.875000	4.480593E-6
51.884998	4.730071E-6
51.889999	4.725880E-6
51.895000	4.759640E-6
51.900002	4.882342E-6
51.904999	5.076872E-6
51.915001	5.123322E-6
51.919998	5.313661E-6
51.924999	5.461625E-6
51.930000	5.465932E-6
51.935001	5.546259E-6
51.945000	5.867681E-6
51.950001	5.685841E-6
51.955002	5.702721E-6
51.959999	5.808426E-6
51.965000	5.622394E-6
51.974998	5.804235E-6
51.980000	6.002956E-6
51.985001	6.100163E-6
51.990002	6.121350E-6
51.994999	6.180606E-6
52.005001	6.569666E-6
52.009998	6.781076E-6
52.014999	6.874092E-6
52.020000	6.975606E-6
52.025002	7.089810E-6
52.035000	7.153139E-6
52.040001	7.280032E-6
52.044998	7.199706E-6
52.049999	7.364666E-6
52.055000	7.322407E-6
52.064999	7.423805E-6
52.070000	7.550698E-6
52.075001	7.664901E-6
52.080002	7.791794E-6
52.084999	7.952447E-6
52.095001	8.223113E-6
52.099998	8.421834E-6
52.105000	8.717878E-6
52.110001	8.679810E-6
52.115002	8.781324E-6
52.125000	9.077252E-6
52.130001	8.984236E-6
52.134998	9.068870E-6
52.139999	9.140698E-6
52.145000	9.457930E-6
52.154999	9.398675E-6
52.160000	9.491690E-6
52.165001	9.749667E-6
52.169998	9.855372E-6
52.174999	1.009228E-5
52.185001	1.039251E-5
52.189999	1.036283E-5
52.195000	1.096760E-5
52.200001	1.096760E-5
52.205002	1.104793E-5
52.215000	1.135666E-5
52.220001	1.131010E-5
52.224998	1.140311E-5
52.230000	1.147506E-5
52.235001	1.149194E-5
52.244999	1.203327E-5
52.250000	1.196133E-5
52.255001	1.193176E-5
52.259998	1.224468E-5
52.264999	1.254922E-5
52.275002	1.281558E-5
52.279999	1.310732E-5
52.285000	1.329766E-5
52.290001	1.344574E-5
52.294998	1.358951E-5
52.305000	1.391512E-5
52.310001	1.399545E-5
52.314999	1.414772E-5
52.320000	1.399964E-5
52.325001	1.442677E-5
52.334999	1.482002E-5
52.340000	1.468475E-5
52.345001	1.492153E-5
52.349998	1.495110E-5
52.355000	1.537404E-5
52.365002	1.577148E-5
52.369999	1.609290E-5
52.375000	1.623249E-5
52.380001	1.646508E-5
52.384998	1.675682E-5
52.395000	1.697254E-5
52.400002	1.720514E-5
52.404999	1.726428E-5
52.410000	1.727697E-5
52.415001	1.764914E-5
52.424999	1.797895E-5
52.430000	1.812703E-5
52.435001	1.835532E-5
52.439999	1.853297E-5
52.445000	1.901924E-5
52.455002	1.921377E-5
52.459999	1.955207E-5
52.465000	1.948443E-5
52.470001	2.013147E-5
52.474998	2.021599E-5
52.485001	2.065161E-5
52.490002	2.108712E-5
52.494999	2.121821E-5
52.500000	2.135779E-5
52.505001	2.150156E-5
52.514999	2.170878E-5
52.520000	2.204289E-5
52.525002	2.218666E-5
52.529999	2.237700E-5
52.535000	2.276595E-5
52.544998	2.320576E-5
52.549999	2.356945E-5
52.555000	2.377247E-5
52.560001	2.418261E-5
52.564999	2.453791E-5
52.575001	2.506643E-5
52.580002	2.540904E-5
52.584999	2.557389E-5
52.590000	2.555281E-5
52.595001	2.599263E-5
52.605000	2.626749E-5
52.610001	2.670300E-5
52.615002	2.707518E-5
52.619999	2.713013E-5
52.625000	2.732046E-5
52.634998	2.800126E-5
52.639999	2.825074E-5
52.645000	2.862292E-5
52.650002	2.916844E-5
52.654999	2.940942E-5
52.665001	2.994225E-5
52.669998	3.048358E-5
52.674999	3.078801E-5
52.680000	3.086415E-5
52.685001	3.105868E-5
52.695000	3.149430E-5
52.700001	3.181142E-5
52.705002	3.207359E-5
52.709999	3.242039E-5
52.715000	3.269955E-5
52.724998	3.331271E-5
52.730000	3.377360E-5
52.735001	3.445870E-5
52.740002	3.465742E-5
52.744999	3.503379E-5
52.755001	3.580772E-5
52.759998	3.620947E-5
52.764999	3.649702E-5
52.770000	3.670424E-5
52.775002	3.706792E-5
52.785000	3.777409E-5
52.790001	3.792637E-5
52.794998	3.836607E-5
52.799999	3.845070E-5
52.805000	3.889471E-5
52.814999	4.005770E-5
52.820000	3.981241E-5
52.825001	4.066236E-5
52.830002	4.107680E-5
52.834999	4.162651E-5
52.845001	4.227774E-5
52.849998	4.280219E-5
52.855000	4.330534E-5
52.860001	4.366902E-5
52.865002	4.394387E-5
52.875000	4.458253E-5
52.880001	4.495890E-5
52.884998	4.519138E-5
52.889999	4.560582E-5
52.895000	4.604144E-5
52.904999	4.687451E-5
52.910000	4.733540E-5
52.915001	4.786404E-5
52.919998	4.830386E-5
52.924999	4.889164E-5
52.935001	4.966976E-5
52.939999	5.008839E-5
52.945000	5.079887E-5
52.950001	5.124288E-5
52.955002	5.167001E-5
52.965000	5.220284E-5
52.970001	5.281181E-5
52.974998	5.318818E-5
52.980000	5.353917E-5
52.985001	5.394511E-5
52.994999	5.487970E-5
53.000000	5.572964E-5
53.005001	5.594955E-5
53.009998	5.637668E-5
53.014999	5.715480E-5
53.025002	5.820347E-5
53.029999	5.895621E-5
53.035000	5.919300E-5
53.040001	5.987810E-5
53.044998	6.027985E-5
53.055000	6.112980E-5
53.060001	6.180641E-5
53.064999	6.213202E-5
53.070000	6.250001E-5
53.075001	6.297790E-5
53.084999	6.394205E-5
53.090000	6.452564E-5
53.095001	6.522762E-5
53.099998	6.595068E-5
53.105000	6.641168E-5
53.115002	6.758724E-5
53.119999	6.833998E-5
53.125000	6.918993E-5
53.130001	6.963406E-5
53.139999	7.062359E-5
53.145000	7.095758E-5
53.150002	7.154117E-5
53.154999	7.186679E-5
53.160000	7.274223E-5
53.169998	7.363874E-5
53.174999	7.453945E-5
53.180000	7.474667E-5
53.185001	7.538521E-5
53.189999	7.630710E-5
53.200001	7.737696E-5
53.205002	7.819734E-5
53.209999	7.884437E-5
53.215000	7.945753E-5
53.220001	8.035405E-5
53.230000	8.143240E-5
53.235001	8.182996E-5
53.240002	8.260377E-5
53.244999	8.324231E-5
53.250000	8.347072E-5
53.259998	8.481974E-5
53.264999	8.557667E-5
53.270000	8.626597E-5
53.275002	8.652394E-5
53.279999	8.778414E-5
53.290001	8.918380E-5
53.294998	8.966168E-5
53.299999	9.065121E-5
53.305000	9.107415E-5
53.310001	9.217788E-5
53.320000	9.336194E-5
53.325001	9.455020E-5
53.330002	9.468978E-5
53.334999	9.540864E-5
53.340000	9.597535E-5
53.349998	9.718048E-5
53.355000	9.807700E-5
53.360001	9.864790E-5
53.365002	9.962474E-5
53.369999	0.000100
53.380001	0.000102
53.384998	0.000103
53.389999	0.000104
53.395000	0.000104
53.400002	0.000105
53.410000	0.000106
53.415001	0.000108
53.419998	0.000108
53.424999	0.000109
53.430000	0.000109
53.439999	0.000111
53.445000	0.000112
53.450001	0.000112
53.455002	0.000114
53.459999	0.000114
53.470001	0.000115
53.474998	0.000116
53.480000	0.000117
53.485001	0.000118
53.490002	0.000119
53.500000	0.000120
53.505001	0.000122
53.509998	0.000122
53.514999	0.000123
53.520000	0.000123
53.529999	0.000125
53.535000	0.000126
53.540001	0.000127
53.544998	0.000127
53.549999	0.000128
53.560001	0.000130
53.564999	0.000130
53.570000	0.000132
53.575001	0.000133
53.580002	0.000133
53.590000	0.000135
53.595001	0.000136
53.599998	0.000138
53.605000	0.000138
53.610001	0.000139
53.619999	0.000141
53.625000	0.000141
53.630001	0.000143
53.634998	0.000143
53.639999	0.000144
53.650002	0.000146
53.654999	0.000146
53.660000	0.000148
53.665001	0.000148
53.669998	0.000149
53.680000	0.000151
53.685001	0.000152
53.689999	0.000153
53.695000	0.000153
53.700001	0.000154
53.709999	0.000156
53.715000	0.000156
53.720001	0.000157
53.724998	0.000158
53.730000	0.000159
53.740002	0.000161
53.744999	0.000162
53.750000	0.000163
53.755001	0.000163
53.759998	0.000164
53.770000	0.000166
53.775002	0.000167
53.779999	0.000168
53.785000	0.000168
53.790001	0.000169
53.799999	0.000170
53.805000	0.000171
53.810001	0.000172
53.814999	0.000173
53.820000	0.000173
53.830002	0.000175
53.834999	0.000175
53.840000	0.000176
53.845001	0.000177
53.849998	0.000178
53.860001	0.000179
53.865002	0.000180
53.869999	0.000181
53.875000	0.000181
53.880001	0.000182
53.889999	0.000183
53.895000	0.000184
53.900002	0.000185
53.904999	0.000185
53.910000	0.000186
53.919998	0.000187
53.924999	0.000188
53.930000	0.000188
53.935001	0.000189
53.939999	0.000190
53.950001	0.000191
53.955002	0.000192
53.959999	0.000192
53.965000	0.000193
53.970001	0.000193
53.980000	0.000194
53.985001	0.000194
53.990002	0.000194
53.994999	0.000195
54.000000	0.000195
54.009998	0.000196
54.014999	0.000197
54.020000	0.000197
54.025002	0.000198
54.029999	0.000198
54.040001	0.000199
54.044998	0.000200
54.049999	0.000200
54.055000	0.000201
54.060001	0.000201
54.070000	0.000201
54.075001	0.000202
54.080002	0.000202
54.084999	0.000202
54.090000	0.000202
54.099998	0.000203
54.105000	0.000203
54.110001	0.000204
54.115002	0.000204
54.119999	0.000204
54.130001	0.000205
54.134998	0.000206
54.139999	0.000206
54.145000	0.000206
54.150002	0.000206
54.160000	0.000207
54.165001	0.000207
54.169998	0.000207
54.174999	0.000207
54.180000	0.000208
54.189999	0.000208
54.195000	0.000208
54.200001	0.000209
54.205002	0.000209
54.209999	0.000209
54.220001	0.000210
54.224998	0.000210
54.230000	0.000211
54.235001	0.000211
54.240002	0.000211
54.250000	0.000211
54.255001	0.000212
54.259998	0.000212
54.264999	0.000212
54.270000	0.000212
54.279999	0.000213
54.285000	0.000213
54.290001	0.000213
54.294998	0.000213
54.299999	0.000214
54.310001	0.000214
54.314999	0.000214
54.320000	0.000215
54.325001	0.000215
54.330002	0.000215
54.340000	0.000216
54.345001	0.000216
54.349998	0.000216
54.355000	0.000216
54.360001	0.000216
54.369999	0.000217
54.375000	0.000217
54.380001	0.000217
54.384998	0.000217
54.389999	0.000218
54.400002	0.000218
54.404999	0.000218
54.410000	0.000219
54.415001	0.000219
54.419998	0.000219
54.430000	0.000219
54.435001	0.000220
54.439999	0.000220
54.445000	0.000220
54.450001	0.000220
54.459999	0.000220
54.465000	0.000220
54.470001	0.000221
54.474998	0.000221
54.480000	0.000221
54.490002	0.000221
54.494999	0.000222
54.500000	0.000222
54.505001	0.000222
54.514999	0.000223
54.520000	0.000223
54.525002	0.000223
54.529999	0.000223
54.535000	0.000223
54.544998	0.000224
54.549999	0.000224
54.555000	0.000224
54.560001	0.000224
54.564999	0.000224
54.575001	0.000225
54.580002	0.000225
54.584999	0.000225
54.590000	0.000225
54.595001	0.000225
54.605000	0.000226
54.610001	0.000226
54.615002	0.000226
54.619999	0.000226
54.625000	0.000226
54.634998	0.000227
54.639999	0.000227
54.645000	0.000227
54.650002	0.000227
54.654999	0.000227
54.665001	0.000228
54.669998	0.000228
54.674999	0.000228
54.680000	0.000228
54.685001	0.000228
54.695000	0.000229
54.700001	0.000229
54.705002	0.000229
54.709999	0.000229
54.715000	0.000230
54.724998	0.000230
54.730000	0.000230
54.735001	0.000230
54.740002	0.000230
54.744999	0.000230
54.755001	0.000230
54.759998	0.000231
54.764999	0.000231
54.770000	0.000231
54.775002	0.000231
54.785000	0.000232
54.790001	0.000232
54.794998	0.000232
54.799999	0.000232
54.805000	0.000232
54.814999	0.000232
54.820000	0.000233
54.825001	0.000233
54.830002	0.000233
54.834999	0.000233
54.845001	0.000233
54.849998	0.000233
54.855000	0.000234
54.860001	0.000234
54.865002	0.000234
54.875000	0.000234
54.880001	0.000235
54.884998	0.000234
54.889999	0.000235
54.895000	0.000235
54.904999	0.000235
54.910000	0.000235
54.915001	0.000235
54.919998	0.000235
54.924999	0.000235
54.935001	0.000236
54.939999	0.000236
54.945000	0.000236
54.950001	0.000236
54.955002	0.000236
54.965000	0.000237
54.970001	0.000237
54.974998	0.000237
54.980000	0.000237
54.985001	0.000237
54.994999	0.000237
55.000000	0.000238
55.005001	0.000238
55.009998	0.000238
55.014999	0.000238
55.025002	0.000238
55.029999	0.000238
55.035000	0.000238
55.040001	0.000238
55.044998	0.000239
55.055000	0.000239
55.060001	0.000239
55.064999	0.000239
55.070000	0.000239
55.075001	0.000240
55.084999	0.000240
55.090000	0.000240
55.095001	0.000240
55.099998	0.000240
55.105000	0.000240
55.115002	0.000240
55.119999	0.000240
55.125000	0.000240
55.130001	0.000241
55.134998	0.000241
55.145000	0.000241
55.150002	0.000241
55.154999	0.000241
55.160000	0.000242
55.165001	0.000242
55.174999	0.000242
55.180000	0.000242
55.185001	0.000242
55.189999	0.000242
55.195000	0.000242
55.205002	0.000242
55.209999	0.000242
55.215000	0.000242
55.220001	0.000243
55.224998	0.000243
55.235001	0.000243
55.240002	0.000243
55.244999	0.000244
55.250000	0.000244
55.255001	0.000244
55.264999	0.000244
55.270000	0.000244
55.275002	0.000244
55.279999	0.000244
55.285000	0.000244
55.294998	0.000244
55.299999	0.000244
55.305000	0.000244
55.310001	0.000245
55.314999	0.000245
55.325001	0.000245
55.330002	0.000245
55.334999	0.000245
55.340000	0.000246
55.345001	0.000246
55.355000	0.000246
55.360001	0.000246
55.365002	0.000246
55.369999	0.000246
55.375000	0.000246
55.384998	0.000246
55.389999	0.000246
55.395000	0.000246
55.400002	0.000247
55.404999	0.000247
55.415001	0.000247
55.419998	0.000247
55.424999	0.000247
55.430000	0.000247
55.435001	0.000247
55.445000	0.000248
55.450001	0.000248
55.455002	0.000248
55.459999	0.000248
55.465000	0.000248
55.474998	0.000248
55.480000	0.000248
55.485001	0.000248
55.490002	0.000248
55.494999	0.000248
55.505001	0.000249
55.509998	0.000249
55.514999	0.000249
55.520000	0.000249
55.525002	0.000249
55.535000	0.000249
55.540001	0.000250
55.544998	0.000250
55.549999	0.000250
55.555000	0.000250
55.564999	0.000250
55.570000	0.000250
55.575001	0.000250
55.580002	0.000250
55.584999	0.000250
55.595001	0.000250
55.599998	0.000250
55.605000	0.000250
55.610001	0.000251
55.615002	0.000251
55.625000	0.000251
55.630001	0.000251
55.634998	0.000251
55.639999	0.000251
55.645000	0.000251
55.654999	0.000251
55.660000	0.000251
55.665001	0.000252
55.669998	0.000251
55.674999	0.000252
55.685001	0.000252
55.689999	0.000252
55.695000	0.000252
55.700001	0.000252
55.705002	0.000252
55.715000	0.000253
55.720001	0.000253
55.724998	0.000253
55.730000	0.000253
55.735001	0.000253
55.744999	0.000253
55.750000	0.000253
55.755001	0.000253
55.759998	0.000253
55.764999	0.000253
55.775002	0.000253
55.779999	0.000253
55.785000	0.000253
55.790001	0.000254
55.794998	0.000254
55.805000	0.000254
55.810001	0.000254
55.814999	0.000254
55.820000	0.000254
55.825001	0.000254
55.834999	0.000255
55.840000	0.000254
55.845001	0.000255
55.849998	0.000255
55.855000	0.000255
55.865002	0.000255
55.869999	0.000255
55.875000	0.000255
55.880001	0.000255
55.889999	0.000255
55.895000	0.000255
55.900002	0.000255
55.904999	0.000256
55.910000	0.000256
55.919998	0.000256
55.924999	0.000256
55.930000	0.000256
55.935001	0.000256
55.939999	0.000256
55.950001	0.000256
55.955002	0.000256
55.959999	0.000256
55.965000	0.000256
55.970001	0.000256
55.980000	0.000257
55.985001	0.000257
55.990002	0.000257
55.994999	0.000257
56.000000	0.000257
56.009998	0.000257
56.014999	0.000257
56.020000	0.000257
56.025002	0.000257
56.029999	0.000257
56.040001	0.000257
56.044998	0.000257
56.049999	0.000257
56.055000	0.000257
56.060001	0.000258
56.070000	0.000258
56.075001	0.000258
56.080002	0.000258
56.084999	0.000258
56.090000	0.000258
56.099998	0.000258
56.105000	0.000258
56.110001	0.000259
56.115002	0.000258
56.119999	0.000259
56.130001	0.000259
56.134998	0.000259
56.139999	0.000259
56.145000	0.000259
56.150002	0.000259
56.160000	0.000259
56.165001	0.000259
56.169998	0.000259
56.174999	0.000259
56.180000	0.000259
56.189999	0.000260
56.195000	0.000260
56.200001	0.000260
56.205002	0.000260
56.209999	0.000260
56.220001	0.000260
56.224998	0.000260
56.230000	0.000260
56.235001	0.000260
56.240002	0.000260
56.250000	0.000260
56.255001	0.000260
56.259998	0.000260
56.264999	0.000261
56.270000	0.000261
56.279999	0.000261
56.285000	0.000261
56.290001	0.000261
56.294998	0.000261
56.299999	0.000261
56.310001	0.000261
56.314999	0.000261
56.320000	0.000261
56.325001	0.000261
56.330002	0.000261
56.340000	0.000261
56.345001	0.000261
56.349998	0.000261
56.355000	0.000262
56.360001	0.000262
56.369999	0.000262
56.375000	0.000262
56.380001	0.000262
56.384998	0.000262
56.389999	0.000262
56.400002	0.000262
56.404999	0.000262
56.410000	0.000262
56.415001	0.000262
56.419998	0.000262
56.430000	0.000262
56.435001	0.000262
56.439999	0.000262
56.445000	0.000263
56.450001	0.000263
56.459999	0.000263
56.465000	0.000263
56.470001	0.000263
56.474998	0.000263
56.480000	0.000263
56.490002	0.000263
56.494999	0.000263
56.500000	0.000263
56.505001	0.000263
56.509998	0.000263
56.520000	0.000263
56.525002	0.000263
56.529999	0.000264
56.535000	0.000264
56.540001	0.000264
56.549999	0.000264
56.555000	0.000264
56.560001	0.000264
56.564999	0.000264
56.570000	0.000264
56.580002	0.000264
56.584999	0.000264
56.590000	0.000264
56.595001	0.000264
56.599998	0.000264
56.610001	0.000264
56.615002	0.000264
56.619999	0.000264
56.625000	0.000265
56.630001	0.000265
56.639999	0.000265
56.645000	0.000265
56.650002	0.000265
56.654999	0.000265
56.660000	0.000265
56.669998	0.000265
56.674999	0.000265
56.680000	0.000265
56.685001	0.000265
56.689999	0.000265
56.700001	0.000265
56.705002	0.000265
56.709999	0.000265
56.715000	0.000265
56.720001	0.000265
56.730000	0.000266
56.735001	0.000266
56.740002	0.000266
56.744999	0.000266
56.750000	0.000266
56.759998	0.000266
56.764999	0.000266
56.770000	0.000266
56.775002	0.000266
56.779999	0.000266
56.790001	0.000266
56.794998	0.000266
56.799999	0.000266
56.805000	0.000266
56.810001	0.000266
56.820000	0.000266
56.825001	0.000267
56.830002	0.000267
56.834999	0.000267
56.840000	0.000267
56.849998	0.000267
56.855000	0.000267
56.860001	0.000267
56.865002	0.000267
56.869999	0.000267
56.880001	0.000267
56.884998	0.000267
56.889999	0.000267
56.895000	0.000267
56.900002	0.000267
56.910000	0.000267
56.915001	0.000268
56.919998	0.000268
56.924999	0.000268
56.930000	0.000268
56.939999	0.000268
56.945000	0.000268
56.950001	0.000268
56.955002	0.000268
56.959999	0.000268
56.970001	0.000268
56.974998	0.000268
56.980000	0.000268
56.985001	0.000268
56.990002	0.000268
57.000000	0.000268
57.005001	0.000268
57.009998	0.000268
57.014999	0.000268
57.020000	0.000268
57.029999	0.000269
57.035000	0.000269
57.040001	0.000269
57.044998	0.000269
57.049999	0.000269
57.060001	0.000269
57.064999	0.000269
57.070000	0.000269
57.075001	0.000269
57.080002	0.000269
57.090000	0.000269
57.095001	0.000269
57.099998	0.000269
57.105000	0.000269
57.110001	0.000269
57.119999	0.000269
57.125000	0.000269
57.130001	0.000269
57.134998	0.000269
57.139999	0.000269
57.150002	0.000269
57.154999	0.000269
57.160000	0.000269
57.165001	0.000269
57.169998	0.000269
57.180000	0.000270
57.185001	0.000270
57.189999	0.000270
57.195000	0.000270
57.200001	0.000270
57.209999	0.000270
57.215000	0.000270
57.220001	0.000270
57.224998	0.000270
57.230000	0.000270
57.240002	0.000270
57.244999	0.000270
57.250000	0.000270
57.255001	0.000270
57.259998	0.000270
57.270000	0.000270
57.275002	0.000270
57.279999	0.000270
57.285000	0.000271
57.294998	0.000271
57.299999	0.000271
57.305000	0.000271
57.310001	0.000271
57.314999	0.000271
57.325001	0.000271
57.330002	0.000271
57.334999	0.000271
57.340000	0.000271
57.345001	0.000271
57.355000	0.000271
57.360001	0.000271
57.365002	0.000271
57.369999	0.000271
57.375000	0.000271
57.384998	0.000271
57.389999	0.000271
57.395000	0.000272
57.400002	0.000272
57.404999	0.000272
57.415001	0.000272
57.419998	0.000271
57.424999	0.000271
57.430000	0.000271
57.435001	0.000272
57.445000	0.000272
57.450001	0.000272
57.455002	0.000272
57.459999	0.000272
57.465000	0.000272
57.474998	0.000272
57.480000	0.000272
57.485001	0.000272
57.490002	0.000272
57.494999	0.000272
57.505001	0.000272
57.509998	0.000272
57.514999	0.000272
57.520000	0.000272
57.525002	0.000272
57.535000	0.000272
57.540001	0.000272
57.544998	0.000272
57.549999	0.000272
57.555000	0.000272
57.564999	0.000273
57.570000	0.000273
57.575001	0.000273
57.580002	0.000273
57.584999	0.000273
57.595001	0.000273
57.599998	0.000273
57.605000	0.000273
57.610001	0.000273
57.615002	0.000273
57.625000	0.000273
57.630001	0.000273
57.634998	0.000273
57.639999	0.000273
57.645000	0.000273
57.654999	0.000273
57.660000	0.000273
57.665001	0.000273
57.669998	0.000273
57.674999	0.000273
57.685001	0.000273
57.689999	0.000273
57.695000	0.000273
57.700001	0.000273
57.705002	0.000273
57.715000	0.000273
57.720001	0.000273
57.724998	0.000273
57.730000	0.000274
57.735001	0.000274
57.744999	0.000274
57.750000	0.000274
57.755001	0.000274
57.759998	0.000274
57.764999	0.000274
57.775002	0.000274
57.779999	0.000274
57.785000	0.000274
57.790001	0.000274
57.794998	0.000274
57.805000	0.000274
57.810001	0.000274
57.814999	0.000274
57.820000	0.000274
57.825001	0.000274
57.834999	0.000274
57.840000	0.000274
57.845001	0.000274
57.849998	0.000275
57.855000	0.000275
57.865002	0.000275
57.869999	0.000275
57.875000	0.000275
57.880001	0.000275
57.884998	0.000275
57.895000	0.000274
57.900002	0.000275
57.904999	0.000274
57.910000	0.000275
57.915001	0.000275
57.924999	0.000275
57.930000	0.000275
57.935001	0.000275
57.939999	0.000275
57.945000	0.000275
57.955002	0.000275
57.959999	0.000275
57.965000	0.000275
57.970001	0.000275
57.974998	0.000275
57.985001	0.000275
57.990002	0.000275
57.994999	0.000275
58.000000	0.000275
58.005001	0.000275
58.014999	0.000275
58.020000	0.000275
58.025002	0.000275
58.029999	0.000275
58.035000	0.000276
58.044998	0.000276
58.049999	0.000276
58.055000	0.000276
58.060001	0.000276
58.064999	0.000276
58.075001	0.000276
58.080002	0.000276
58.084999	0.000276
58.090000	0.000276
58.095001	0.000276
58.105000	0.000276
58.110001	0.000276
58.115002	0.000276
58.119999	0.000276
58.125000	0.000276
58.134998	0.000276
58.139999	0.000276
58.145000	0.000276
58.150002	0.000276
58.154999	0.000276
58.165001	0.000276
58.169998	0.000276
58.174999	0.000276
58.180000	0.000276
58.185001	0.000276
58.195000	0.000276
58.200001	0.000276
58.205002	0.000276
58.209999	0.000276
58.215000	0.000277
58.224998	0.000277
58.230000	0.000277
58.235001	0.000277
58.240002	0.000277
58.244999	0.000277
58.255001	0.000277
58.259998	0.000277
58.264999	0.000277
58.270000	0.000276
58.275002	0.000277
58.285000	0.000277
58.290001	0.000277
58.294998	0.000277
58.299999	0.000277
58.305000	0.000277
58.314999	0.000277
58.320000	0.000277
58.325001	0.000277
58.330002	0.000277
58.334999	0.000277
58.345001	0.000277
58.349998	0.000277
58.355000	0.000277
58.360001	0.000277
58.365002	0.000277
58.375000	0.000277
58.380001	0.000277
58.384998	0.000277
58.389999	0.000277
58.395000	0.000277
58.404999	0.000278
58.410000	0.000277
58.415001	0.000277
58.419998	0.000278
58.424999	0.000278
58.435001	0.000277
58.439999	0.000278
58.445000	0.000277
58.450001	0.000277
58.455002	0.000277
58.465000	0.000277
58.470001	0.000278
58.474998	0.000278
58.480000	0.000278
58.485001	0.000278
58.494999	0.000278
58.500000	0.000278
58.505001	0.000278
58.509998	0.000278
58.514999	0.000278
58.525002	0.000278
58.529999	0.000278
58.535000	0.000278
58.540001	0.000278
58.544998	0.000278
58.555000	0.000278
58.560001	0.000278
58.564999	0.000278
58.570000	0.000278
58.575001	0.000278
58.584999	0.000278
58.590000	0.000278
58.595001	0.000278
58.599998	0.000278
58.605000	0.000278
58.615002	0.000278
58.619999	0.000278
58.625000	0.000278
58.630001	0.000278
58.634998	0.000278
58.645000	0.000278
58.650002	0.000278
58.654999	0.000278
58.660000	0.000279
58.669998	0.000279
58.674999	0.000279
58.680000	0.000279
58.685001	0.000279
58.689999	0.000279
58.700001	0.000279
58.705002	0.000279
58.709999	0.000279
58.715000	0.000279
58.720001	0.000279
58.730000	0.000279
58.735001	0.000279
58.740002	0.000279
58.744999	0.000279
58.750000	0.000279
58.759998	0.000279
58.764999	0.000279
58.770000	0.000279
58.775002	0.000279
58.779999	0.000279
58.790001	0.000279
58.794998	0.000279
58.799999	0.000279
58.805000	0.000279
58.810001	0.000279
58.820000	0.000279
58.825001	0.000279
58.830002	0.000279
58.834999	0.000279
58.840000	0.000279
58.849998	0.000279
58.855000	0.000279
58.860001	0.000279
58.865002	0.000279
58.869999	0.000280
58.880001	0.000280
58.884998	0.000279
58.889999	0.000280
58.895000	0.000279
58.900002	0.000279
58.910000	0.000279
58.915001	0.000279
58.919998	0.000279
58.924999	0.000279
58.930000	0.000279
58.939999	0.000280
58.945000	0.000280
58.950001	0.000280
58.955002	0.000280
58.959999	0.000280
58.970001	0.000280
58.974998	0.000280
58.980000	0.000280
58.985001	0.000280
58.990002	0.000280
59.000000	0.000280
59.005001	0.000280
59.009998	0.000280
59.014999	0.000280
59.020000	0.000280
59.029999	0.000280
59.035000	0.000280
59.040001	0.000280
59.044998	0.000280
59.049999	0.000280
59.060001	0.000280
59.064999	0.000280
59.070000	0.000280
59.075001	0.000280
59.080002	0.000280
59.090000	0.000280
59.095001	0.000280
59.099998	0.000280
59.105000	0.000280
59.110001	0.000280
59.119999	0.000280
59.125000	0.000280
59.130001	0.000280
59.134998	0.000280
59.139999	0.000280
59.150002	0.000281
59.154999	0.000281
59.160000	0.000281
59.165001	0.000281
59.169998	0.000281
59.180000	0.000281
59.185001	0.000281
59.189999	0.000280
59.195000	0.000281
59.200001	0.000280
59.209999	0.000281
59.215000	0.000281
59.220001	0.000281
59.224998	0.000281
59.230000	0.000281
59.240002	0.000281
59.244999	0.000281
59.250000	0.000281
59.255001	0.000281
59.259998	0.000281
59.270000	0.000281
59.275002	0.000281
59.279999	0.000281
59.285000	0.000281
59.290001	0.000281
59.299999	0.000281
59.305000	0.000281
59.310001	0.000281
59.314999	0.000281
59.320000	0.000281
59.330002	0.000281
59.334999	0.000281
59.340000	0.000281
59.345001	0.000281
59.349998	0.000281
59.360001	0.000281
59.365002	0.000281
59.369999	0.000281
59.375000	0.000281
59.380001	0.000281
59.389999	0.000281
59.395000	0.000281
59.400002	0.000281
59.404999	0.000281
59.410000	0.000281
59.419998	0.000281
59.424999	0.000282
59.430000	0.000282
59.435001	0.000282
59.439999	0.000281
59.450001	0.000281
59.455002	0.000281
59.459999	0.000281
59.465000	0.000281
59.470001	0.000281
59.480000	0.000281
59.485001	0.000281
59.490002	0.000281
59.494999	0.000282
59.500000	0.000282
59.509998	0.000282
59.514999	0.000282
59.520000	0.000282
59.525002	0.000282
59.529999	0.000282
59.540001	0.000282
59.544998	0.000282
59.549999	0.000282
59.555000	0.000282
59.560001	0.000282
59.570000	0.000282
59.575001	0.000282
59.580002	0.000282
59.584999	0.000282
59.590000	0.000282
59.599998	0.000282
59.605000	0.000282
59.610001	0.000282
59.615002	0.000282
59.619999	0.000282
59.630001	0.000282
59.634998	0.000282
59.639999	0.000282
59.645000	0.000282
59.650002	0.000282
59.660000	0.000282
59.665001	0.000282
59.669998	0.000282
59.674999	0.000282
59.680000	0.000282
59.689999	0.000282
59.695000	0.000282
59.700001	0.000282
59.705002	0.000282
59.709999	0.000282
59.720001	0.000282
59.724998	0.000282
59.730000	0.000282
59.735001	0.000282
59.740002	0.000282
59.750000	0.000282
59.755001	0.000282
59.759998	0.000282
59.764999	0.000282
59.770000	0.000282
59.779999	0.000282
59.785000	0.000282
59.790001	0.000283
59.794998	0.000283
59.799999	0.000283
59.810001	0.000283
59.814999	0.000283
59.820000	0.000282
59.825001	0.000283
59.830002	0.000283
59.840000	0.000282
59.845001	0.000282
59.849998	0.000282
59.855000	0.000283
59.860001	0.000283
59.869999	0.000283
59.875000	0.000283
59.880001	0.000283
59.884998	0.000283
59.889999	0.000283
59.900002	0.000283
59.904999	0.000283
59.910000	0.000283
59.915001	0.000283
59.919998	0.000283
59.930000	0.000283
59.935001	0.000283
59.939999	0.000283
59.945000	0.000283
59.950001	0.000283
59.959999	0.000283
59.965000	0.000283
59.970001	0.000283
59.974998	0.000283
59.980000	0.000283
59.990002	0.000283
59.994999	0.000283
60.000000	0.000283
60.005001	0.000283
60.009998	0.000283
60.020000	0.000283
60.025002	0.000283
60.029999	0.000283
60.035000	0.000283
60.044998	0.000283
60.049999	0.000283
60.055000	0.000283
60.060001	0.000283
60.064999	0.000283
60.075001	0.000283
60.080002	0.000283
60.084999	0.000283
60.090000	0.000283
60.095001	0.000283
60.105000	0.000283
60.110001	0.000283
60.115002	0.000283
60.119999	0.000283
60.125000	0.000283
60.134998	0.000283
60.139999	0.000283
60.145000	0.000283
60.150002	0.000283
60.154999	0.000284
60.165001	0.000283
60.169998	0.000284
60.174999	0.000284
60.180000	0.000284
60.185001	0.000284
60.195000	0.000284
60.200001	0.000284
60.205002	0.000283
60.209999	0.000283
60.215000	0.000283
60.224998	0.000283
60.230000	0.000283
60.235001	0.000284
60.240002	0.000284
60.244999	0.000284
60.255001	0.000284
60.259998	0.000284
60.264999	0.000284
60.270000	0.000284
60.275002	0.000284
60.285000	0.000284
60.290001	0.000284
60.294998	0.000284
60.299999	0.000284
60.305000	0.000284
60.314999	0.000284
60.320000	0.000284
60.325001	0.000284
60.330002	0.000284
60.334999	0.000284
60.345001	0.000284
60.349998	0.000284
60.355000	0.000284
60.360001	0.000284
60.365002	0.000284
60.375000	0.000284
60.380001	0.000284
60.384998	0.000284
60.389999	0.000284
60.395000	0.000284
60.404999	0.000284
60.410000	0.000284
60.415001	0.000284
60.419998	0.000284
60.424999	0.000284
60.435001	0.000284
60.439999	0.000284
60.445000	0.000284
60.450001	0.000284
60.455002	0.000284
60.465000	0.000284
60.470001	0.000284
60.474998	0.000284
60.480000	0.000284
60.485001	0.000284
60.494999	0.000284
60.500000	0.000284
