% Langmuir characteristic curve

% U (Volt)	I (A)
0.000000	-3.826572E-7
0.060000	-3.234018E-7
0.120000	-2.641464E-7
0.180000	-2.472661E-7
0.240000	-2.726447E-7
0.300000	-3.319001E-7
0.360000	-2.853340E-7
0.420000	1.490116E-8
0.480000	2.094312E-7
0.540000	1.079170E-7
0.600000	-1.457520E-7
0.660000	-1.711305E-7
0.720000	-1.047738E-8
0.780000	-2.091983E-7
0.840000	-2.050074E-7
0.900000	-4.502945E-7
0.960000	-4.249159E-7
1.020000	-1.373701E-7
1.080000	-2.768356E-7
1.140000	-3.656605E-7
1.200000	-1.584413E-7
1.260000	-3.275927E-7
1.320000	-3.585592E-8
1.380000	2.348097E-7
1.440000	-1.203734E-7
1.500000	-1.203734E-7
1.560000	-1.076842E-7
1.620000	-1.119915E-7
1.680000	-2.135057E-7
1.740000	-2.599554E-7
1.800000	-3.529713E-7
1.860000	-1.923181E-7
1.920000	-4.164176E-7
1.980000	-3.402820E-7
2.040000	-2.938323E-7
2.100000	-1.838198E-7
2.160000	-1.881272E-7
2.220000	1.909211E-8
2.280000	1.882436E-7
2.340000	6.984919E-8
2.400000	2.759043E-8
2.460000	-4.854519E-8
2.520000	1.332955E-7
2.580000	-2.008164E-7
2.640000	-2.768356E-7
2.700000	-3.319001E-7
2.760000	-2.388842E-7
2.820000	-4.122267E-7
2.880000	-3.275927E-7
2.940000	-2.599554E-7
3.000000	-2.050074E-7
3.060000	-1.500593E-7
3.120000	-5.692709E-8
3.185000	2.433080E-7
3.245000	-1.119915E-7
3.305000	-9.080395E-8
3.365000	6.984919E-8
3.425000	5.296897E-8
3.485000	-1.923181E-7
3.545000	-2.008164E-7
3.605000	-4.461035E-7
3.665000	-5.813781E-7
3.725000	-4.671747E-7
3.785000	-6.575137E-7
3.845000	-2.557645E-7
3.905000	-3.572786E-7
3.965000	5.715992E-8
4.025000	-6.961636E-8
4.085000	4.027970E-8
4.145000	-1.288718E-7
4.205000	-6.542541E-8
4.265000	-1.466833E-8
4.325000	-7.811468E-8
4.385000	-5.692709E-8
4.445000	7.834751E-8
4.505000	-3.487803E-7
4.565000	-4.376052E-7
4.625000	-3.402820E-7
4.685000	-3.826572E-7
4.745000	-2.895249E-7
4.805000	-2.472661E-7
4.865000	-1.627486E-7
4.925000	3.608875E-8
4.985000	-9.930227E-8
5.045000	-1.034932E-7
5.105000	-1.047738E-8
5.165000	1.122244E-7
5.225000	1.925509E-7
5.285000	-5.273614E-8
5.345000	-2.091983E-7
5.405000	-2.218876E-7
5.465000	-4.925532E-7
5.525000	-3.953464E-7
5.585000	-1.754379E-7
5.645000	-4.502945E-7
5.705000	-4.376052E-7
5.765000	-2.008164E-7
5.825000	-8.661300E-8
5.885000	-5.692709E-8
5.945000	2.759043E-8
6.005000	-2.735760E-8
6.065000	-1.500593E-7
6.125000	-1.627486E-7
6.185000	-3.192108E-7
6.245000	-2.261950E-7
6.305000	-4.122267E-7
6.365000	-3.402820E-7
6.425000	-2.008164E-7
6.485000	-3.487803E-7
6.545000	-3.275927E-7
6.605000	-3.656605E-7
6.665000	-1.500593E-7
6.725000	-1.415610E-7
6.785000	5.715992E-8
6.845000	-2.316665E-8
6.905000	2.601882E-7
6.965000	4.027970E-8
7.025000	-5.692709E-8
7.085000	-1.330627E-7
7.145000	-1.457520E-7
7.205000	-3.445894E-7
7.265000	-4.164176E-7
7.325000	-3.275927E-7
7.385000	-3.275927E-7
7.445000	-1.584413E-7
7.505000	-1.965091E-7
7.565000	-2.261950E-7
7.625000	-8.661300E-8
7.685000	-1.881272E-7
7.745000	4.877802E-8
7.805000	1.332955E-7
7.865000	-2.735760E-8
7.925000	1.037261E-7
7.985000	1.079170E-7
8.045000	-5.179318E-7
8.105000	-2.218876E-7
8.165000	-3.783498E-7
8.225000	-3.529713E-7
8.285000	-5.095499E-7
8.345000	-3.445894E-7
8.405000	-3.065215E-7
8.465000	-2.091983E-7
8.525000	-1.881272E-7
8.585000	-7.811468E-8
8.645000	-6.123446E-8
8.705000	4.877802E-8
8.765000	8.253846E-8
8.825000	7.834751E-8
8.885000	-1.754379E-7
8.945000	-1.246808E-7
9.005000	-1.119915E-7
9.065000	-1.415610E-7
9.125000	-4.587928E-7
9.185000	-3.402820E-7
9.245000	-2.938323E-7
9.305000	-3.487803E-7
9.370000	-1.330627E-7
9.430000	-8.661300E-8
9.490000	-1.457520E-7
9.550000	8.684583E-8
9.610000	1.122244E-7
9.670000	-2.316665E-8
9.730000	6.146729E-8
9.790000	3.608875E-8
9.850000	-1.542503E-7
9.910000	-1.288718E-7
9.970000	-2.895249E-7
10.030000	-3.149034E-7
10.090000	-4.417961E-7
10.150000	-3.149034E-7
10.210000	-2.261950E-7
10.270000	-3.953464E-7
10.330000	-1.246808E-7
10.390000	-2.811430E-7
10.450000	2.759043E-8
10.510000	1.037261E-7
10.570000	4.447065E-8
10.630000	-6.170012E-9
10.690000	-2.316665E-8
10.750000	-1.542503E-7
10.810000	-2.853340E-7
10.870000	-4.037283E-7
10.930000	-3.487803E-7
10.990000	-4.883623E-7
11.050000	-3.953464E-7
11.110000	-3.656605E-7
11.170000	-3.572786E-7
11.230000	-2.008164E-7
11.290000	-9.080395E-8
11.350000	-4.004687E-8
11.410000	3.608875E-8
11.470000	9.103678E-8
11.530000	-1.979060E-9
11.590000	-1.885928E-8
11.650000	-1.542503E-7
11.710000	-1.161825E-7
11.770000	-2.091983E-7
11.830000	-3.402820E-7
11.890000	-3.445894E-7
11.950000	-3.360910E-7
12.010000	-4.629837E-7
12.070000	-3.022142E-7
12.130000	-2.472661E-7
12.190000	-3.585592E-8
12.250000	4.027970E-8
12.310000	-1.466833E-8
12.370000	2.211891E-9
12.430000	2.263114E-7
12.490000	-2.008164E-7
12.550000	1.490116E-8
12.610000	2.211891E-9
12.670000	-1.923181E-7
12.730000	-2.008164E-7
12.790000	-3.826572E-7
12.850000	-3.783498E-7
12.910000	-3.656605E-7
12.970000	-1.881272E-7
13.030000	-1.627486E-7
13.090000	-2.726447E-7
13.150000	-1.034932E-7
13.210000	-1.119915E-7
13.270000	1.122244E-7
13.330000	-6.170012E-9
13.390000	-6.961636E-8
13.450000	-3.585592E-8
13.510000	-2.176967E-7
13.570000	-1.965091E-7
13.630000	-3.065215E-7
13.690000	-4.376052E-7
13.750000	-5.855691E-7
13.810000	-3.741588E-7
13.870000	-3.065215E-7
13.930000	-1.965091E-7
13.990000	-1.627486E-7
14.050000	-8.230563E-8
14.110000	-2.316665E-8
14.170000	-9.499490E-8
14.230000	5.715992E-8
14.290000	-1.885928E-8
14.350000	2.759043E-8
14.410000	-1.330627E-7
14.470000	-1.542503E-7
14.530000	-2.515735E-7
14.590000	-4.671747E-7
14.650000	-3.275927E-7
14.710000	-3.953464E-7
14.770000	-2.472661E-7
14.830000	-2.303859E-7
14.890000	-1.415610E-7
14.950000	-1.246808E-7
15.010000	8.684583E-8
15.070000	6.565824E-8
15.130000	1.122244E-7
15.190000	5.296897E-8
15.250000	-9.080395E-8
15.310000	-1.711305E-7
15.370000	-2.303859E-7
15.430000	-3.699679E-7
15.490000	-3.275927E-7
15.550000	-3.910391E-7
15.615000	-3.360910E-7
15.675000	-4.968606E-7
15.735000	-3.953464E-7
15.795000	-2.472661E-7
15.855000	8.253846E-8
15.915000	-1.500593E-7
15.975000	2.759043E-8
16.035000	1.490116E-8
16.094999	6.402843E-9
16.155001	2.211891E-9
16.215000	-3.065215E-7
16.275000	-1.161825E-7
16.334999	-2.811430E-7
16.395000	-2.980232E-7
16.455000	-3.614696E-7
16.514999	-1.923181E-7
16.575001	-4.925532E-7
16.635000	-1.838198E-7
16.695000	-4.587928E-7
16.754999	-2.515735E-7
16.815001	9.103678E-8
16.875000	3.608875E-8
16.934999	4.447065E-8
16.995001	8.684583E-8
17.055000	-2.735760E-8
17.115000	-1.076842E-7
17.174999	-1.923181E-7
17.235001	-4.587928E-7
17.295000	-3.910391E-7
17.355000	-3.275927E-7
17.415001	-3.699679E-7
17.475000	-2.515735E-7
17.535000	-2.218876E-7
17.594999	-1.881272E-7
17.655001	-7.392373E-8
17.715000	-1.047738E-8
17.775000	2.770685E-7
17.834999	-4.423782E-8
17.895000	9.103678E-8
17.955000	-6.170012E-9
18.014999	-1.415610E-7
18.075001	2.211891E-9
18.135000	-5.644979E-7
18.195000	-3.614696E-7
18.254999	-3.910391E-7
18.315001	-4.164176E-7
18.375000	-3.275927E-7
18.434999	-1.373701E-7
18.495001	-1.119915E-7
18.555000	-1.119915E-7
18.615000	-1.754379E-7
18.674999	-3.585592E-8
18.735001	-9.930227E-8
18.795000	2.390007E-7
18.855000	-6.123446E-8
18.915001	-1.076842E-7
18.975000	-2.261950E-7
19.035000	-1.457520E-7
19.094999	-1.500593E-7
19.155001	-2.641464E-7
19.215000	-7.505296E-7
19.275000	-2.599554E-7
19.334999	-2.430752E-7
19.395000	-1.119915E-7
19.455000	-3.572786E-7
19.514999	-8.661300E-8
19.575001	-1.979060E-9
19.635000	7.415656E-8
19.695000	2.559973E-7
19.754999	1.713634E-7
19.815001	6.402843E-9
19.875000	-1.161825E-7
19.934999	-2.811430E-7
19.995001	-3.656605E-7
20.055000	-2.895249E-7
20.115000	-2.515735E-7
20.174999	-5.095499E-7
20.235001	-7.392373E-8
20.295000	-1.965091E-7
20.355000	-2.938323E-7
20.415001	-5.273614E-8
20.475000	-9.080395E-8
20.535000	-1.246808E-7
20.594999	7.834751E-8
20.655001	-4.004687E-8
20.715000	-6.123446E-8
20.775000	-1.373701E-7
20.834999	-3.783498E-7
20.895000	-1.796288E-7
20.955000	-4.544854E-7
21.014999	-4.249159E-7
21.075001	-3.826572E-7
21.135000	-2.472661E-7
21.195000	-1.330627E-7
21.254999	-3.234018E-7
21.315001	-8.661300E-8
21.375000	2.433080E-7
21.434999	1.206063E-7
21.495001	6.146729E-8
21.555000	-1.979060E-9
21.615000	-1.373701E-7
21.674999	-2.726447E-7
21.735001	-1.288718E-7
21.795000	-3.487803E-7
21.855000	-3.192108E-7
21.915001	-3.487803E-7
21.980000	-4.376052E-7
22.040001	-2.980232E-7
22.100000	-2.684537E-7
22.160000	-2.261950E-7
22.219999	-2.261950E-7
22.280001	-2.316665E-8
22.340000	2.306188E-7
22.400000	-2.091983E-7
22.459999	-1.979060E-9
22.520000	-1.034932E-7
22.580000	-3.107125E-7
22.639999	3.178138E-8
22.700001	-3.910391E-7
22.760000	-3.741588E-7
22.820000	-3.319001E-7
22.879999	-3.445894E-7
22.940001	-2.218876E-7
23.000000	-2.768356E-7
23.059999	-2.008164E-7
23.120001	-1.627486E-7
23.180000	-9.499490E-8
23.240000	-1.965091E-7
23.299999	2.094312E-7
23.360001	7.834751E-8
23.420000	-1.500593E-7
23.480000	-2.176967E-7
23.540001	-2.303859E-7
23.600000	-3.022142E-7
23.660000	-4.461035E-7
23.719999	-5.475013E-7
23.780001	-3.487803E-7
23.840000	-2.895249E-7
23.900000	-2.768356E-7
23.959999	7.834751E-8
24.020000	-5.692709E-8
24.080000	-2.735760E-8
24.139999	2.211891E-9
24.200001	8.684583E-8
24.260000	6.146729E-8
24.320000	-1.669396E-7
24.379999	-1.627486E-7
24.440001	1.490116E-8
24.500000	-3.360910E-7
24.559999	-3.192108E-7
24.620001	-4.164176E-7
24.680000	-3.614696E-7
24.740000	-4.417961E-7
24.799999	-3.192108E-7
24.860001	-2.261950E-7
24.920000	-1.923181E-7
24.980000	-7.392373E-8
25.040001	8.684583E-8
25.100000	1.909211E-8
25.160000	-2.316665E-8
25.219999	1.909211E-8
25.280001	-1.754379E-7
25.340000	-1.542503E-7
25.400000	-3.741588E-7
25.459999	-3.699679E-7
25.520000	-4.291069E-7
25.580000	-3.572786E-7
25.639999	-1.500593E-7
25.700001	-2.430752E-7
25.760000	-1.885928E-8
25.820000	-9.930227E-8
25.879999	-1.979060E-9
25.940001	-1.047738E-8
26.000000	1.079170E-7
26.059999	-3.585592E-8
26.120001	2.009328E-7
26.180000	9.103678E-8
26.240000	-1.965091E-7
26.299999	-2.430752E-7
26.360001	-4.841713E-7
26.420000	-3.402820E-7
26.480000	-5.559996E-7
26.540001	-3.319001E-7
26.600000	-3.065215E-7
26.660000	-1.669396E-7
26.719999	-1.838198E-7
26.780001	-2.345769E-7
26.840000	-1.979060E-9
26.900000	2.211891E-9
26.959999	1.586741E-7
27.020000	-5.692709E-8
27.080000	6.402843E-9
27.139999	6.146729E-8
27.200001	-1.923181E-7
27.260000	-2.853340E-7
27.320000	-5.052425E-7
27.379999	-3.192108E-7
27.440001	-2.980232E-7
27.500000	-3.910391E-7
27.559999	-2.008164E-7
27.620001	6.402843E-9
27.680000	-2.684537E-7
27.740000	6.565824E-8
27.799999	-6.123446E-8
27.860001	4.027970E-8
27.920000	-3.585592E-8
27.980000	-7.392373E-8
28.040001	-2.091983E-7
28.100000	-1.373701E-7
28.160000	-2.388842E-7
28.219999	-4.164176E-7
28.280001	-1.881272E-7
28.344999	-3.022142E-7
28.405001	-3.234018E-7
28.465000	-2.261950E-7
28.525000	-9.080395E-8
28.584999	-9.080395E-8
28.645000	-1.288718E-7
28.705000	-1.373701E-7
28.764999	1.037261E-7
28.825001	-1.881272E-7
28.885000	1.490116E-8
28.945000	6.565824E-8
29.004999	-1.288718E-7
29.065001	-3.319001E-7
29.125000	-3.995374E-7
29.184999	-3.065215E-7
29.245001	-5.095499E-7
29.305000	-3.234018E-7
29.365000	-3.995374E-7
29.424999	-2.853340E-7
29.485001	-1.711305E-7
29.545000	4.877802E-8
29.605000	2.094312E-7
29.665001	1.376029E-7
29.725000	-1.542503E-7
29.785000	2.339948E-8
29.844999	-3.022142E-7
29.905001	6.402843E-9
29.965000	-2.515735E-7
30.025000	-2.726447E-7
30.084999	-2.008164E-7
30.145000	-3.402820E-7
30.205000	-3.360910E-7
30.264999	-4.207250E-7
30.325001	-2.008164E-7
30.385000	-2.176967E-7
30.445000	1.071021E-8
30.504999	1.071021E-8
30.565001	2.211891E-9
30.625000	1.122244E-7
30.684999	2.339948E-8
30.745001	-1.669396E-7
30.805000	-1.584413E-7
30.865000	-2.726447E-7
30.924999	-5.264301E-7
30.985001	-3.783498E-7
31.045000	-4.671747E-7
31.105000	-3.656605E-7
31.165001	-3.402820E-7
31.225000	-2.008164E-7
31.285000	-6.542541E-8
31.344999	1.713634E-7
31.405001	1.756707E-7
31.465000	6.984919E-8
31.525000	-1.979060E-9
31.584999	-1.754379E-7
31.645000	-1.288718E-7
31.705000	-1.965091E-7
31.764999	-1.034932E-7
31.825001	-4.249159E-7
31.885000	-2.811430E-7
31.945000	-3.741588E-7
32.005001	-4.122267E-7
32.064999	-3.487803E-7
32.125000	-1.457520E-7
32.185001	-2.726447E-7
32.244999	-1.466833E-8
32.305000	8.253846E-8
32.365002	-1.288718E-7
32.424999	2.179295E-7
32.485001	2.759043E-8
32.544998	-1.415610E-7
32.605000	-1.288718E-7
32.665001	-1.203734E-7
32.724998	-3.402820E-7
32.785000	-4.122267E-7
32.845001	-3.614696E-7
32.904999	-2.768356E-7
32.965000	-2.515735E-7
33.025002	-1.500593E-7
33.084999	1.490116E-8
33.145000	1.909211E-8
33.205002	6.146729E-8
33.264999	2.516899E-7
33.325001	-1.203734E-7
33.384998	-6.123446E-8
33.445000	-1.796288E-7
33.505001	-1.330627E-7
33.564999	-9.080395E-8
33.625000	-3.529713E-7
33.685001	-5.559996E-7
33.744999	-3.995374E-7
33.805000	-4.671747E-7
33.865002	-4.207250E-7
33.924999	-2.430752E-7
33.985001	-2.811430E-7
34.044998	2.211891E-9
34.105000	-2.316665E-8
34.165001	-4.854519E-8
34.224998	2.759043E-8
34.285000	-1.047738E-8
34.345001	8.684583E-8
34.404999	-3.022142E-7
34.465000	-1.754379E-7
34.525002	-3.360910E-7
34.584999	-3.275927E-7
34.645000	-5.686888E-7
34.709999	-4.291069E-7
34.770000	-2.599554E-7
34.830002	-4.004687E-8
34.889999	-9.080395E-8
34.950001	-2.135057E-7
35.009998	4.447065E-8
35.070000	1.071021E-8
35.130001	-6.961636E-8
35.189999	1.713634E-7
35.250000	1.291046E-7
35.310001	-1.669396E-7
35.369999	-1.034932E-7
35.430000	-3.234018E-7
35.490002	-5.010515E-7
35.549999	-3.275927E-7
35.610001	-5.559996E-7
35.669998	-3.065215E-7
35.730000	-1.881272E-7
35.790001	-4.854519E-8
35.849998	-2.980232E-7
35.910000	-1.076842E-7
35.970001	7.415656E-8
36.029999	8.253846E-8
36.090000	7.834751E-8
36.150002	1.671724E-7
36.209999	-1.119915E-7
36.270000	-1.119915E-7
36.330002	-1.330627E-7
36.389999	-4.756730E-7
36.450001	-5.391194E-7
36.509998	-2.726447E-7
36.570000	-4.502945E-7
36.630001	-2.726447E-7
36.689999	-3.065215E-7
36.750000	-1.161825E-7
36.810001	1.586741E-7
36.869999	3.608875E-8
36.930000	2.339948E-8
36.990002	9.953510E-8
37.049999	6.146729E-8
37.110001	-1.203734E-7
37.169998	-1.500593E-7
37.230000	-2.980232E-7
37.290001	-4.164176E-7
37.349998	-3.402820E-7
37.410000	-3.319001E-7
37.470001	-2.768356E-7
37.529999	-4.502945E-7
37.590000	-2.303859E-7
37.650002	5.296897E-8
37.709999	-3.585592E-8
37.770000	8.684583E-8
37.830002	8.684583E-8
37.889999	7.834751E-8
37.950001	-6.170012E-9
38.009998	-3.585592E-8
38.070000	1.490116E-8
38.130001	-2.316665E-8
38.189999	-3.022142E-7
38.250000	-2.472661E-7
38.310001	-1.965091E-7
38.369999	-4.968606E-7
38.430000	-2.895249E-7
38.490002	-2.303859E-7
38.549999	-7.811468E-8
38.610001	1.840526E-7
38.669998	1.332955E-7
38.730000	3.608875E-8
38.790001	1.502922E-7
38.849998	-3.529713E-7
38.910000	7.415656E-8
38.970001	-1.881272E-7
39.029999	-2.430752E-7
39.090000	-1.669396E-7
39.150002	-5.010515E-7
39.209999	-2.599554E-7
39.270000	-1.288718E-7
39.330002	-2.430752E-7
39.389999	-2.050074E-7
39.450001	-6.961636E-8
39.509998	-1.119915E-7
39.570000	1.249136E-7
39.630001	9.953510E-8
39.689999	1.490116E-8
39.750000	-4.854519E-8
39.810001	-5.273614E-8
39.869999	-1.161825E-7
39.930000	-3.783498E-7
39.990002	-2.430752E-7
40.049999	-2.345769E-7
40.110001	-3.783498E-7
40.169998	-3.107125E-7
40.230000	-2.811430E-7
40.290001	-1.542503E-7
40.349998	4.877802E-8
40.410000	-1.373701E-7
40.470001	4.447065E-8
40.529999	6.146729E-8
40.590000	1.909211E-8
40.650002	-3.154855E-8
40.709999	-1.669396E-7
40.770000	-1.500593E-7
40.830002	-1.119915E-7
40.889999	-4.798640E-7
40.950001	-3.572786E-7
41.009998	-3.360910E-7
41.075001	-3.910391E-7
41.134998	-4.544854E-7
41.195000	-3.868481E-7
41.255001	-2.895249E-7
41.314999	-1.288718E-7
41.375000	4.877802E-8
41.435001	-4.423782E-8
41.494999	1.502922E-7
41.555000	9.522773E-8
41.615002	2.433080E-7
41.674999	-3.065215E-7
41.735001	-1.500593E-7
41.794998	-3.360910E-7
41.855000	-3.741588E-7
41.915001	-5.264301E-7
41.974998	-3.868481E-7
42.035000	-4.629837E-7
42.095001	-1.034932E-7
42.154999	-1.754379E-7
42.215000	-2.050074E-7
42.275002	1.586741E-7
42.334999	-9.930227E-8
42.395000	-7.392373E-8
42.455002	-2.684537E-7
42.514999	8.684583E-8
42.575001	-1.373701E-7
42.634998	-2.768356E-7
42.695000	-2.515735E-7
42.755001	-3.572786E-7
42.814999	-3.741588E-7
42.875000	-3.614696E-7
42.935001	-1.161825E-7
42.994999	-2.811430E-7
43.055000	-1.415610E-7
43.115002	-1.711305E-7
43.174999	8.253846E-8
43.235001	5.715992E-8
43.294998	1.417939E-7
43.355000	1.206063E-7
43.415001	2.179295E-7
43.474998	-1.466833E-8
43.535000	-5.692709E-8
43.595001	-2.388842E-7
43.654999	-3.910391E-7
43.715000	-5.264301E-7
43.775002	-2.641464E-7
43.834999	-2.641464E-7
43.895000	-4.587928E-7
43.955002	-2.218876E-7
44.014999	-2.895249E-7
44.075001	1.756707E-7
44.134998	1.291046E-7
44.195000	9.953510E-8
44.255001	1.417939E-7
44.314999	1.037261E-7
44.375000	7.415656E-8
44.435001	-5.137408E-7
44.494999	-3.022142E-7
44.555000	-3.149034E-7
44.615002	-2.726447E-7
44.674999	-3.572786E-7
44.735001	-3.234018E-7
44.794998	-5.601905E-7
44.855000	-2.345769E-7
44.915001	-3.572786E-7
44.974998	1.490116E-8
45.035000	6.984919E-8
45.095001	4.877802E-8
45.154999	2.759043E-8
45.215000	4.877802E-8
45.275002	-3.154855E-8
45.334999	4.447065E-8
45.395000	-2.091983E-7
45.455002	-2.430752E-7
45.514999	-5.179318E-7
45.575001	-5.095499E-7
45.634998	-3.614696E-7
45.695000	-2.938323E-7
45.755001	-2.345769E-7
45.814999	-3.149034E-7
45.875000	-1.047738E-8
45.935001	1.037261E-7
45.994999	1.798617E-7
46.055000	9.522773E-8
46.115002	3.608875E-8
46.174999	1.909211E-8
46.235001	-9.080395E-8
46.294998	-9.930227E-8
46.355000	-2.768356E-7
46.415001	-2.853340E-7
46.474998	-4.037283E-7
46.535000	-2.853340E-7
46.595001	-2.599554E-7
46.654999	-1.457520E-7
46.715000	-6.123446E-8
46.775002	-9.080395E-8
46.834999	8.253846E-8
46.895000	6.984919E-8
46.955002	2.759043E-8
47.014999	-2.008164E-7
47.075001	-4.004687E-8
47.134998	-2.768356E-7
47.195000	-1.711305E-7
47.255001	-4.461035E-7
47.314999	-5.601905E-7
47.375000	-3.149034E-7
47.439999	-3.741588E-7
47.500000	-5.686888E-7
47.560001	-8.661300E-8
47.619999	-2.008164E-7
47.680000	2.211891E-9
47.740002	-2.735760E-8
47.799999	9.953510E-8
47.860001	1.332955E-7
47.919998	8.253846E-8
47.980000	-1.246808E-7
48.040001	1.206063E-7
48.099998	-1.923181E-7
48.160000	-2.135057E-7
48.220001	-3.783498E-7
48.279999	-4.122267E-7
48.340000	-3.614696E-7
48.400002	-3.022142E-7
48.459999	-2.472661E-7
48.520000	-1.373701E-7
48.580002	-4.423782E-8
48.639999	1.713634E-7
48.700001	2.601882E-7
48.759998	1.490116E-8
48.820000	-4.423782E-8
48.880001	2.339948E-8
48.939999	-7.392373E-8
49.000000	2.339948E-8
49.060001	-2.768356E-7
49.119999	-3.699679E-7
49.180000	-1.965091E-7
49.240002	-3.360910E-7
49.299999	-2.684537E-7
49.360001	-1.923181E-7
49.419998	-2.388842E-7
49.480000	-1.542503E-7
49.540001	2.339948E-8
49.599998	1.713634E-7
49.660000	4.877802E-8
49.720001	1.909211E-8
49.779999	1.909211E-8
49.840000	-3.585592E-8
49.900002	-8.230563E-8
49.959999	-1.076842E-7
50.020000	-3.572786E-7
50.080002	-3.360910E-7
50.139999	-1.754379E-7
50.200001	-3.529713E-7
50.259998	-2.768356E-7
50.320000	-1.965091E-7
50.380001	-7.811468E-8
50.439999	-3.319001E-7
50.500000	1.909211E-8
50.560001	1.332955E-7
50.619999	2.052402E-7
50.680000	2.759043E-8
50.740002	4.027970E-8
50.799999	-1.203734E-7
50.860001	-1.584413E-7
50.919998	-2.345769E-7
50.980000	-5.264301E-7
51.040001	-3.107125E-7
51.099998	-2.938323E-7
51.160000	-2.641464E-7
51.220001	-1.711305E-7
51.279999	2.211891E-9
51.340000	-3.585592E-8
51.400002	-9.499490E-8
51.459999	6.984919E-8
51.520000	7.415656E-8
51.580002	-7.392373E-8
51.639999	6.146729E-8
51.700001	-1.203734E-7
51.759998	-1.838198E-7
51.820000	-2.176967E-7
51.880001	-3.487803E-7
51.939999	-1.754379E-7
52.000000	-2.980232E-7
52.060001	-2.388842E-7
52.119999	-1.500593E-7
52.180000	-2.938323E-7
52.240002	3.178138E-8
52.299999	9.953510E-8
52.360001	2.211891E-9
52.419998	2.813758E-7
52.480000	-2.895249E-7
52.540001	-5.692709E-8
52.599998	-1.203734E-7
52.660000	-1.161825E-7
52.720001	-3.107125E-7
52.779999	-3.910391E-7
52.840000	-4.629837E-7
52.900002	-3.656605E-7
52.959999	-2.091983E-7
53.020000	-3.107125E-7
53.080002	3.608875E-8
53.139999	-1.627486E-7
53.200001	1.164153E-7
53.259998	2.211891E-9
53.320000	1.164153E-7
53.380001	4.447065E-8
53.439999	-6.542541E-8
53.500000	-1.203734E-7
53.560001	-1.838198E-7
53.619999	-3.614696E-7
53.680000	-2.726447E-7
53.740002	-5.137408E-7
53.805000	-4.080357E-7
53.865002	-2.684537E-7
53.924999	-1.457520E-7
53.985001	-1.754379E-7
54.044998	-9.930227E-8
54.105000	-1.047738E-8
54.165001	-3.154855E-8
54.224998	8.253846E-8
54.285000	-8.230563E-8
54.345001	1.713634E-7
54.404999	-1.246808E-7
54.465000	-1.288718E-7
54.525002	-5.686888E-7
54.584999	-3.572786E-7
54.645000	-4.461035E-7
54.705002	-4.080357E-7
54.764999	-3.614696E-7
54.825001	-3.192108E-7
54.884998	-1.076842E-7
54.945000	-2.050074E-7
55.005001	-1.415610E-7
55.064999	-2.316665E-8
55.125000	1.909211E-8
55.185001	1.909211E-8
55.244999	-6.542541E-8
55.305000	-1.965091E-7
55.365002	-2.980232E-7
55.424999	-3.065215E-7
55.485001	-2.557645E-7
55.544998	-3.445894E-7
55.605000	-3.445894E-7
55.665001	-2.388842E-7
55.724998	-1.288718E-7
55.785000	-1.457520E-7
55.845001	-1.119915E-7
55.904999	2.759043E-8
55.965000	1.909211E-8
56.025002	1.909211E-8
56.084999	6.146729E-8
56.145000	1.122244E-7
56.205002	-6.170012E-9
56.264999	-1.627486E-7
56.325001	-1.500593E-7
56.384998	-1.415610E-7
56.445000	-5.264301E-7
56.505001	-3.319001E-7
56.564999	-4.080357E-7
56.625000	-2.811430E-7
56.685001	-5.692709E-8
56.744999	-2.768356E-7
56.805000	5.296897E-8
56.865002	1.079170E-7
56.924999	-1.076842E-7
56.985001	8.253846E-8
57.044998	1.798617E-7
57.105000	1.164153E-7
57.165001	-1.457520E-7
57.224998	-2.091983E-7
57.285000	-3.656605E-7
57.345001	-2.641464E-7
57.404999	-4.164176E-7
57.465000	-2.726447E-7
57.525002	-3.022142E-7
57.584999	-1.923181E-7
57.645000	-9.499490E-8
57.705002	1.756707E-7
57.764999	-3.022142E-7
57.825001	4.877802E-8
57.884998	1.164153E-7
57.945000	2.759043E-8
58.005001	1.840526E-7
58.064999	-3.699679E-7
58.125000	-8.230563E-8
58.185001	-4.798640E-7
58.244999	-4.925532E-7
58.305000	-3.107125E-7
58.365002	-3.319001E-7
58.424999	-4.714821E-7
58.485001	-4.883623E-7
58.544998	-1.161825E-7
58.605000	-3.154855E-8
58.665001	-1.466833E-8
58.724998	6.402843E-9
58.785000	2.390007E-7
58.845001	-4.004687E-8
58.904999	4.877802E-8
58.965000	-2.388842E-7
59.025002	-2.515735E-7
59.084999	-2.472661E-7
59.145000	-5.137408E-7
59.205002	-3.868481E-7
59.264999	-3.910391E-7
59.325001	-4.334142E-7
59.384998	-2.050074E-7
59.445000	-2.261950E-7
59.505001	-2.853340E-7
59.564999	4.877802E-8
59.625000	-1.288718E-7
59.685001	7.834751E-8
59.744999	7.415656E-8
59.805000	2.339948E-8
59.865002	-1.034932E-7
59.924999	-9.930227E-8
59.985001	-1.373701E-7
60.044998	-1.415610E-7
60.105000	-5.559996E-7
60.169998	-2.557645E-7
60.230000	-2.768356E-7
60.290001	-2.641464E-7
60.349998	-2.050074E-7
60.410000	-2.135057E-7
60.470001	-6.542541E-8
60.529999	1.376029E-7
60.590000	1.122244E-7
60.650002	1.249136E-7
60.709999	-6.170012E-9
60.770000	-8.230563E-8
60.830002	-2.768356E-7
60.889999	-2.768356E-7
60.950001	-3.487803E-7
61.009998	-3.149034E-7
61.070000	-3.699679E-7
61.130001	-4.080357E-7
61.189999	-7.811468E-8
61.250000	-1.881272E-7
61.310001	-1.881272E-7
61.369999	-1.542503E-7
61.430000	4.027970E-8
61.490002	-6.170012E-9
61.549999	3.178138E-8
61.610001	5.296897E-8
61.669998	-1.885928E-8
61.730000	-1.034932E-7
61.790001	-1.796288E-7
61.849998	-1.034932E-7
61.910000	-2.853340E-7
61.970001	-5.095499E-7
62.029999	-3.826572E-7
62.090000	-1.838198E-7
62.150002	-1.203734E-7
62.209999	-1.923181E-7
62.270000	-3.585592E-8
62.330002	-1.047738E-8
62.389999	-7.811468E-8
62.450001	6.984919E-8
62.509998	1.798617E-7
62.570000	1.909211E-8
62.630001	-1.330627E-7
62.689999	-1.246808E-7
62.750000	-4.714821E-7
62.810001	-3.529713E-7
62.869999	-3.529713E-7
62.930000	-2.980232E-7
62.990002	-2.726447E-7
63.049999	-3.572786E-7
63.110001	-1.034932E-7
63.169998	7.415656E-8
63.230000	6.565824E-8
63.290001	-3.585592E-8
63.349998	1.037261E-7
63.410000	4.447065E-8
63.470001	-1.885928E-8
63.529999	-1.373701E-7
63.590000	1.909211E-8
63.650002	-2.726447E-7
63.709999	-4.671747E-7
63.770000	-3.910391E-7
63.830002	-3.741588E-7
63.889999	-3.487803E-7
63.950001	-4.164176E-7
64.010002	-2.388842E-7
64.070000	-2.261950E-7
64.129997	-1.754379E-7
64.190002	1.071021E-8
64.250000	2.179295E-7
64.309998	6.984919E-8
64.370003	1.490116E-8
64.430000	-4.004687E-8
64.489998	-7.811468E-8
64.550003	-3.572786E-7
64.610001	-3.360910E-7
64.669998	-5.391194E-7
64.730003	-2.684537E-7
64.790001	-2.895249E-7
64.849998	-2.261950E-7
64.910004	-1.415610E-7
64.970001	-1.542503E-7
65.029999	2.211891E-9
65.089996	-3.154855E-8
65.150002	8.684583E-8
65.209999	-1.466833E-8
65.269997	-4.004687E-8
65.330002	-1.034932E-7
65.389999	-1.669396E-7
65.449997	-1.711305E-7
65.510002	-3.953464E-7
65.570000	-3.319001E-7
65.629997	-4.968606E-7
65.690002	-2.261950E-7
65.750000	-3.065215E-7
65.809998	-1.542503E-7
65.870003	-1.288718E-7
65.930000	-4.423782E-8
65.989998	-6.123446E-8
66.050003	6.565824E-8
66.110001	8.684583E-8
66.169998	-1.669396E-7
66.230003	-1.034932E-7
66.290001	-1.796288E-7
66.355003	-2.008164E-7
66.415001	-3.275927E-7
66.474998	-4.756730E-7
66.535004	-4.883623E-7
66.595001	-2.938323E-7
66.654999	-4.164176E-7
66.714996	1.071021E-8
66.775002	-1.373701E-7
66.834999	-1.979060E-9
66.894997	-3.022142E-7
66.955002	3.178138E-8
67.014999	-1.885928E-8
67.074997	-1.466833E-8
67.135002	-2.735760E-8
67.195000	-1.203734E-7
67.254997	-1.246808E-7
67.315002	-3.319001E-7
67.375000	-4.291069E-7
67.434998	-2.938323E-7
67.495003	-2.557645E-7
67.555000	-1.034932E-7
67.614998	-1.161825E-7
67.675003	-1.246808E-7
67.735001	-1.584413E-7
67.794998	9.953510E-8
67.855003	2.516899E-7
67.915001	-6.170012E-9
67.974998	-1.885928E-8
68.035004	-4.423782E-8
68.095001	-9.080395E-8
68.154999	-1.288718E-7
68.214996	-4.164176E-7
68.275002	-3.826572E-7
68.334999	-5.348120E-7
68.394997	-3.192108E-7
68.455002	-4.544854E-7
68.514999	-2.388842E-7
68.574997	-1.754379E-7
68.635002	-1.034932E-7
68.695000	-1.288718E-7
68.754997	1.079170E-7
68.815002	2.433080E-7
68.875000	-9.499490E-8
68.934998	-1.373701E-7
68.995003	-1.203734E-7
69.055000	-1.500593E-7
69.114998	-3.107125E-7
69.175003	-3.275927E-7
69.235001	-3.275927E-7
69.294998	-4.671747E-7
69.355003	-2.853340E-7
69.415001	-1.711305E-7
69.474998	2.211891E-9
69.535004	-7.811468E-8
69.595001	1.071021E-8
69.654999	-1.373701E-7
69.714996	1.909211E-8
69.775002	2.390007E-7
69.834999	-7.392373E-8
69.894997	-7.392373E-8
69.955002	-1.627486E-7
70.014999	-3.234018E-7
70.074997	-3.953464E-7
70.135002	-3.192108E-7
70.195000	-2.430752E-7
70.254997	-4.502945E-7
70.315002	-2.388842E-7
70.375000	-1.373701E-7
70.434998	-1.627486E-7
70.495003	6.146729E-8
70.555000	-5.273614E-8
70.614998	1.840526E-7
70.675003	4.877802E-8
70.735001	1.490116E-8
70.794998	-3.149034E-7
70.855003	-1.161825E-7
70.915001	-2.684537E-7
70.974998	-3.234018E-7
71.035004	-3.995374E-7
71.095001	-1.627486E-7
71.154999	-2.895249E-7
71.214996	-2.684537E-7
71.275002	-2.261950E-7
71.334999	-3.149034E-7
71.394997	1.490116E-8
71.455002	9.953510E-8
71.514999	1.490116E-8
71.574997	-1.500593E-7
71.635002	2.211891E-9
71.695000	-5.273614E-8
71.754997	-1.923181E-7
71.815002	-2.938323E-7
71.875000	-6.067567E-7
71.934998	-1.965091E-7
71.995003	-3.656605E-7
72.055000	-3.487803E-7
72.114998	-4.080357E-7
72.175003	1.490116E-8
72.239998	5.715992E-8
72.300003	-4.423782E-8
72.360001	1.122244E-7
72.419998	1.909211E-8
72.480003	5.715992E-8
72.540001	9.953510E-8
72.599998	-1.076842E-7
72.660004	-1.711305E-7
72.720001	-3.065215E-7
72.779999	-5.052425E-7
72.839996	-3.149034E-7
72.900002	-4.207250E-7
72.959999	-3.910391E-7
73.019997	-3.445894E-7
73.080002	-2.091983E-7
73.139999	-2.261950E-7
73.199997	1.544831E-7
73.260002	-8.661300E-8
73.320000	1.122244E-7
73.379997	3.608875E-8
73.440002	4.027970E-8
73.500000	-9.499490E-8
73.559998	-9.499490E-8
73.620003	-3.572786E-7
73.680000	-5.433103E-7
73.739998	-3.572786E-7
73.800003	-3.656605E-7
73.860001	-2.684537E-7
73.919998	-2.895249E-7
73.980003	-1.542503E-7
74.040001	-3.402820E-7
74.099998	-1.415610E-7
74.160004	-5.273614E-8
74.220001	-6.542541E-8
74.279999	4.447065E-8
74.339996	-1.754379E-7
74.400002	-4.004687E-8
74.459999	-1.711305E-7
74.519997	-1.711305E-7
74.580002	-2.050074E-7
74.639999	-4.249159E-7
74.699997	-5.518086E-7
74.760002	-1.627486E-7
74.820000	-4.461035E-7
74.879997	-1.542503E-7
74.940002	-1.203734E-7
75.000000	-6.123446E-8
75.059998	6.984919E-8
75.120003	-5.692709E-8
75.180000	-6.170012E-9
75.239998	1.037261E-7
75.300003	-4.004687E-8
75.360001	-1.161825E-7
75.419998	5.715992E-8
75.480003	-3.275927E-7
75.540001	-3.445894E-7
75.599998	-4.249159E-7
75.660004	-2.557645E-7
75.720001	-3.783498E-7
75.779999	-3.656605E-7
75.839996	-1.288718E-7
75.900002	-1.415610E-7
75.959999	6.146729E-8
76.019997	2.052402E-7
76.080002	2.516899E-7
76.139999	-6.170012E-9
76.199997	-1.669396E-7
76.260002	-3.234018E-7
76.320000	-2.768356E-7
76.379997	-9.080395E-8
76.440002	-5.010515E-7
76.500000	-5.052425E-7
76.559998	-2.938323E-7
76.620003	-2.557645E-7
76.680000	-2.641464E-7
76.739998	-2.938323E-7
76.800003	-2.768356E-7
76.860001	-7.392373E-8
76.919998	1.206063E-7
76.980003	7.834751E-8
77.040001	-1.542503E-7
77.099998	-2.599554E-7
77.160004	-1.373701E-7
77.220001	-7.811468E-8
77.279999	-2.980232E-7
77.339996	-2.980232E-7
77.400002	-5.095499E-7
77.459999	-3.445894E-7
77.519997	-3.234018E-7
77.580002	-4.798640E-7
77.639999	-2.316665E-8
77.699997	-1.500593E-7
77.760002	-5.273614E-8
77.820000	9.522773E-8
77.879997	-6.542541E-8
77.940002	8.253846E-8
78.000000	-1.885928E-8
78.059998	-2.735760E-8
78.120003	-2.641464E-7
78.184998	-1.373701E-7
78.245003	-3.614696E-7
78.305000	-1.669396E-7
78.364998	-3.995374E-7
78.425003	-3.656605E-7
78.485001	-2.135057E-7
78.544998	-1.838198E-7
78.605003	-2.938323E-7
78.665001	-8.661300E-8
78.724998	5.715992E-8
78.785004	2.643792E-7
78.845001	4.447065E-8
78.904999	-2.316665E-8
78.964996	-1.246808E-7
79.025002	-6.123446E-8
79.084999	-2.430752E-7
79.144997	-2.895249E-7
79.205002	-3.234018E-7
79.264999	-3.656605E-7
79.324997	-4.080357E-7
79.385002	-3.402820E-7
79.445000	3.608875E-8
79.504997	2.759043E-8
79.565002	5.296897E-8
79.625000	9.522773E-8
79.684998	-1.584413E-7
79.745003	4.877802E-8
79.805000	-1.627486E-7
79.864998	1.544831E-7
79.925003	-1.161825E-7
79.985001	-1.034932E-7
80.044998	-2.218876E-7
80.105003	-1.584413E-7
80.165001	-3.022142E-7
80.224998	-2.938323E-7
80.285004	-4.714821E-7
80.345001	-1.923181E-7
80.404999	-1.246808E-7
80.464996	-3.154855E-8
80.525002	4.877802E-8
80.584999	1.037261E-7
80.644997	1.249136E-7
80.705002	6.984919E-8
80.764999	1.249136E-7
80.824997	-9.080395E-8
80.885002	-1.542503E-7
80.945000	-2.515735E-7
81.004997	-4.587928E-7
81.065002	-3.741588E-7
81.125000	-3.699679E-7
81.184998	-3.065215E-7
81.245003	-6.542541E-8
81.305000	-2.218876E-7
81.364998	-2.316665E-8
81.425003	1.206063E-7
81.485001	1.164153E-7
81.544998	6.146729E-8
81.605003	5.296897E-8
81.665001	-9.080395E-8
81.724998	-9.080395E-8
81.785004	-2.599554E-7
81.845001	-1.161825E-7
81.904999	-3.402820E-7
81.964996	-3.107125E-7
82.025002	-1.584413E-7
82.084999	-2.388842E-7
82.144997	-2.684537E-7
82.205002	-2.008164E-7
82.264999	-2.768356E-7
82.324997	-2.895249E-7
82.385002	9.522773E-8
82.445000	6.146729E-8
82.504997	-3.585592E-8
82.565002	1.490116E-8
82.625000	-2.008164E-7
82.684998	-2.684537E-7
82.745003	-1.923181E-7
82.805000	-3.656605E-7
82.864998	-5.518086E-7
82.925003	-3.319001E-7
82.985001	-3.783498E-7
83.044998	-4.502945E-7
83.105003	-2.726447E-7
83.165001	3.178138E-8
83.224998	1.459848E-7
83.285004	2.211891E-9
83.345001	-6.170012E-9
83.404999	3.178138E-8
83.464996	-1.669396E-7
83.525002	-8.661300E-8
83.584999	-2.684537E-7
83.644997	-2.345769E-7
83.705002	-3.783498E-7
83.764999	-2.938323E-7
83.824997	-3.487803E-7
83.885002	-1.500593E-7
83.945000	-2.008164E-7
84.004997	-2.303859E-7
84.070000	-1.881272E-7
84.129997	-6.170012E-9
84.190002	-1.542503E-7
84.250000	8.684583E-8
84.309998	1.122244E-7
84.370003	5.296897E-8
84.430000	-1.979060E-9
84.489998	-3.234018E-7
84.550003	-1.965091E-7
84.610001	-1.330627E-7
84.669998	-5.433103E-7
84.730003	-2.345769E-7
84.790001	-6.575137E-7
84.849998	-2.472661E-7
84.910004	-1.881272E-7
84.970001	-2.218876E-7
85.029999	4.447065E-8
85.089996	9.103678E-8
85.150002	1.037261E-7
85.209999	-6.123446E-8
85.269997	1.798617E-7
85.330002	6.402843E-9
85.389999	-4.423782E-8
85.449997	-2.515735E-7
85.510002	-3.868481E-7
85.570000	-3.319001E-7
85.629997	-3.065215E-7
85.690002	-3.022142E-7
85.750000	-2.303859E-7
85.809998	-1.627486E-7
85.870003	-3.585592E-8
85.930000	1.840526E-7
85.989998	1.037261E-7
86.050003	2.855668E-7
86.110001	9.103678E-8
86.169998	4.027970E-8
86.230003	-3.154855E-8
86.290001	-2.768356E-7
86.349998	-2.316665E-8
86.410004	-4.798640E-7
86.470001	-3.529713E-7
86.529999	-3.275927E-7
86.589996	-4.122267E-7
86.650002	-3.529713E-7
86.709999	-2.218876E-7
86.769997	-1.373701E-7
86.830002	-8.230563E-8
86.889999	3.178138E-8
86.949997	1.071021E-8
87.010002	2.559973E-7
87.070000	-7.811468E-8
87.129997	-5.692709E-8
87.190002	-5.273614E-8
87.250000	-2.430752E-7
87.309998	-4.334142E-7
87.370003	-5.179318E-7
87.430000	-4.122267E-7
87.489998	-2.938323E-7
87.550003	-3.614696E-7
87.610001	-2.008164E-7
87.669998	-1.923181E-7
87.730003	-1.979060E-9
87.790001	4.027970E-8
87.849998	2.390007E-7
87.910004	2.813758E-7
87.970001	-1.161825E-7
88.029999	-2.735760E-8
88.089996	-1.415610E-7
88.150002	-2.980232E-7
88.209999	-3.360910E-7
88.269997	-3.656605E-7
88.330002	-3.402820E-7
88.389999	-4.122267E-7
88.449997	-5.601905E-7
88.510002	-3.360910E-7
88.570000	-1.711305E-7
88.629997	-3.445894E-7
88.690002	-1.330627E-7
88.750000	4.877802E-8
88.809998	3.178138E-8
88.870003	6.984919E-8
88.930000	4.027970E-8
88.989998	-1.246808E-7
89.050003	-3.585592E-8
89.110001	-1.711305E-7
89.169998	-4.080357E-7
89.230003	-1.330627E-7
89.290001	-3.529713E-7
89.349998	-3.149034E-7
89.410004	-2.768356E-7
89.470001	-1.965091E-7
89.529999	-1.584413E-7
89.589996	-3.154855E-8
89.650002	6.146729E-8
89.709999	2.474990E-7
89.769997	-9.930227E-8
89.830002	-5.692709E-8
89.889999	-2.218876E-7
89.955002	-2.853340E-7
90.014999	-3.065215E-7
90.074997	-3.107125E-7
90.135002	-3.192108E-7
90.195000	-3.699679E-7
90.254997	-3.445894E-7
90.315002	-2.895249E-7
90.375000	2.339948E-8
90.434998	-3.149034E-7
90.495003	-6.961636E-8
90.555000	-7.811468E-8
90.614998	8.684583E-8
90.675003	2.433080E-7
90.735001	7.834751E-8
90.794998	-1.838198E-7
90.855003	-1.542503E-7
90.915001	-2.599554E-7
90.974998	-2.938323E-7
91.035004	-3.107125E-7
91.095001	-1.965091E-7
91.154999	-5.601905E-7
91.214996	-2.895249E-7
91.275002	-1.711305E-7
91.334999	-1.415610E-7
91.394997	-9.080395E-8
91.455002	8.253846E-8
91.514999	-1.584413E-7
91.574997	1.079170E-7
91.635002	2.094312E-7
91.695000	4.877802E-8
91.754997	-1.119915E-7
91.815002	-1.119915E-7
91.875000	-4.756730E-7
91.934998	-3.275927E-7
91.995003	-5.433103E-7
92.055000	-5.221227E-7
92.114998	-8.661300E-8
92.175003	-2.218876E-7
92.235001	-3.234018E-7
92.294998	-2.599554E-7
92.355003	-1.457520E-7
92.415001	6.402843E-9
92.474998	-1.457520E-7
92.535004	-6.123446E-8
92.595001	-4.423782E-8
92.654999	-4.423782E-8
92.714996	-1.034932E-7
92.775002	-9.080395E-8
92.834999	-5.559996E-7
92.894997	-3.741588E-7
92.955002	-3.192108E-7
93.014999	-3.065215E-7
93.074997	-1.711305E-7
93.135002	-2.980232E-7
93.195000	-1.881272E-7
93.254997	-1.885928E-8
93.315002	1.079170E-7
93.375000	7.834751E-8
93.434998	2.263114E-7
93.495003	-1.542503E-7
93.555000	-1.584413E-7
93.614998	5.296897E-8
93.675003	-4.756730E-7
93.735001	-5.010515E-7
93.794998	-4.629837E-7
93.855003	-2.641464E-7
93.915001	-2.345769E-7
93.974998	-2.135057E-7
94.035004	-1.161825E-7
94.095001	1.164153E-7
94.154999	7.834751E-8
94.214996	1.206063E-7
94.275002	1.459848E-7
94.334999	1.164153E-7
94.394997	1.490116E-8
94.455002	-1.203734E-7
94.514999	-1.373701E-7
94.574997	-2.726447E-7
94.635002	-3.826572E-7
94.695000	-3.614696E-7
94.754997	-3.826572E-7
94.815002	-2.811430E-7
94.875000	-3.065215E-7
94.934998	-1.584413E-7
94.995003	-7.811468E-8
95.055000	-1.330627E-7
95.114998	-6.961636E-8
95.175003	4.447065E-8
95.235001	2.759043E-8
95.294998	6.146729E-8
95.355003	-9.930227E-8
95.415001	-1.330627E-7
95.474998	-3.614696E-7
95.535004	-3.656605E-7
95.595001	-1.669396E-7
95.654999	-2.388842E-7
95.714996	-2.599554E-7
95.775002	-3.445894E-7
95.839996	3.178138E-8
95.900002	-1.500593E-7
95.959999	-1.466833E-8
96.019997	2.813758E-7
96.080002	1.206063E-7
96.139999	3.608875E-8
96.199997	-2.303859E-7
96.260002	-2.316665E-8
96.320000	-1.500593E-7
96.379997	-1.330627E-7
96.440002	-3.360910E-7
96.500000	-3.149034E-7
96.559998	-4.164176E-7
96.620003	-4.544854E-7
96.680000	1.002848E-5
96.739998	1.029496E-5
96.800003	1.055712E-5
96.860001	1.081498E-5
96.919998	1.807569E-5
96.980003	1.823646E-5
97.040001	1.830410E-5
97.099998	1.849432E-5
97.160004	1.834636E-5
97.220001	1.835485E-5
97.279999	1.833367E-5
97.339996	1.825334E-5
97.400002	1.835485E-5
97.459999	1.833786E-5
97.519997	1.854089E-5
97.580002	1.857476E-5
97.639999	1.878617E-5
97.699997	1.883693E-5
97.760002	1.912867E-5
97.820000	1.927244E-5
97.879997	1.925975E-5
97.940002	1.945009E-5
98.000000	1.948385E-5
98.059998	1.935277E-5
98.120003	1.948816E-5
98.180000	1.952192E-5
98.239998	1.952192E-5
98.300003	1.952623E-5
98.360001	1.937395E-5
98.419998	1.962343E-5
98.480003	1.972064E-5
98.540001	1.978839E-5
98.599998	2.005056E-5
98.660004	2.016046E-5
98.720001	2.035080E-5
98.779999	2.036348E-5
98.839996	2.045231E-5
98.900002	2.057909E-5
98.959999	2.044800E-5
99.019997	2.062565E-5
99.080002	2.058339E-5
99.139999	2.066372E-5
99.199997	2.066372E-5
99.260002	2.079480E-5
99.320000	2.050295E-5
99.379997	2.095965E-5
99.440002	2.070598E-5
99.500000	2.096815E-5
99.559998	2.109923E-5
99.620003	2.126838E-5
99.680000	2.145872E-5
99.739998	2.156442E-5
99.800003	2.169551E-5
99.860001	2.150517E-5
99.919998	2.169132E-5
99.980003	2.161937E-5
100.040001	2.150517E-5
100.099998	2.185616E-5
100.160004	2.151786E-5
100.220001	2.175895E-5
100.279999	2.183928E-5
100.339996	2.190273E-5
100.400002	2.206757E-5
100.459999	2.214801E-5
100.519997	2.241018E-5
100.580002	2.242706E-5
100.639999	2.264278E-5
100.699997	2.257503E-5
100.760002	2.267235E-5
100.820000	2.265966E-5
100.879997	2.268504E-5
100.940002	2.283719E-5
101.000000	2.283719E-5
101.059998	2.254127E-5
101.120003	2.290914E-5
101.180000	2.274418E-5
101.239998	2.302753E-5
101.300003	2.283719E-5
101.360001	2.312905E-5
101.419998	2.324325E-5
101.480003	2.335734E-5
101.540001	2.354768E-5
101.599998	2.353918E-5
101.665001	2.375070E-5
101.724998	2.380984E-5
101.785004	2.380565E-5
101.845001	2.376758E-5
101.904999	2.388598E-5
101.964996	2.378447E-5
102.025002	2.392824E-5
102.084999	2.367876E-5
102.144997	2.406363E-5
102.205002	2.397050E-5
102.264999	2.403394E-5
102.324997	2.427923E-5
102.385002	2.424966E-5
102.445000	2.458796E-5
102.504997	2.465560E-5
102.565002	2.474443E-5
102.625000	2.482894E-5
102.684998	2.488389E-5
102.745003	2.484594E-5
102.805000	2.479088E-5
102.864998	2.489239E-5
102.925003	2.468098E-5
102.985001	2.470636E-5
103.044998	2.487970E-5
103.105003	2.491358E-5
103.165001	2.505735E-5
103.224998	2.520112E-5
103.285004	2.536597E-5
103.345001	2.543791E-5
103.404999	2.559437E-5
103.464996	2.550555E-5
103.525002	2.568320E-5
103.584999	2.581847E-5
103.644997	2.576353E-5
103.705002	2.556480E-5
103.764999	2.597494E-5
103.824997	2.568320E-5
103.885002	2.573815E-5
103.945000	2.572965E-5
104.004997	2.595375E-5
104.065002	2.575503E-5
104.125000	2.599182E-5
104.184998	2.611021E-5
104.245003	2.647820E-5
104.305000	2.657541E-5
104.364998	2.651196E-5
104.425003	2.684188E-5
104.485001	2.690952E-5
104.544998	2.693490E-5
104.605003	2.691371E-5
104.665001	2.661347E-5
104.724998	2.667273E-5
104.785004	2.667692E-5
104.845001	2.673606E-5
104.904999	2.682488E-5
104.964996	2.697716E-5
105.025002	2.699834E-5
105.084999	2.718437E-5
105.144997	2.737041E-5
105.205002	2.735772E-5
105.264999	2.757763E-5
105.324997	2.775097E-5
105.385002	2.766645E-5
105.445000	2.782291E-5
105.504997	2.779334E-5
105.565002	2.765376E-5
105.625000	2.793281E-5
105.684998	2.766645E-5
105.745003	2.766214E-5
105.805000	2.765376E-5
105.864998	2.786098E-5
105.925003	2.791174E-5
105.985001	2.816122E-5
106.044998	2.842338E-5
106.105003	2.831337E-5
106.165001	2.855028E-5
106.224998	2.830918E-5
106.285004	2.860092E-5
106.345001	2.890127E-5
106.404999	2.871093E-5
106.464996	2.867286E-5
106.525002	2.870243E-5
106.584999	2.863060E-5
106.644997	2.868555E-5
106.705002	2.861361E-5
106.764999	2.881663E-5
106.824997	2.896891E-5
106.885002	2.922677E-5
106.945000	2.919720E-5
107.004997	2.915075E-5
107.065002	2.931140E-5
107.125000	2.953550E-5
107.184998	2.970046E-5
107.245003	2.960744E-5
107.305000	2.983573E-5
107.364998	2.975960E-5
107.425003	2.974272E-5
107.485001	2.984423E-5
107.550003	2.948055E-5
107.610001	2.984004E-5
107.669998	2.976810E-5
107.730003	2.996682E-5
107.790001	2.992037E-5
107.849998	3.010640E-5
107.910004	3.028405E-5
107.970001	3.037706E-5
108.029999	3.052922E-5
108.089996	3.055041E-5
108.150002	3.070687E-5
108.209999	3.071537E-5
108.269997	3.068149E-5
108.330002	3.062235E-5
108.389999	3.065611E-5
108.449997	3.064761E-5
108.510002	3.069837E-5
108.570000	3.075763E-5
108.629997	3.060966E-5
108.690002	3.090559E-5
108.750000	3.119314E-5
108.809998	3.119314E-5
108.870003	3.116357E-5
108.930000	3.153144E-5
108.989998	3.146799E-5
109.050003	3.165833E-5
109.110001	3.168371E-5
109.169998	3.164983E-5
109.230003	3.157801E-5
109.290001	3.183598E-5
109.349998	3.150187E-5
109.410004	3.158220E-5
109.470001	3.177254E-5
109.529999	3.181899E-5
109.589996	3.175554E-5
109.650002	3.185705E-5
109.709999	3.197975E-5
109.769997	3.217848E-5
109.830002	3.220805E-5
109.889999	3.245333E-5
109.949997	3.263517E-5
110.010002	3.255904E-5
110.070000	3.258022E-5
110.129997	3.243645E-5
110.190002	3.274938E-5
110.250000	3.256754E-5
110.309998	3.247871E-5
110.370003	3.266055E-5
110.430000	3.263936E-5
110.489998	3.259711E-5
110.550003	3.292272E-5
110.610001	3.288465E-5
110.669998	3.304111E-5
110.730003	3.314263E-5
110.790001	3.334985E-5
110.849998	3.344286E-5
110.910004	3.354007E-5
110.970001	3.339211E-5
111.029999	3.368815E-5
111.089996	3.365008E-5
111.150002	3.359083E-5
111.209999	3.357395E-5
111.269997	3.347662E-5
111.330002	3.355707E-5
111.389999	3.370922E-5
111.449997	3.384461E-5
111.510002	3.448315E-5
111.570000	3.466068E-5
111.629997	3.497361E-5
111.690002	3.490597E-5
111.750000	3.522309E-5
111.809998	3.534579E-5
111.870003	3.519771E-5
111.930000	3.515545E-5
111.989998	3.516395E-5
112.050003	3.527815E-5
112.110001	3.513438E-5
112.169998	3.514707E-5
112.230003	3.521889E-5
112.290001	3.528234E-5
112.349998	3.529503E-5
112.410004	3.530353E-5
112.470001	3.550644E-5
112.529999	3.559107E-5
112.589996	3.594626E-5
112.650002	3.611110E-5
112.709999	3.614498E-5
112.769997	3.622961E-5
112.830002	3.619154E-5
112.889999	3.629294E-5
112.949997	3.615348E-5
113.010002	3.631413E-5
113.070000	3.633532E-5
113.129997	3.619993E-5
113.190002	3.628875E-5
113.250000	3.634370E-5
113.309998	3.650016E-5
113.370003	3.654673E-5
113.434998	3.667362E-5
113.495003	3.677502E-5
113.555000	3.693148E-5
113.614998	3.726978E-5
113.675003	3.718527E-5
113.735001	3.720215E-5
113.794998	3.722333E-5
113.855003	3.726140E-5
113.915001	3.731216E-5
113.974998	3.714301E-5
114.035004	3.708794E-5
114.095001	3.724871E-5
114.154999	3.733323E-5
114.214996	3.734173E-5
114.275002	3.753195E-5
114.334999	3.765046E-5
114.394997	3.772648E-5
114.455002	3.799296E-5
114.514999	3.826781E-5
114.574997	3.808597E-5
114.635002	3.803940E-5
114.695000	3.819168E-5
114.754997	3.810716E-5
114.815002	3.809447E-5
114.875000	3.822125E-5
114.934998	3.808178E-5
114.995003	3.806059E-5
115.055000	3.820856E-5
115.114998	3.850460E-5
115.175003	3.841158E-5
115.235001	3.836502E-5
115.294998	3.861031E-5
115.355003	3.879215E-5
115.415001	3.897818E-5
115.474998	3.909657E-5
115.535004	3.913464E-5
115.595001	3.916433E-5
115.654999	3.915164E-5
115.714996	3.908388E-5
115.775002	3.927003E-5
115.834999	3.913045E-5
115.894997	3.892742E-5
115.955002	3.921078E-5
116.014999	3.943488E-5
116.074997	3.940950E-5
116.135002	3.951101E-5
116.195000	3.951101E-5
116.254997	3.979856E-5
116.315002	3.977749E-5
116.375000	3.997621E-5
116.434998	4.017912E-5
116.495003	4.014536E-5
116.555000	4.028494E-5
116.614998	4.003965E-5
116.675003	4.024256E-5
116.735001	4.004384E-5
116.794998	3.994664E-5
116.855003	4.010729E-5
116.915001	4.003115E-5
116.974998	4.020880E-5
117.035004	4.038634E-5
117.095001	4.058937E-5
117.154999	4.062313E-5
117.214996	4.084304E-5
117.275002	4.077121E-5
117.334999	4.105875E-5
117.394997	4.096993E-5
117.455002	4.106294E-5
117.514999	4.099950E-5
117.574997	4.104187E-5
117.635002	4.109251E-5
117.695000	4.102918E-5
117.754997	4.099950E-5
117.815002	4.108832E-5
117.875000	4.116027E-5
117.934998	4.112639E-5
117.995003	4.149007E-5
118.055000	4.153664E-5
118.114998	4.161696E-5
118.175003	4.201022E-5
118.235001	4.194677E-5
118.294998	4.194258E-5
118.355003	4.198903E-5
118.415001	4.202710E-5
118.474998	4.189601E-5
118.535004	4.203559E-5
118.595001	4.192989E-5
118.654999	4.199753E-5
118.714996	4.217937E-5
118.775002	4.211592E-5
118.834999	4.219625E-5
118.894997	4.224281E-5
118.955002	4.235271E-5
119.014999	4.273327E-5
119.074997	4.276715E-5
119.135002	4.280522E-5
119.195000	4.266563E-5
119.254997	4.278403E-5
119.320000	4.297437E-5
119.379997	4.301663E-5
119.440002	4.298275E-5
119.500000	4.302082E-5
119.559998	4.297006E-5
119.620003	4.289823E-5
119.680000	4.295749E-5
119.739998	4.313083E-5
119.800003	4.323653E-5
119.860001	4.333374E-5
119.919998	4.337612E-5
119.980003	4.353677E-5
120.040001	4.369742E-5
120.099998	4.382851E-5
120.160004	4.397228E-5
120.220001	4.379044E-5
120.279999	4.395540E-5
120.339996	4.391733E-5
120.400002	4.377775E-5
120.459999	4.384120E-5
120.519997	4.381582E-5
120.580002	4.379475E-5
120.639999	4.386657E-5
120.699997	4.415843E-5
120.760002	4.418800E-5
120.820000	4.434865E-5
120.879997	4.450092E-5
120.940002	4.432327E-5
121.000000	4.491536E-5
121.059998	4.480965E-5
121.120003	4.502945E-5
121.180000	4.473352E-5
121.239998	4.478428E-5
121.300003	4.483503E-5
121.360001	4.487729E-5
121.419998	4.476728E-5
121.480003	4.476309E-5
121.540001	4.483503E-5
121.599998	4.499988E-5
121.660004	4.497881E-5
121.720001	4.519860E-5
121.779999	4.536775E-5
121.839996	4.550733E-5
121.900002	4.549883E-5
121.959999	4.564691E-5
122.019997	4.568917E-5
122.080002	4.577381E-5
122.139999	4.589220E-5
122.199997	4.579488E-5
122.260002	4.583295E-5
122.320000	4.577800E-5
122.379997	4.579907E-5
122.440002	4.576531E-5
122.500000	4.579488E-5
122.559998	4.595134E-5
122.620003	4.601479E-5
122.680000	4.626007E-5
122.739998	4.626845E-5
122.800003	4.646729E-5
122.860001	4.658569E-5
122.919998	4.654762E-5
122.980003	4.679710E-5
123.040001	4.670408E-5
123.099998	4.667020E-5
123.160004	4.672515E-5
123.220001	4.671246E-5
123.279999	4.661107E-5
123.339996	4.662375E-5
123.400002	4.679710E-5
123.459999	4.684366E-5
123.519997	4.700851E-5
123.580002	4.694937E-5
123.639999	4.712690E-5
123.699997	4.738907E-5
123.760002	4.751177E-5
123.820000	4.743983E-5
123.879997	4.764285E-5
123.940002	4.763016E-5
124.000000	4.767242E-5
124.059998	4.779932E-5
124.120003	4.765554E-5
124.180000	4.757522E-5
124.239998	4.758360E-5
124.300003	4.752015E-5
124.360001	4.757941E-5
124.419998	4.785846E-5
124.480003	4.790083E-5
124.540001	4.802342E-5
124.599998	4.810805E-5
124.660004	4.851818E-5
124.720001	4.835322E-5
124.779999	4.838291E-5
124.839996	4.856894E-5
124.900002	4.858163E-5
124.959999	4.846742E-5
125.019997	4.853087E-5
125.080002	4.875497E-5
125.139999	4.853937E-5
125.199997	4.850549E-5
125.264999	4.845054E-5
125.324997	4.855206E-5
125.385002	4.883530E-5
125.445000	4.878454E-5
125.504997	4.899176E-5
125.565002	4.921586E-5
125.625000	4.948652E-5
125.684998	4.950352E-5
125.745003	4.931318E-5
125.805000	4.952459E-5
125.864998	4.936813E-5
125.925003	4.951621E-5
125.985001	4.946114E-5
126.044998	4.941889E-5
126.105003	4.927930E-5
126.165001	4.954997E-5
126.224998	4.958385E-5
126.285004	4.971493E-5
126.345001	4.992634E-5
126.404999	4.973181E-5
126.464996	4.993903E-5
126.525002	5.019701E-5
126.584999	5.028583E-5
126.644997	5.030271E-5
126.705002	5.034078E-5
126.764999	5.043799E-5
126.824997	5.024776E-5
126.885002	5.039992E-5
126.945000	5.033228E-5
127.004997	5.035766E-5
127.065002	5.055638E-5
127.125000	5.035766E-5
127.184998	5.047605E-5
127.245003	5.064940E-5
127.305000	5.087361E-5
127.364998	5.086930E-5
127.425003	5.099201E-5
127.485001	5.120761E-5
127.544998	5.131762E-5
127.605003	5.125836E-5
127.665001	5.129224E-5
127.724998	5.134719E-5
127.785004	5.146139E-5
127.845001	5.128793E-5
127.904999	5.125836E-5
127.964996	5.135569E-5
128.024994	5.118654E-5
128.085007	5.109340E-5
128.145004	5.151634E-5
128.205002	5.176163E-5
128.264999	5.184195E-5
128.324997	5.190540E-5
128.384995	5.208724E-5
128.445007	5.205756E-5
128.505005	5.208724E-5
128.565002	5.222252E-5
128.625000	5.214638E-5
128.684998	5.221402E-5
128.744995	5.217607E-5
128.804993	5.218026E-5
128.865005	5.199423E-5
128.925003	5.223940E-5
128.985001	5.247199E-5
129.044998	5.227327E-5
129.104996	5.250156E-5
129.164993	5.264115E-5
129.225006	5.284417E-5
129.285004	5.294988E-5
129.345001	5.309365E-5
129.404999	5.306408E-5
129.464996	5.302601E-5
129.524994	5.312741E-5
129.585007	5.336001E-5
129.645004	5.307677E-5
129.705002	5.315279E-5
129.764999	5.311903E-5
129.824997	5.298795E-5
129.884995	5.308515E-5
129.945007	5.335582E-5
130.005005	5.325431E-5
130.065002	5.357573E-5
130.125000	5.377445E-5
130.184998	5.382102E-5
130.244995	5.395629E-5
130.304993	5.413813E-5
130.365005	5.400705E-5
130.425003	5.394779E-5
130.485001	5.407468E-5
130.544998	5.404931E-5
130.604996	5.413813E-5
130.664993	5.420577E-5
130.725006	5.400705E-5
130.785004	5.398167E-5
130.845001	5.403662E-5
130.904999	5.410425E-5
130.964996	5.433685E-5
131.024994	5.453988E-5
131.085007	5.473010E-5
131.145004	5.486549E-5
131.205002	5.480624E-5
131.264999	5.485280E-5
131.324997	5.488237E-5
131.384995	5.516992E-5
131.445007	5.486968E-5
131.505005	5.492463E-5
131.565002	5.488237E-5
131.625000	5.491194E-5
131.690002	5.495851E-5
131.750000	5.503884E-5
131.809998	5.527562E-5
131.869995	5.524186E-5
131.929993	5.528412E-5
131.990005	5.541940E-5
132.050003	5.563931E-5
132.110001	5.577889E-5
132.169998	5.567737E-5
132.229996	5.594804E-5
132.289993	5.589728E-5
132.350006	5.586341E-5
132.410004	5.590997E-5
132.470001	5.588459E-5
132.529999	5.593104E-5
132.589996	5.568587E-5
132.649994	5.590147E-5
132.710007	5.592266E-5
132.770004	5.597761E-5
132.830002	5.620602E-5
132.889999	5.629053E-5
132.949997	5.638786E-5
133.009995	5.663303E-5
133.070007	5.652732E-5
133.130005	5.667540E-5
133.190002	5.690369E-5
133.250000	5.682337E-5
133.309998	5.670497E-5
133.369995	5.697133E-5
133.429993	5.679380E-5
133.490005	5.668809E-5
133.550003	5.676411E-5
133.610001	5.681068E-5
133.669998	5.689100E-5
133.729996	5.711941E-5
133.789993	5.705596E-5
133.850006	5.718274E-5
133.910004	5.749147E-5
133.970001	5.761837E-5
134.029999	5.772407E-5
134.089996	5.767751E-5
134.149994	5.773676E-5
134.210007	5.777483E-5
134.270004	5.769450E-5
134.330002	5.775364E-5
134.389999	5.782128E-5
134.449997	5.772407E-5
134.509995	5.774095E-5
134.570007	5.776214E-5
134.630005	5.797355E-5
134.690002	5.788903E-5
134.750000	5.813001E-5
134.809998	5.826959E-5
134.869995	5.856564E-5
134.929993	5.858252E-5
134.990005	5.856983E-5
135.050003	5.862478E-5
135.110001	5.870510E-5
135.169998	5.849788E-5
135.229996	5.858671E-5
135.289993	5.861209E-5
135.350006	5.834992E-5
135.410004	5.879393E-5
135.470001	5.872210E-5
135.529999	5.875167E-5
135.589996	5.868822E-5
135.649994	5.909416E-5
135.710007	5.912373E-5
135.770004	5.936483E-5
135.830002	5.936052E-5
135.889999	5.945365E-5
135.949997	5.949591E-5
136.009995	5.958043E-5
136.070007	5.957205E-5
136.130005	5.968194E-5
136.190002	5.912373E-5
136.250000	5.950441E-5
136.309998	5.936483E-5
136.369995	5.946204E-5
136.429993	5.973270E-5
136.490005	5.972851E-5
136.550003	5.985959E-5
136.610001	5.999487E-5
136.669998	6.022747E-5
136.729996	6.020209E-5
136.789993	6.032467E-5
136.850006	6.032048E-5
136.910004	6.043469E-5
136.970001	6.037543E-5
137.029999	6.043469E-5
137.089996	6.043888E-5
137.149994	6.041350E-5
137.210007	6.020628E-5
137.270004	6.043888E-5
137.330002	6.036705E-5
137.389999	6.050651E-5
137.449997	6.078568E-5
137.509995	6.069266E-5
137.570007	6.111548E-5
137.630005	6.122550E-5
137.690002	6.125926E-5
137.750000	6.144959E-5
137.809998	6.128044E-5
137.869995	6.136927E-5
137.929993	6.128463E-5
137.990005	6.126775E-5
138.050003	6.134389E-5
138.110001	6.129313E-5
138.169998	6.129732E-5
138.229996	6.141991E-5
138.289993	6.149604E-5
138.350006	6.160606E-5
138.410004	6.176252E-5
138.470001	6.185973E-5
138.529999	6.196543E-5
138.595001	6.214308E-5
138.654999	6.221072E-5
138.714996	6.205426E-5
138.774994	6.227836E-5
138.835007	6.224029E-5
138.895004	6.239675E-5
138.955002	6.216846E-5
139.014999	6.217265E-5
139.074997	6.217684E-5
139.134995	6.200350E-5
139.195007	6.241794E-5
139.255005	6.230804E-5
139.315002	6.253214E-5
139.375000	6.261666E-5
139.434998	6.274774E-5
139.494995	6.299722E-5
139.554993	6.306497E-5
139.615005	6.309873E-5
139.675003	6.300991E-5
139.735001	6.325950E-5
139.794998	6.306916E-5
139.854996	6.321294E-5
139.914993	6.306916E-5
139.975006	6.312411E-5
140.035004	6.305648E-5
140.095001	6.317906E-5
140.154999	6.342016E-5
140.214996	6.338209E-5
140.274994	6.373308E-5
140.335007	6.382191E-5
140.395004	6.365275E-5
140.455002	6.380922E-5
140.514999	6.407558E-5
140.574997	6.397406E-5
140.634995	6.410095E-5
140.695007	6.411783E-5
140.755005	6.399106E-5
140.815002	6.400794E-5
140.875000	6.401213E-5
140.934998	6.405439E-5
140.994995	6.423204E-5
141.054993	6.436731E-5
141.115005	6.422785E-5
141.175003	6.432936E-5
141.235001	6.445195E-5
141.294998	6.472261E-5
141.354996	6.472261E-5
141.414993	6.487477E-5
141.475006	6.492983E-5
141.535004	6.499316E-5
141.595001	6.492133E-5
141.654999	6.480713E-5
141.714996	6.503554E-5
141.774994	6.506091E-5
141.835007	6.495521E-5
141.895004	6.486638E-5
141.955002	6.500166E-5
142.014999	6.508199E-5
142.074997	6.517931E-5
142.134995	6.531458E-5
142.195007	6.558944E-5
142.255005	6.566558E-5
142.315002	6.575859E-5
142.375000	6.564020E-5
142.434998	6.586430E-5
142.494995	6.588968E-5
142.554993	6.589817E-5
142.615005	6.585161E-5
142.675003	6.574590E-5
142.735001	6.581785E-5
142.794998	6.583473E-5
142.854996	6.580935E-5
142.914993	6.594462E-5
142.975006	6.618572E-5
143.035004	6.629142E-5
143.095001	6.623217E-5
143.154999	6.653252E-5
143.214996	6.660435E-5
143.274994	6.678619E-5
143.335007	6.677769E-5
143.395004	6.692577E-5
143.455002	6.654509E-5
143.514999	6.660435E-5
143.574997	6.660016E-5
143.634995	6.676081E-5
143.695007	6.669736E-5
143.755005	6.664661E-5
143.815002	6.702717E-5
143.875000	6.685802E-5
143.934998	6.708223E-5
143.994995	6.723020E-5
144.054993	6.724289E-5
144.115005	6.745430E-5
144.175003	6.753462E-5
144.235001	6.754731E-5
144.294998	6.762776E-5
144.354996	6.786874E-5
144.414993	6.756431E-5
144.475006	6.764883E-5
144.535004	6.760238E-5
144.595001	6.756850E-5
144.654999	6.763195E-5
144.714996	6.760238E-5
144.774994	6.763195E-5
144.835007	6.785605E-5
144.895004	6.803370E-5
144.955002	6.806746E-5
145.014999	6.832543E-5
145.074997	6.845233E-5
145.134995	6.853265E-5
145.195007	6.854534E-5
145.255005	6.853265E-5
145.315002	6.862986E-5
145.375000	6.847340E-5
145.434998	6.857491E-5
145.500000	6.870599E-5
145.559998	6.858760E-5
145.619995	6.863836E-5
145.679993	6.871449E-5
145.740005	6.876525E-5
145.800003	6.891321E-5
145.860001	6.904430E-5
145.919998	6.924733E-5
145.979996	6.929808E-5
146.039993	6.928109E-5
146.100006	6.938260E-5
146.160004	6.933184E-5
146.220001	6.947562E-5
146.279999	6.936572E-5
146.339996	6.936141E-5
146.399994	6.929808E-5
146.460007	6.938260E-5
146.520004	6.949261E-5
146.580002	6.969552E-5
146.639999	6.951368E-5
146.699997	6.979704E-5
146.759995	6.986468E-5
146.820007	6.997888E-5
146.880005	7.008458E-5
146.940002	7.030449E-5
147.000000	7.037213E-5
147.059998	7.038901E-5
147.119995	7.027492E-5
147.179993	7.053709E-5
147.240005	7.019029E-5
147.300003	7.036794E-5
147.360001	7.017760E-5
147.419998	7.038482E-5
147.479996	7.036794E-5
147.539993	7.053278E-5
147.600006	7.064280E-5
147.660004	7.074431E-5
147.720001	7.082033E-5
147.779999	7.078226E-5
147.839996	7.099379E-5
147.899994	7.114175E-5
147.960007	7.127703E-5
148.020004	7.112056E-5
148.080002	7.125596E-5
148.139999	7.122208E-5
148.199997	7.117132E-5
148.259995	7.108680E-5
148.320007	7.118832E-5
148.380005	7.123058E-5
148.440002	7.139973E-5
148.500000	7.128553E-5
148.559998	7.153931E-5
148.619995	7.177179E-5
148.679993	7.178029E-5
148.740005	7.208902E-5
148.800003	7.206784E-5
148.860001	7.213978E-5
148.919998	7.223699E-5
148.979996	7.209741E-5
149.039993	7.208472E-5
149.100006	7.209321E-5
149.160004	7.211010E-5
149.220001	7.220742E-5
149.279999	7.200858E-5
149.339996	7.221161E-5
149.399994	7.244421E-5
149.460007	7.238926E-5
149.520004	7.249496E-5
149.580002	7.260917E-5
149.639999	7.285434E-5
149.699997	7.300661E-5
149.759995	7.296004E-5
149.820007	7.296854E-5
149.880005	7.304049E-5
149.940002	7.328566E-5
150.000000	7.312081E-5
