% Langmuir characteristic curve

% U (Volt)	I (A)
150.000000	7.325935E-5
149.940002	7.308600E-5
149.880005	7.303944E-5
149.820007	7.303944E-5
149.759995	7.289147E-5
149.699997	7.269275E-5
149.639999	7.278996E-5
149.580002	7.240090E-5
149.520004	7.248553E-5
149.460007	7.218530E-5
149.399994	7.230369E-5
149.339996	7.215142E-5
149.279999	7.221068E-5
149.220001	7.220637E-5
149.160004	7.229520E-5
149.100006	7.225713E-5
149.039993	7.218949E-5
148.979996	7.213454E-5
148.919998	7.210497E-5
148.860001	7.196120E-5
148.800003	7.177505E-5
148.740005	7.160171E-5
148.679993	7.156364E-5
148.619995	7.128029E-5
148.559998	7.121265E-5
148.500000	7.106888E-5
148.440002	7.134373E-5
148.380005	7.122115E-5
148.320007	7.131416E-5
148.259995	7.132685E-5
148.199997	7.135642E-5
148.139999	7.135642E-5
148.080002	7.149600E-5
148.020004	7.123803E-5
147.960007	7.115770E-5
147.899994	7.077295E-5
147.839996	7.077714E-5
147.779999	7.067563E-5
147.720001	7.040927E-5
147.660004	7.053616E-5
147.600006	7.041346E-5
147.539993	7.043884E-5
147.479996	7.043884E-5
147.419998	7.039227E-5
147.360001	7.037539E-5
147.300003	7.047271E-5
147.240005	7.046841E-5
147.179993	7.040927E-5
147.119995	7.028237E-5
147.059998	7.029087E-5
147.000000	7.002440E-5
146.940002	6.999064E-5
146.880005	6.980030E-5
146.820007	6.948318E-5
146.759995	6.960577E-5
146.699997	6.934791E-5
146.639999	6.917876E-5
146.580002	6.959739E-5
146.520004	6.954663E-5
146.455002	6.945361E-5
146.395004	6.945780E-5
146.335007	6.959308E-5
146.274994	6.952544E-5
146.214996	6.927596E-5
146.154999	6.932672E-5
146.095001	6.928865E-5
146.035004	6.928446E-5
145.975006	6.895454E-5
145.914993	6.878970E-5
145.854996	6.847677E-5
145.794998	6.854022E-5
145.735001	6.859936E-5
145.675003	6.855710E-5
145.615005	6.846827E-5
145.554993	6.845559E-5
145.494995	6.845989E-5
145.434998	6.856560E-5
145.375000	6.867130E-5
145.315002	6.856560E-5
145.255005	6.854022E-5
145.195007	6.844720E-5
145.134995	6.833300E-5
145.074997	6.810890E-5
145.014999	6.806653E-5
144.955002	6.790168E-5
144.895004	6.795244E-5
144.835007	6.772822E-5
144.774994	6.769027E-5
144.714996	6.780017E-5
144.654999	6.765639E-5
144.595001	6.762682E-5
144.535004	6.773253E-5
144.475006	6.769027E-5
144.414993	6.766489E-5
144.354996	6.783404E-5
144.294998	6.761833E-5
144.235001	6.730121E-5
144.175003	6.732228E-5
144.115005	6.713625E-5
144.054993	6.689096E-5
143.994995	6.687827E-5
143.934998	6.670074E-5
143.875000	6.682763E-5
143.815002	6.697979E-5
143.755005	6.673031E-5
143.695007	6.667117E-5
143.634995	6.659073E-5
143.574997	6.675569E-5
143.514999	6.686139E-5
143.455002	6.674300E-5
143.395004	6.668805E-5
143.335007	6.662041E-5
143.274994	6.664998E-5
143.214996	6.636663E-5
143.154999	6.607908E-5
143.095001	6.590574E-5
143.035004	6.588455E-5
142.975006	6.586348E-5
142.914993	6.588455E-5
142.854996	6.577047E-5
142.794998	6.578735E-5
142.735001	6.588886E-5
142.675003	6.591843E-5
142.615005	6.591424E-5
142.554993	6.604102E-5
142.494995	6.571971E-5
142.434998	6.558432E-5
142.375000	6.566895E-5
142.315002	6.536872E-5
142.255005	6.541947E-5
142.195007	6.514462E-5
142.134995	6.502622E-5
142.074997	6.499235E-5
142.014999	6.484438E-5
141.955002	6.495428E-5
141.895004	6.498385E-5
141.835007	6.518688E-5
141.774994	6.507267E-5
141.714996	6.502192E-5
141.654999	6.502192E-5
141.595001	6.495847E-5
141.535004	6.492890E-5
141.475006	6.484857E-5
141.414993	6.478513E-5
141.354996	6.436650E-5
141.294998	6.431993E-5
141.235001	6.420584E-5
141.175003	6.415509E-5
141.115005	6.403239E-5
141.054993	6.405357E-5
140.994995	6.400712E-5
140.934998	6.390130E-5
140.875000	6.389711E-5
140.815002	6.430736E-5
140.755005	6.415928E-5
140.695007	6.427767E-5
140.634995	6.402819E-5
140.574997	6.394787E-5
140.514999	6.384635E-5
140.455002	6.371108E-5
140.395004	6.352505E-5
140.335007	6.334321E-5
140.274994	6.330933E-5
140.214996	6.323750E-5
140.154999	6.313599E-5
140.095001	6.308523E-5
140.035004	6.299641E-5
139.975006	6.321212E-5
139.914993	6.315706E-5
139.854996	6.321631E-5
139.794998	6.320782E-5
139.735001	6.311480E-5
139.675003	6.312749E-5
139.615005	6.294565E-5
139.554993	6.305985E-5
139.490005	6.250595E-5
139.429993	6.248895E-5
139.369995	6.231561E-5
139.309998	6.231980E-5
139.250000	6.235787E-5
139.190002	6.220140E-5
139.130005	6.238325E-5
139.070007	6.226904E-5
139.009995	6.210420E-5
138.949997	6.227335E-5
138.889999	6.229873E-5
138.830002	6.225216E-5
138.770004	6.212958E-5
138.710007	6.208732E-5
138.649994	6.178278E-5
138.589996	6.179546E-5
138.529999	6.168976E-5
138.470001	6.158825E-5
138.410004	6.150373E-5
138.350006	6.126694E-5
138.289993	6.116542E-5
138.229996	6.131339E-5
138.169998	6.129651E-5
138.110001	6.133039E-5
138.050003	6.126263E-5
137.990005	6.124156E-5
137.929993	6.143609E-5
137.869995	6.139802E-5
137.809998	6.125844E-5
137.750000	6.113586E-5
137.690002	6.083131E-5
137.630005	6.071292E-5
137.570007	6.064528E-5
137.509995	6.067485E-5
137.449997	6.057345E-5
137.389999	6.032386E-5
137.330002	6.051420E-5
137.270004	6.043806E-5
137.210007	6.045925E-5
137.149994	6.029860E-5
137.089996	6.051001E-5
137.029999	6.068754E-5
136.970001	6.040849E-5
136.910004	6.023934E-5
136.850006	6.034924E-5
136.789993	6.013783E-5
136.729996	6.001105E-5
136.669998	5.995599E-5
136.610001	5.968544E-5
136.550003	5.949510E-5
136.490005	5.959661E-5
136.429993	5.951198E-5
136.369995	5.946553E-5
136.309998	5.941058E-5
136.250000	5.948241E-5
136.190002	5.935982E-5
136.130005	5.960080E-5
136.070007	5.942327E-5
136.009995	5.973608E-5
135.949997	5.941058E-5
135.889999	5.931745E-5
135.830002	5.916099E-5
135.770004	5.909335E-5
135.710007	5.874666E-5
135.649994	5.883118E-5
135.589996	5.855632E-5
135.529999	5.861558E-5
135.470001	5.866203E-5
135.410004	5.860708E-5
135.350006	5.864096E-5
135.289993	5.858170E-5
135.229996	5.865365E-5
135.169998	5.871698E-5
135.110001	5.859439E-5
135.050003	5.856052E-5
134.990005	5.864096E-5
134.929993	5.826028E-5
134.869995	5.826878E-5
134.809998	5.798973E-5
134.750000	5.797273E-5
134.690002	5.768100E-5
134.630005	5.785015E-5
134.570007	5.773176E-5
134.509995	5.774025E-5
134.449997	5.783327E-5
134.389999	5.779520E-5
134.330002	5.785434E-5
134.270004	5.803199E-5
134.210007	5.779101E-5
134.149994	5.760067E-5
134.089996	5.763024E-5
134.029999	5.743571E-5
133.970001	5.730893E-5
133.910004	5.727087E-5
133.850006	5.706365E-5
133.789993	5.691138E-5
133.729996	5.680148E-5
133.669998	5.686493E-5
133.610001	5.679717E-5
133.550003	5.672115E-5
133.490005	5.681417E-5
133.429993	5.684374E-5
133.369995	5.688181E-5
133.309998	5.677610E-5
133.250000	5.679717E-5
133.190002	5.693675E-5
133.130005	5.650125E-5
133.070007	5.660695E-5
133.009995	5.631940E-5
132.949997	5.592185E-5
132.889999	5.586271E-5
132.830002	5.591346E-5
132.770004	5.597691E-5
132.710007	5.582883E-5
132.649994	5.567668E-5
132.585007	5.594722E-5
132.524994	5.585002E-5
132.464996	5.598529E-5
132.404999	5.580345E-5
132.345001	5.600648E-5
132.285004	5.606993E-5
132.225006	5.565968E-5
132.164993	5.563430E-5
132.104996	5.554978E-5
132.044998	5.539332E-5
131.985001	5.507190E-5
131.925003	5.512265E-5
131.865005	5.502545E-5
131.804993	5.503383E-5
131.744995	5.500845E-5
131.684998	5.489436E-5
131.625000	5.505502E-5
131.565002	5.508040E-5
131.505005	5.494931E-5
131.445007	5.521998E-5
131.384995	5.501276E-5
131.324997	5.487318E-5
131.264999	5.483511E-5
131.205002	5.461520E-5
131.145004	5.458982E-5
131.085007	5.428120E-5
131.024994	5.405280E-5
130.964996	5.418388E-5
130.904999	5.432765E-5
130.845001	5.409506E-5
130.785004	5.405711E-5
130.725006	5.403592E-5
130.664993	5.412474E-5
130.604996	5.422195E-5
130.544998	5.409506E-5
130.485001	5.405711E-5
130.425003	5.388795E-5
130.365005	5.413743E-5
130.304993	5.386677E-5
130.244995	5.359191E-5
130.184998	5.365536E-5
130.125000	5.334243E-5
130.065002	5.302951E-5
130.005005	5.316909E-5
129.945007	5.312671E-5
129.884995	5.319016E-5
129.824997	5.313102E-5
129.764999	5.309295E-5
129.705002	5.327479E-5
129.645004	5.347352E-5
129.585007	5.303801E-5
129.524994	5.324942E-5
129.464996	5.296187E-5
129.404999	5.297456E-5
129.345001	5.291530E-5
129.285004	5.283498E-5
129.225006	5.250936E-5
129.164993	5.231483E-5
129.104996	5.224301E-5
129.044998	5.227677E-5
128.985001	5.223870E-5
128.925003	5.228946E-5
128.865005	5.220494E-5
128.804993	5.231064E-5
128.744995	5.249667E-5
128.684998	5.234871E-5
128.625000	5.229795E-5
128.565002	5.223451E-5
128.505005	5.211192E-5
128.445007	5.198922E-5
128.384995	5.182438E-5
128.324997	5.168898E-5
128.264999	5.148607E-5
128.205002	5.154102E-5
128.145004	5.137187E-5
128.085007	5.128304E-5
128.024994	5.125767E-5
127.964996	5.119422E-5
127.904999	5.142682E-5
127.845001	5.147338E-5
127.785004	5.133799E-5
127.724998	5.139725E-5
127.665001	5.136337E-5
127.605003	5.116046E-5
127.544998	5.102088E-5
127.485001	5.099969E-5
127.425003	5.080947E-5
127.364998	5.066569E-5
127.305000	5.075871E-5
127.245003	5.044579E-5
127.184998	5.044159E-5
127.125000	5.039922E-5
127.065002	5.022588E-5
127.004997	5.031889E-5
126.945000	5.044159E-5
126.885002	5.069526E-5
126.824997	5.041191E-5
126.764999	5.048804E-5
126.705002	5.037396E-5
126.644997	5.031889E-5
126.584999	5.014136E-5
126.525002	5.003985E-5
126.464996	5.014555E-5
126.404999	4.959584E-5
126.345001	4.980725E-5
126.285004	4.951551E-5
126.224998	4.948163E-5
126.165001	4.953658E-5
126.105003	4.940131E-5
126.044998	4.960003E-5
125.980003	4.939712E-5
125.919998	4.955358E-5
125.860001	4.949013E-5
125.800003	4.946056E-5
125.739998	4.934217E-5
125.680000	4.934217E-5
125.620003	4.908838E-5
125.559998	4.906300E-5
125.500000	4.867394E-5
125.440002	4.860631E-5
125.379997	4.858524E-5
125.320000	4.863169E-5
125.260002	4.858524E-5
125.199997	4.861481E-5
125.139999	4.861481E-5
125.080002	4.860631E-5
125.019997	4.857674E-5
124.959999	4.860212E-5
124.900002	4.863169E-5
124.839996	4.837371E-5
124.779999	4.847522E-5
124.720001	4.816230E-5
124.660004	4.809466E-5
124.599998	4.801853E-5
124.540001	4.771410E-5
124.480003	4.769291E-5
124.419998	4.760840E-5
124.360001	4.770560E-5
124.300003	4.762528E-5
124.239998	4.769291E-5
124.180000	4.782400E-5
124.120003	4.769722E-5
124.059998	4.759140E-5
124.000000	4.767184E-5
123.940002	4.763796E-5
123.879997	4.759140E-5
123.820000	4.743494E-5
123.760002	4.725321E-5
123.699997	4.724890E-5
123.639999	4.698255E-5
123.580002	4.710513E-5
123.519997	4.674576E-5
123.459999	4.676683E-5
123.400002	4.672038E-5
123.339996	4.672457E-5
123.279999	4.677533E-5
123.220001	4.676683E-5
123.160004	4.676683E-5
123.099998	4.685146E-5
123.040001	4.658930E-5
122.980003	4.669500E-5
122.919998	4.649628E-5
122.860001	4.636939E-5
122.800003	4.629744E-5
122.739998	4.596764E-5
122.680000	4.608184E-5
122.620003	4.576892E-5
122.559998	4.593388E-5
122.500000	4.571816E-5
122.440002	4.580268E-5
122.379997	4.587881E-5
122.320000	4.587043E-5
122.260002	4.607765E-5
122.199997	4.593388E-5
122.139999	4.582806E-5
122.080002	4.563364E-5
122.019997	4.570547E-5
121.959999	4.564633E-5
121.900002	4.541792E-5
121.839996	4.535448E-5
121.779999	4.512619E-5
121.720001	4.502467E-5
121.660004	4.479627E-5
121.599998	4.494004E-5
121.540001	4.514307E-5
121.480003	4.489778E-5
121.419998	4.492316E-5
121.360001	4.501618E-5
121.300003	4.513038E-5
121.239998	4.483014E-5
121.180000	4.491466E-5
121.120003	4.499929E-5
121.059998	4.474132E-5
121.000000	4.453410E-5
120.940002	4.438614E-5
120.879997	4.428043E-5
120.820000	4.408590E-5
120.760002	4.392525E-5
120.699997	4.399288E-5
120.639999	4.395901E-5
120.580002	4.390406E-5
120.519997	4.402664E-5
120.459999	4.378147E-5
120.400002	4.402245E-5
120.339996	4.402245E-5
120.279999	4.391675E-5
120.220001	4.378147E-5
120.160004	4.378986E-5
120.095001	4.368846E-5
120.035004	4.346424E-5
119.974998	4.361651E-5
119.915001	4.328240E-5
119.855003	4.307949E-5
119.794998	4.295690E-5
119.735001	4.303723E-5
119.675003	4.299066E-5
119.614998	4.303723E-5
119.555000	4.318939E-5
119.495003	4.317670E-5
119.434998	4.310068E-5
119.375000	4.319369E-5
119.315002	4.319369E-5
119.254997	4.287227E-5
119.195000	4.282151E-5
119.135002	4.237331E-5
119.074997	4.255516E-5
119.014999	4.239439E-5
118.955002	4.213653E-5
118.894997	4.213653E-5
118.834999	4.213222E-5
118.775002	4.206458E-5
118.714996	4.208996E-5
118.654999	4.207308E-5
118.595001	4.229299E-5
118.535004	4.206039E-5
118.474998	4.207308E-5
118.415001	4.215341E-5
118.355003	4.207308E-5
118.294998	4.190393E-5
118.235001	4.167983E-5
118.175003	4.159100E-5
118.114998	4.148530E-5
118.055000	4.124420E-5
117.995003	4.124001E-5
117.934998	4.103710E-5
117.875000	4.105398E-5
117.815002	4.113431E-5
117.754997	4.088064E-5
117.695000	4.111312E-5
117.635002	4.125270E-5
117.574997	4.127808E-5
117.514999	4.108355E-5
117.455002	4.106667E-5
117.394997	4.104979E-5
117.334999	4.094827E-5
117.275002	4.065223E-5
117.214996	4.050427E-5
117.154999	4.036888E-5
117.095001	4.019972E-5
117.035004	4.022091E-5
116.974998	4.027167E-5
116.915001	4.003057E-5
116.855003	4.006026E-5
116.794998	4.007714E-5
116.735001	4.033512E-5
116.675003	4.014478E-5
116.614998	4.018284E-5
116.555000	4.011940E-5
116.495003	4.016596E-5
116.434998	3.967120E-5
116.375000	3.968389E-5
116.315002	3.977271E-5
116.254997	3.955280E-5
116.195000	3.933290E-5
116.135002	3.933709E-5
116.074997	3.924838E-5
116.014999	3.924838E-5
115.955002	3.920181E-5
115.894997	3.929902E-5
115.834999	3.922719E-5
115.775002	3.915525E-5
115.714996	3.947248E-5
115.654999	3.928633E-5
115.595001	3.936247E-5
115.535004	3.915955E-5
115.474998	3.890577E-5
115.415001	3.880856E-5
115.355003	3.876630E-5
115.294998	3.855908E-5
115.235001	3.835186E-5
115.175003	3.839412E-5
115.114998	3.828842E-5
115.055000	3.825885E-5
114.995003	3.828423E-5
114.934998	3.833917E-5
114.875000	3.842800E-5
114.815002	3.837305E-5
114.754997	3.845757E-5
114.695000	3.835186E-5
114.635002	3.817002E-5
114.574997	3.802625E-5
114.514999	3.790366E-5
114.455002	3.769645E-5
114.394997	3.754417E-5
114.334999	3.744266E-5
114.275002	3.752299E-5
114.209999	3.738771E-5
114.150002	3.736652E-5
114.089996	3.744266E-5
114.029999	3.732427E-5
113.970001	3.732007E-5
113.910004	3.751030E-5
113.849998	3.753568E-5
113.790001	3.738771E-5
113.730003	3.714673E-5
113.669998	3.704941E-5
113.610001	3.699027E-5
113.550003	3.668154E-5
113.489998	3.660121E-5
113.430000	3.636442E-5
113.370003	3.645325E-5
113.309998	3.634323E-5
113.250000	3.636442E-5
113.190002	3.631786E-5
113.129997	3.637711E-5
113.070000	3.634742E-5
113.010002	3.640668E-5
112.949997	3.641518E-5
112.889999	3.635173E-5
112.830002	3.601762E-5
112.769997	3.621634E-5
112.709999	3.592460E-5
112.650002	3.592041E-5
112.589996	3.573427E-5
112.529999	3.565825E-5
112.470001	3.545103E-5
112.410004	3.536639E-5
112.349998	3.541715E-5
112.290001	3.554404E-5
112.230003	3.508735E-5
112.169998	3.526499E-5
112.110001	3.518455E-5
112.050003	3.521424E-5
111.989998	3.537070E-5
111.930000	3.534101E-5
111.870003	3.512960E-5
111.809998	3.518455E-5
111.750000	3.519305E-5
111.690002	3.477861E-5
111.629997	3.460527E-5
111.570000	3.453344E-5
111.510002	3.448268E-5
111.449997	3.437698E-5
111.389999	3.417814E-5
111.330002	3.434729E-5
111.269997	3.416545E-5
111.209999	3.421202E-5
111.150002	3.436429E-5
111.089996	3.441924E-5
111.029999	3.423740E-5
110.970001	3.422890E-5
110.910004	3.414438E-5
110.849998	3.403018E-5
110.790001	3.389060E-5
110.730003	3.370875E-5
110.669998	3.336626E-5
110.610001	3.336626E-5
110.550003	3.326475E-5
110.489998	3.299839E-5
110.430000	3.255019E-5
110.370003	3.260095E-5
110.309998	3.283343E-5
110.250000	3.268966E-5
110.190002	3.274041E-5
110.129997	3.267277E-5
110.070000	3.259245E-5
110.010002	3.240642E-5
109.949997	3.268546E-5
109.889999	3.227952E-5
109.830002	3.220758E-5
109.769997	3.191165E-5
109.709999	3.181433E-5
109.650002	3.170862E-5
109.589996	3.162830E-5
109.529999	3.163249E-5
109.470001	3.163680E-5
109.410004	3.167486E-5
109.349998	3.165787E-5
109.290001	3.175519E-5
109.230003	3.166217E-5
109.169998	3.172131E-5
109.110001	3.164099E-5
109.050003	3.147603E-5
108.989998	3.140001E-5
108.930000	3.125193E-5
108.870003	3.119698E-5
108.809998	3.125623E-5
108.750000	3.091793E-5
108.690002	3.102783E-5
108.629997	3.080373E-5
108.570000	3.071490E-5
108.510002	3.054994E-5
108.449997	3.079954E-5
108.389999	3.063877E-5
108.324997	3.078685E-5
108.264999	3.081642E-5
108.205002	3.070221E-5
108.144997	3.068952E-5
108.084999	3.054994E-5
108.025002	3.039779E-5
107.964996	3.022444E-5
107.904999	3.016519E-5
107.845001	2.995378E-5
107.785004	2.978882E-5
107.724998	2.968730E-5
107.665001	2.997916E-5
107.605003	2.980151E-5
107.544998	2.966623E-5
107.485001	2.975925E-5
107.425003	2.981839E-5
107.364998	2.978463E-5
107.305000	2.975506E-5
107.245003	2.961128E-5
107.184998	2.961548E-5
107.125000	2.944632E-5
107.065002	2.905307E-5
107.004997	2.923911E-5
106.945000	2.904888E-5
106.885002	2.869789E-5
106.824997	2.886273E-5
106.764999	2.903619E-5
106.705002	2.876972E-5
106.644997	2.891349E-5
106.584999	2.889242E-5
106.525002	2.888811E-5
106.464996	2.874434E-5
106.404999	2.868939E-5
106.345001	2.871477E-5
106.285004	2.865132E-5
106.224998	2.861745E-5
106.165001	2.845679E-5
106.105003	2.835528E-5
106.044998	2.805504E-5
105.985001	2.797053E-5
105.925003	2.775062E-5
105.864998	2.808042E-5
105.805000	2.791127E-5
105.745003	2.789439E-5
105.684998	2.794934E-5
105.625000	2.779718E-5
105.565002	2.770417E-5
105.504997	2.783944E-5
105.445000	2.783525E-5
105.385002	2.771255E-5
105.324997	2.761954E-5
105.264999	2.753921E-5
105.205002	2.741232E-5
105.144997	2.715865E-5
105.084999	2.720091E-5
105.025002	2.691755E-5
104.964996	2.682034E-5
104.904999	2.675690E-5
104.845001	2.682034E-5
104.785004	2.670195E-5
104.724998	2.680346E-5
104.665001	2.672733E-5
104.605003	2.698950E-5
104.544998	2.695562E-5
104.485001	2.692605E-5
104.425003	2.684991E-5
104.364998	2.667238E-5
104.305000	2.644397E-5
104.245003	2.631289E-5
104.184998	2.630870E-5
104.125000	2.604653E-5
104.065002	2.593652E-5
104.004997	2.587738E-5
103.945000	2.616062E-5
103.885002	2.586038E-5
103.824997	2.591114E-5
103.764999	2.588576E-5
103.705002	2.590276E-5
103.644997	2.596190E-5
103.584999	2.607610E-5
103.525002	2.584769E-5
103.464996	2.555596E-5
103.404999	2.561091E-5
103.345001	2.566166E-5
103.285004	2.528529E-5
103.224998	2.498936E-5
103.165001	2.505281E-5
103.105003	2.481590E-5
103.044998	2.488366E-5
102.985001	2.486247E-5
102.925003	2.476515E-5
102.864998	2.488785E-5
102.805000	2.495130E-5
102.745003	2.524303E-5
102.684998	2.491323E-5
102.625000	2.482859E-5
102.565002	2.472720E-5
102.504997	2.457073E-5
102.440002	2.467644E-5
102.379997	2.433383E-5
102.320000	2.415210E-5
102.260002	2.397026E-5
102.199997	2.392370E-5
102.139999	2.391520E-5
102.080002	2.384337E-5
102.019997	2.384756E-5
101.959999	2.391520E-5
101.900002	2.392370E-5
101.839996	2.417318E-5
101.779999	2.387294E-5
101.720001	2.406747E-5
101.660004	2.379261E-5
101.599998	2.352626E-5
101.540001	2.357271E-5
101.480003	2.352626E-5
101.419998	2.331904E-5
101.360001	2.310763E-5
101.300003	2.290460E-5
101.239998	2.291729E-5
101.180000	2.270157E-5
101.120003	2.295116E-5
101.059998	2.290879E-5
101.000000	2.311601E-5
100.940002	2.296385E-5
100.879997	2.273964E-5
100.820000	2.288772E-5
100.760002	2.279470E-5
100.699997	2.265512E-5
100.639999	2.249447E-5
100.580002	2.241833E-5
100.519997	2.206734E-5
100.459999	2.207584E-5
100.400002	2.200389E-5
100.339996	2.194475E-5
100.279999	2.175441E-5
100.220001	2.189400E-5
100.160004	2.194045E-5
100.099998	2.173323E-5
100.040001	2.182624E-5
99.980003	2.196582E-5
99.919998	2.189400E-5
99.860001	2.177129E-5
99.800003	2.168678E-5
99.739998	2.154300E-5
99.680000	2.104405E-5
99.620003	2.123008E-5
99.559998	2.094253E-5
99.500000	2.087059E-5
99.440002	2.085371E-5
99.379997	2.091285E-5
99.320000	2.075220E-5
99.260002	2.069306E-5
99.199997	2.076488E-5
99.139999	2.090447E-5
99.080002	2.095941E-5
99.019997	2.071413E-5
98.959999	2.063799E-5
98.900002	2.060842E-5
98.839996	2.043508E-5
98.779999	2.016872E-5
98.720001	2.049853E-5
98.660004	2.000376E-5
98.599998	1.989806E-5
98.540001	1.980073E-5
98.480003	1.963158E-5
98.419998	1.977116E-5
98.360001	1.963158E-5
98.300003	1.958513E-5
98.239998	1.973729E-5
98.180000	1.972890E-5
98.120003	1.991494E-5
98.059998	1.972041E-5
98.000000	1.949631E-5
97.940002	1.946243E-5
97.879997	1.933984E-5
97.820000	1.923414E-5
97.760002	1.890853E-5
97.699997	1.873937E-5
97.639999	1.876056E-5
97.580002	1.870131E-5
97.519997	1.867174E-5
97.459999	1.859979E-5
97.400002	1.881970E-5
97.339996	1.829956E-5
97.279999	1.861679E-5
97.220001	1.845183E-5
97.160004	1.847721E-5
97.099998	1.851108E-5
97.040001	1.837150E-5
96.980003	1.818116E-5
96.919998	1.823192E-5
96.860001	1.795706E-5
96.800003	1.756381E-5
96.739998	1.747929E-5
96.680000	1.742004E-5
96.614998	1.744123E-5
96.555000	1.720013E-5
96.495003	1.720863E-5
96.434998	1.736928E-5
96.375000	1.739047E-5
96.315002	1.743692E-5
96.254997	1.725089E-5
96.195000	1.743273E-5
96.135002	1.699722E-5
96.074997	1.695915E-5
96.014999	1.679838E-5
95.955002	1.661235E-5
95.894997	1.630792E-5
95.834999	1.622329E-5
95.775002	1.597812E-5
95.714996	1.609651E-5
95.654999	1.598650E-5
95.595001	1.596543E-5
95.535004	1.594005E-5
95.474998	1.588080E-5
95.415001	1.577928E-5
95.355003	1.589349E-5
95.294998	1.577509E-5
95.235001	1.568627E-5
95.175003	1.538603E-5
95.114998	1.548335E-5
95.055000	1.494633E-5
94.995003	1.471792E-5
94.934998	1.463341E-5
94.875000	1.447264E-5
94.815002	1.392292E-5
94.754997	1.407939E-5
94.695000	1.391873E-5
94.635002	1.356774E-5
94.574997	3.109453E-7
94.514999	-1.330627E-7
94.455002	-1.838198E-7
94.394997	-1.499429E-7
94.334999	-4.004687E-8
94.275002	-5.273614E-8
94.214996	-3.571622E-7
94.154999	-2.175802E-7
94.095001	-2.345769E-7
94.035004	-4.798640E-7
93.974998	-4.291069E-7
93.915001	-5.052425E-7
93.855003	-2.345769E-7
93.794998	-4.798640E-7
93.735001	-6.405171E-7
93.675003	-2.683373E-7
93.614998	-2.260786E-7
93.555000	-1.203734E-7
93.495003	-2.302695E-7
93.434998	-1.372537E-7
93.375000	-1.036096E-8
93.315002	-1.542503E-7
93.254997	-1.161825E-7
93.195000	-4.079193E-7
93.135002	-3.825407E-7
93.074997	-5.136244E-7
93.014999	-5.390029E-7
92.955002	-3.825407E-7
92.894997	-4.079193E-7
92.834999	-3.868481E-7
92.775002	-2.980232E-7
92.714996	-2.218876E-7
92.654999	-1.923181E-7
92.595001	-7.380731E-8
92.535004	-9.499490E-8
92.474998	-8.649658E-8
92.415001	-2.133893E-7
92.355003	-2.599554E-7
92.294998	-2.810266E-7
92.235001	-4.332978E-7
92.175003	-5.433103E-7
92.114998	-2.937159E-7
92.055000	-4.544854E-7
91.995003	-6.151386E-7
91.934998	-5.433103E-7
91.875000	-2.895249E-7
91.815002	-2.302695E-7
91.754997	-4.004687E-8
91.695000	-6.170012E-9
91.635002	-1.118751E-7
91.574997	-2.735760E-8
91.514999	-3.107125E-7
91.455002	-2.599554E-7
91.394997	-3.360910E-7
91.334999	-4.671747E-7
91.275002	-4.459871E-7
91.214996	-6.448245E-7
91.154999	-5.221227E-7
91.095001	-3.402820E-7
91.035004	-4.713656E-7
90.974998	-4.079193E-7
90.915001	-2.387678E-7
90.855003	-8.649658E-8
90.794998	-4.842877E-8
90.730003	-3.154855E-8
90.669998	-1.288718E-7
90.610001	-1.161825E-7
90.550003	-2.810266E-7
90.489998	-3.487803E-7
90.430000	-5.179318E-7
90.370003	-5.601905E-7
90.309998	-6.532064E-7
90.250000	-4.882459E-7
90.190002	-3.487803E-7
90.129997	-4.079193E-7
90.070000	-2.514571E-7
90.010002	-3.360910E-7
89.949997	1.037261E-7
89.889999	-7.380731E-8
89.830002	-1.076842E-7
89.769997	-1.288718E-7
89.709999	-5.273614E-8
89.650002	-2.387678E-7
89.589996	-4.840549E-7
89.529999	-3.910391E-7
89.470001	-2.302695E-7
89.410004	-4.967442E-7
89.349998	-6.236369E-7
89.290001	-5.094334E-7
89.230003	-5.770708E-7
89.169998	-2.726447E-7
89.110001	-2.133893E-7
89.050003	-1.415610E-7
88.989998	-2.735760E-8
88.930000	-3.573950E-8
88.870003	-2.345769E-7
88.809998	-3.573950E-8
88.750000	-2.091983E-7
88.690002	-3.487803E-7
88.629997	-2.429588E-7
88.570000	-4.374888E-7
88.510002	-4.713656E-7
88.449997	-6.278278E-7
88.389999	-5.813781E-7
88.330002	-5.813781E-7
88.269997	-2.472661E-7
88.209999	-2.260786E-7
88.150002	-1.372537E-7
88.089996	2.770685E-8
88.029999	1.671724E-7
87.970001	-2.472661E-7
87.910004	-2.302695E-7
87.849998	-1.584413E-7
87.790001	-4.291069E-7
87.730003	-2.599554E-7
87.669998	-4.291069E-7
87.610001	-6.363261E-7
87.550003	-8.012867E-7
87.489998	-5.052425E-7
87.430000	-4.713656E-7
87.370003	-7.380731E-8
87.309998	-2.175802E-7
87.250000	-2.133893E-7
87.190002	-6.961636E-8
87.129997	-2.302695E-7
87.070000	-1.034932E-7
87.010002	-1.711305E-7
86.949997	-1.711305E-7
86.889999	-2.599554E-7
86.830002	-2.726447E-7
86.769997	-4.037283E-7
86.709999	-2.387678E-7
86.650002	-4.755566E-7
86.589996	-4.586764E-7
86.529999	-6.067567E-7
86.470001	-2.810266E-7
86.410004	-4.882459E-7
86.349998	-1.245644E-7
86.290001	-1.076842E-7
86.230003	-2.305023E-8
86.169998	-4.423782E-8
86.110001	-1.203734E-7
86.050003	5.727634E-8
85.989998	-2.218876E-7
85.930000	-3.275927E-7
85.870003	-3.825407E-7
85.809998	-5.940674E-7
85.750000	-5.601905E-7
85.690002	-4.206086E-7
85.629997	-4.122267E-7
85.570000	-9.080395E-8
85.510002	-1.838198E-7
85.449997	-1.161825E-7
85.389999	-1.542503E-7
85.330002	-2.514571E-7
85.269997	1.417939E-7
85.209999	-1.330627E-7
85.150002	-1.753215E-7
85.089996	-3.360910E-7
85.029999	-3.910391E-7
84.970001	-3.064051E-7
84.910004	-4.967442E-7
84.849998	-4.122267E-7
84.785004	-5.179318E-7
84.724998	-4.291069E-7
84.665001	-3.698515E-7
84.605003	-2.726447E-7
84.544998	-2.218876E-7
84.485001	-1.880107E-7
84.425003	-6.111804E-8
84.364998	-4.842877E-8
84.305000	6.146729E-8
84.245003	-1.584413E-7
84.184998	-3.444729E-7
84.125000	-4.423782E-8
84.065002	-3.022142E-7
84.004997	-5.390029E-7
83.945000	-4.249159E-7
83.885002	-5.136244E-7
83.824997	-1.711305E-7
83.764999	-5.982583E-7
83.705002	-2.937159E-7
83.644997	-2.726447E-7
83.584999	-1.457520E-7
83.525002	-1.457520E-7
83.464996	-5.692709E-8
83.404999	-2.007000E-7
83.345001	-7.811468E-8
83.285004	-3.487803E-7
83.224998	-4.291069E-7
83.165001	-1.965091E-7
83.105003	-4.374888E-7
83.044998	-5.179318E-7
82.985001	-2.302695E-7
82.925003	-5.475013E-7
82.864998	-4.291069E-7
82.805000	-4.249159E-7
82.745003	-2.937159E-7
82.684998	-2.048910E-7
82.625000	-2.556480E-7
82.565002	-1.415610E-7
82.504997	1.713634E-7
82.445000	-3.107125E-7
82.385002	-2.387678E-7
82.324997	-2.937159E-7
82.264999	-3.234018E-7
82.205002	-5.221227E-7
82.144997	-5.263137E-7
82.084999	-5.009351E-7
82.025002	-5.263137E-7
81.964996	-3.698515E-7
81.904999	-4.332978E-7
81.845001	-4.842877E-8
81.785004	-3.234018E-7
81.724998	-9.499490E-8
81.665001	-9.918585E-8
81.605003	-1.542503E-7
81.544998	-1.626322E-7
81.485001	-2.048910E-7
81.425003	-2.768356E-7
81.364998	-3.064051E-7
81.305000	-4.291069E-7
81.245003	-4.925532E-7
81.184998	-4.249159E-7
81.125000	-6.194459E-7
81.065002	-5.643815E-7
81.004997	-2.853340E-7
80.945000	-3.107125E-7
80.885002	-4.842877E-8
80.824997	-7.811468E-8
80.764999	-3.573950E-8
80.705002	-1.885928E-8
80.644997	-9.499490E-8
80.584999	-2.302695E-7
80.525002	-2.091983E-7
80.464996	-3.741588E-7
80.404999	-3.783498E-7
80.345001	-4.164176E-7
80.285004	-4.417961E-7
80.224998	-5.433103E-7
80.165001	-4.501780E-7
80.105003	-1.076842E-7
80.044998	-2.853340E-7
79.985001	-1.245644E-7
79.925003	1.713634E-7
79.864998	-1.203734E-7
79.805000	-1.076842E-7
79.745003	-2.345769E-7
79.684998	-1.288718E-7
79.625000	-5.982583E-7
79.565002	-4.459871E-7
79.504997	-4.798640E-7
79.445000	-5.136244E-7
79.385002	-4.374888E-7
79.324997	-6.109476E-7
79.264999	-6.024493E-7
79.205002	-4.291069E-7
79.144997	-4.079193E-7
79.084999	-3.571622E-7
79.025002	-4.423782E-8
78.964996	-1.161825E-7
78.900002	-1.965091E-7
78.839996	-8.230563E-8
78.779999	-1.923181E-7
78.720001	-1.796288E-7
78.660004	-3.573950E-8
78.599998	-5.052425E-7
78.540001	-5.094334E-7
78.480003	-4.713656E-7
78.419998	-4.967442E-7
78.360001	-4.755566E-7
78.300003	-2.853340E-7
78.239998	-3.825407E-7
78.180000	-2.980232E-7
78.120003	-1.965091E-7
78.059998	-1.584413E-7
78.000000	-4.842877E-8
77.940002	-9.499490E-8
77.879997	-2.048910E-7
77.820000	-2.853340E-7
77.760002	-3.444729E-7
77.699997	-3.656605E-7
77.639999	-5.855691E-7
77.580002	-5.221227E-7
77.519997	-4.291069E-7
77.459999	-4.925532E-7
77.400002	-5.094334E-7
77.339996	-4.206086E-7
77.279999	-2.768356E-7
77.220001	-1.542503E-7
77.160004	-1.203734E-7
77.099998	-1.288718E-7
77.040001	-7.811468E-8
76.980003	-2.683373E-7
76.919998	-1.923181E-7
76.860001	-3.275927E-7
76.800003	-3.064051E-7
76.739998	-4.374888E-7
76.680000	-5.179318E-7
76.620003	-5.306210E-7
76.559998	-2.302695E-7
76.500000	-5.516922E-7
76.440002	-2.556480E-7
76.379997	-2.599554E-7
76.320000	-1.669396E-7
76.260002	-9.918585E-8
76.199997	-1.965091E-7
76.139999	-4.423782E-8
76.080002	-1.669396E-7
76.019997	-2.726447E-7
75.959999	-5.179318E-7
75.900002	-3.741588E-7
75.839996	-2.302695E-7
75.779999	-4.164176E-7
75.720001	-4.501780E-7
75.660004	-6.109476E-7
75.599998	-4.122267E-7
75.540001	-3.360910E-7
75.480003	-1.076842E-7
75.419998	-8.649658E-8
75.360001	-9.499490E-8
75.300003	-1.669396E-7
75.239998	-7.811468E-8
75.180000	-1.034932E-7
75.120003	-2.810266E-7
75.059998	-3.234018E-7
75.000000	-3.402820E-7
74.940002	-4.122267E-7
74.879997	-2.556480E-7
74.820000	-5.559996E-7
74.760002	-5.179318E-7
74.699997	-4.164176E-7
74.639999	-3.234018E-7
74.580002	-3.614696E-7
74.519997	-1.542503E-7
74.459999	-6.542541E-8
74.400002	-1.203734E-7
74.339996	-1.626322E-7
74.279999	-3.022142E-7
74.220001	1.206063E-7
74.160004	-3.064051E-7
74.099998	-2.726447E-7
74.040001	-4.291069E-7
73.980003	-4.249159E-7
73.919998	-5.686888E-7
73.860001	-4.249159E-7
73.800003	-4.967442E-7
73.739998	-1.288718E-7
73.680000	-4.291069E-7
73.620003	-2.345769E-7
73.559998	-1.499429E-7
73.500000	-6.111804E-8
73.440002	2.328306E-9
73.379997	-4.004687E-8
73.320000	-2.726447E-7
73.260002	-3.573950E-8
73.199997	-3.317837E-7
73.139999	-5.940674E-7
73.080002	-5.179318E-7
73.014999	-5.770708E-7
72.955002	-5.263137E-7
72.894997	-4.925532E-7
72.834999	-3.022142E-7
72.775002	-3.614696E-7
72.714996	-4.164176E-7
72.654999	-1.118751E-7
72.595001	-5.273614E-8
72.535004	-7.811468E-8
72.474998	-9.918585E-8
72.415001	1.164153E-7
72.355003	-2.429588E-7
72.294998	-4.374888E-7
72.235001	-4.671747E-7
72.175003	-6.617047E-7
72.114998	-7.420313E-7
72.055000	-5.390029E-7
71.995003	-4.713656E-7
71.934998	-1.203734E-7
71.875000	-4.332978E-7
71.815002	-2.345769E-7
71.754997	-9.080395E-8
71.695000	-5.273614E-8
71.635002	-1.838198E-7
71.574997	-8.230563E-8
71.514999	-6.961636E-8
71.455002	-1.838198E-7
71.394997	-4.037283E-7
71.334999	-5.897600E-7
71.275002	-4.291069E-7
71.214996	-5.433103E-7
71.154999	-4.798640E-7
71.095001	-3.529713E-7
71.035004	-4.206086E-7
70.974998	-2.980232E-7
70.915001	-2.556480E-7
70.855003	-9.918585E-8
70.794998	-9.918585E-8
70.735001	-6.170012E-9
70.675003	1.882436E-7
70.614998	-1.161825E-7
70.555000	-9.499490E-8
70.495003	-4.037283E-7
70.434998	-2.937159E-7
70.375000	-4.249159E-7
70.315002	-6.575137E-7
70.254997	-5.009351E-7
70.195000	-4.079193E-7
70.135002	-4.459871E-7
70.074997	-3.825407E-7
70.014999	-2.048910E-7
69.955002	-2.091983E-7
69.894997	-2.305023E-8
69.834999	-4.842877E-8
69.775002	-9.918585E-8
69.714996	-3.022142E-7
69.654999	-2.048910E-7
69.595001	-1.885928E-8
69.535004	-3.360910E-7
69.474998	-3.698515E-7
69.415001	-4.628673E-7
69.355003	-8.308562E-7
69.294998	-5.475013E-7
69.235001	-5.559996E-7
69.175003	-3.360910E-7
69.114998	-3.275927E-7
69.055000	-1.880107E-7
68.995003	-1.203734E-7
68.934998	-2.302695E-7
68.875000	-2.556480E-7
68.815002	-1.499429E-7
68.754997	8.253846E-8
68.695000	-1.923181E-7
68.635002	-3.614696E-7
68.574997	-4.798640E-7
68.514999	-4.925532E-7
68.455002	-5.221227E-7
68.394997	-4.925532E-7
68.334999	-6.067567E-7
68.275002	-5.263137E-7
68.214996	-3.360910E-7
68.154999	-2.556480E-7
68.095001	1.332955E-7
68.035004	-2.091983E-7
67.974998	-6.170012E-9
67.915001	-1.965091E-7
67.855003	-1.288718E-7
67.794998	-6.170012E-9
67.735001	-2.895249E-7
67.675003	-4.332978E-7
67.614998	-4.925532E-7
67.555000	-5.348120E-7
67.495003	-5.390029E-7
67.434998	-3.656605E-7
67.375000	-2.937159E-7
67.315002	-2.980232E-7
67.254997	7.834751E-8
67.195000	1.291046E-7
67.129997	2.009328E-7
67.070000	1.332955E-7
67.010002	-1.245644E-7
66.949997	-1.203734E-7
66.889999	-2.091983E-7
66.830002	-2.133893E-7
66.769997	-4.840549E-7
66.709999	-6.321352E-7
66.650002	-7.927883E-7
66.589996	-6.236369E-7
66.529999	-5.094334E-7
66.470001	-3.317837E-7
66.410004	-2.302695E-7
66.349998	-2.472661E-7
66.290001	1.459848E-7
66.230003	-2.735760E-8
66.169998	1.920853E-8
66.110001	-5.273614E-8
66.050003	1.291046E-7
65.989998	-3.234018E-7
65.930000	-2.937159E-7
65.870003	-4.967442E-7
65.809998	-5.475013E-7
65.750000	-7.547205E-7
65.690002	-4.925532E-7
65.629997	-4.967442E-7
65.570000	-4.374888E-7
65.510002	-3.275927E-7
65.449997	-2.853340E-7
65.389999	-1.923181E-7
65.330002	-6.170012E-9
65.269997	-1.288718E-7
65.209999	6.519258E-9
65.150002	-1.965091E-7
65.089996	-2.853340E-7
65.029999	-1.584413E-7
64.970001	-3.402820E-7
64.910004	-4.374888E-7
64.849998	-5.136244E-7
64.790001	-5.306210E-7
64.730003	-4.544854E-7
64.669998	-3.402820E-7
64.610001	-3.741588E-7
64.550003	-2.895249E-7
64.489998	-1.372537E-7
64.430000	1.501758E-8
64.370003	-2.345769E-7
64.309998	1.713634E-7
64.250000	-7.811468E-8
64.190002	-2.091983E-7
64.129997	-5.516922E-7
64.070000	-1.542503E-7
64.010002	-6.827759E-7
63.950001	-6.954651E-7
63.889999	-4.798640E-7
63.830002	-5.136244E-7
63.770000	-4.798640E-7
63.709999	-3.064051E-7
63.650002	-4.842877E-8
63.590000	-7.380731E-8
63.529999	-6.111804E-8
63.470001	-6.111804E-8
63.410000	-1.669396E-7
63.349998	-2.048910E-7
63.290001	-2.175802E-7
63.230000	-2.556480E-7
63.169998	-4.755566E-7
63.110001	-4.417961E-7
63.049999	-4.332978E-7
62.990002	-3.656605E-7
62.930000	-5.179318E-7
62.869999	-5.601905E-7
62.810001	-1.034932E-7
62.750000	-3.529713E-7
62.689999	-4.423782E-8
62.630001	-5.692709E-8
62.570000	-9.080395E-8
62.509998	-2.514571E-7
62.450001	-2.726447E-7
62.389999	-2.048910E-7
62.330002	-4.842877E-8
62.270000	-3.825407E-7
62.209999	-3.656605E-7
62.150002	-5.009351E-7
62.090000	-5.728798E-7
62.029999	-6.575137E-7
61.970001	-3.995374E-7
61.910000	-3.868481E-7
61.849998	-2.895249E-7
61.790001	-1.245644E-7
61.730000	-1.076842E-7
61.669998	-4.423782E-8
61.610001	-7.811468E-8
61.549999	-1.711305E-7
61.490002	-2.768356E-7
61.430000	-2.514571E-7
61.369999	-2.810266E-7
61.310001	-6.278278E-7
61.250000	-2.641464E-7
61.189999	-4.332978E-7
61.130001	-4.122267E-7
61.070000	-3.317837E-7
61.005001	-3.995374E-7
60.945000	-3.190944E-7
60.884998	-3.317837E-7
60.825001	-1.965091E-7
60.764999	-9.080395E-8
60.705002	-8.230563E-8
60.645000	-6.542541E-8
60.584999	-1.584413E-7
60.525002	-2.726447E-7
60.465000	-2.514571E-7
60.404999	-4.501780E-7
60.345001	-6.278278E-7
60.285000	-3.022142E-7
60.224998	-5.179318E-7
60.165001	-4.628673E-7
60.105000	-2.302695E-7
60.044998	-4.374888E-7
59.985001	-1.711305E-7
59.924999	-1.880107E-7
59.865002	-1.034932E-7
59.805000	-2.345769E-7
59.744999	-4.423782E-8
59.685001	-1.034932E-7
59.625000	-3.107125E-7
59.564999	-2.302695E-7
59.505001	-9.080395E-8
59.445000	-4.586764E-7
59.384998	-4.967442E-7
59.325001	-4.628673E-7
59.264999	-2.218876E-7
59.205002	-3.614696E-7
59.145000	-3.783498E-7
59.084999	-4.004687E-8
59.025002	-1.076842E-7
58.965000	-1.076842E-7
58.904999	-9.918585E-8
58.845001	1.629815E-7
58.785000	6.565824E-8
58.724998	-4.037283E-7
58.665001	-3.995374E-7
58.605000	-3.868481E-7
58.544998	-5.559996E-7
58.485001	-4.501780E-7
58.424999	-4.249159E-7
58.365002	-4.079193E-7
58.305000	-2.472661E-7
58.244999	-4.459871E-7
58.185001	-1.880107E-7
58.125000	-7.811468E-8
58.064999	-1.542503E-7
58.005001	-8.230563E-8
57.945000	8.684583E-8
57.884998	-1.711305E-7
57.825001	-1.330627E-7
57.764999	-4.079193E-7
57.705002	-3.952300E-7
57.645000	-5.348120E-7
57.584999	-4.374888E-7
57.525002	-2.175802E-7
57.465000	-4.164176E-7
57.404999	-1.626322E-7
57.345001	-4.544854E-7
57.285000	-3.444729E-7
57.224998	-1.330627E-7
57.165001	-5.692709E-8
57.105000	-2.091983E-7
57.044998	2.770685E-8
56.985001	-4.423782E-8
56.924999	-9.080395E-8
56.865002	-2.260786E-7
56.805000	-3.234018E-7
56.744999	-3.910391E-7
56.685001	-5.643815E-7
56.625000	-4.967442E-7
56.564999	-5.221227E-7
56.505001	-4.882459E-7
56.445000	-1.372537E-7
56.384998	-4.459871E-7
56.325001	-1.669396E-7
56.264999	-1.245644E-7
56.205002	-2.175802E-7
56.145000	-9.918585E-8
56.084999	-6.961636E-8
56.025002	-1.288718E-7
55.965000	-1.711305E-7
55.904999	-4.164176E-7
55.845001	-3.741588E-7
55.785000	-6.024493E-7
55.724998	-5.897600E-7
55.665001	-4.417961E-7
55.605000	-3.995374E-7
55.544998	-4.628673E-7
55.485001	-2.768356E-7
55.424999	-2.556480E-7
55.365002	-6.961636E-8
55.305000	-6.961636E-8
55.244999	-2.305023E-8
55.185001	-4.423782E-8
55.125000	-1.499429E-7
55.064999	-3.190944E-7
55.005001	-2.980232E-7
54.945000	-3.149034E-7
54.884998	-4.840549E-7
54.825001	-4.840549E-7
54.764999	-4.122267E-7
54.705002	-3.995374E-7
54.639999	-3.529713E-7
54.580002	-3.825407E-7
54.520000	-3.783498E-7
54.459999	-1.838198E-7
54.400002	-1.034932E-7
54.340000	-1.415610E-7
54.279999	-2.641464E-7
54.220001	1.122244E-7
54.160000	-2.091983E-7
54.099998	-4.840549E-7
54.040001	-5.728798E-7
53.980000	-4.798640E-7
53.919998	-5.855691E-7
53.860001	-5.094334E-7
53.799999	-4.501780E-7
53.740002	-4.079193E-7
53.680000	-3.656605E-7
53.619999	-4.628673E-7
53.560001	9.103678E-8
53.500000	-3.154855E-8
53.439999	-6.961636E-8
53.380001	-6.961636E-8
53.320000	-1.118751E-7
53.259998	-1.880107E-7
53.200001	-3.656605E-7
53.139999	-6.024493E-7
53.080002	-2.514571E-7
53.020000	-4.122267E-7
52.959999	-4.164176E-7
52.900002	-1.880107E-7
52.840000	-4.249159E-7
52.779999	-6.111804E-8
52.720001	-2.091983E-7
52.660000	-1.372537E-7
52.599998	-2.133893E-7
52.540001	-7.811468E-8
52.480000	3.189780E-8
52.419998	-6.542541E-8
52.360001	-2.305023E-8
52.299999	-3.107125E-7
52.240002	-4.840549E-7
52.180000	-4.586764E-7
52.119999	-5.433103E-7
52.060001	-5.306210E-7
52.000000	-4.628673E-7
51.939999	-3.614696E-7
51.880001	-5.009351E-7
51.820000	-1.885928E-8
51.759998	-1.669396E-7
51.700001	-1.499429E-7
51.639999	-5.692709E-8
51.580002	-4.842877E-8
51.520000	-1.203734E-7
51.459999	-9.918585E-8
51.400002	-2.726447E-7
51.340000	-4.842877E-8
51.279999	-3.952300E-7
51.220001	-5.009351E-7
51.160000	-6.363261E-7
51.099998	-5.433103E-7
51.040001	-6.024493E-7
50.980000	-3.614696E-7
50.919998	-2.599554E-7
50.860001	-2.937159E-7
50.799999	-5.692709E-8
50.740002	-4.423782E-8
50.680000	1.502922E-7
50.619999	-1.118751E-7
50.560001	-9.499490E-8
50.500000	-3.022142E-7
50.439999	-4.544854E-7
50.380001	-5.601905E-7
50.320000	-4.037283E-7
50.259998	-5.475013E-7
50.200001	-4.671747E-7
50.139999	-4.079193E-7
50.080002	-3.360910E-7
50.020000	-2.305023E-8
49.959999	-1.034932E-7
49.900002	-6.542541E-8
49.840000	-1.288718E-7
49.779999	-3.573950E-8
49.720001	-1.034932E-7
49.660000	-6.111804E-8
49.599998	-2.726447E-7
49.540001	-2.895249E-7
49.480000	-4.417961E-7
49.419998	-7.081544E-7
49.360001	-2.387678E-7
49.299999	-5.009351E-7
49.240002	-4.501780E-7
49.180000	-4.164176E-7
49.119999	-3.022142E-7
49.060001	-3.444729E-7
49.000000	-1.203734E-7
48.939999	-1.542503E-7
48.880001	1.206063E-7
48.820000	-2.726447E-7
48.759998	-2.387678E-7
48.700001	-4.925532E-7
48.639999	-4.755566E-7
48.580002	-4.079193E-7
48.520000	-6.575137E-7
48.459999	-4.501780E-7
48.400002	-5.179318E-7
48.340000	-3.825407E-7
48.275002	-3.825407E-7
48.215000	-2.810266E-7
48.154999	-2.387678E-7
48.095001	-1.626322E-7
48.035000	-1.203734E-7
47.974998	-9.080395E-8
47.915001	-5.273614E-8
47.855000	-1.584413E-7
47.794998	-3.952300E-7
47.735001	-3.064051E-7
47.674999	-5.136244E-7
47.615002	-2.514571E-7
47.555000	-4.417961E-7
47.494999	-5.136244E-7
47.435001	-6.532064E-7
47.375000	-3.529713E-7
47.314999	-5.221227E-7
47.255001	-3.529713E-7
47.195000	-1.330627E-7
47.134998	4.027970E-8
47.075001	-1.076842E-7
47.014999	-2.810266E-7
46.955002	-2.133893E-7
46.895000	-3.571622E-7
46.834999	-2.302695E-7
46.775002	-2.895249E-7
46.715000	-4.713656E-7
46.654999	-5.348120E-7
46.595001	-5.009351E-7
46.535000	-4.206086E-7
46.474998	-4.967442E-7
46.415001	-3.487803E-7
46.355000	-1.288718E-7
46.294998	-1.923181E-7
46.235001	-1.118751E-7
46.174999	-9.080395E-8
46.115002	-8.230563E-8
46.055000	-2.387678E-7
45.994999	-2.218876E-7
45.935001	-3.360910E-7
45.875000	-2.895249E-7
45.814999	-2.853340E-7
45.755001	-6.405171E-7
45.695000	-2.218876E-7
45.634998	-4.206086E-7
45.575001	-4.798640E-7
45.514999	-2.726447E-7
45.455002	-3.317837E-7
45.395000	-1.499429E-7
45.334999	-6.961636E-8
45.275002	-1.838198E-7
45.215000	-4.423782E-8
45.154999	-8.649658E-8
45.095001	-1.245644E-7
45.035000	-4.423782E-8
44.974998	-3.275927E-7
44.915001	-5.136244E-7
44.855000	-5.559996E-7
44.794998	-5.728798E-7
44.735001	-5.263137E-7
44.674999	-5.094334E-7
44.615002	-3.614696E-7
44.555000	-3.402820E-7
44.494999	-8.649658E-8
44.435001	-1.415610E-7
44.375000	2.009328E-7
44.314999	-2.895249E-7
44.255001	-1.499429E-7
44.195000	-2.048910E-7
44.134998	-3.234018E-7
44.075001	-3.783498E-7
44.014999	-4.755566E-7
43.955002	-5.221227E-7
43.895000	-2.556480E-7
43.834999	-5.263137E-7
43.775002	-4.755566E-7
43.715000	-5.179318E-7
43.654999	-4.417961E-7
43.595001	9.522773E-8
43.535000	-3.573950E-8
43.474998	-2.302695E-7
43.415001	-1.161825E-7
43.355000	-2.091983E-7
43.294998	-1.288718E-7
43.235001	-3.656605E-7
43.174999	-4.291069E-7
43.115002	-3.234018E-7
43.055000	-4.206086E-7
42.994999	-5.686888E-7
42.935001	-4.840549E-7
42.875000	-4.628673E-7
42.814999	-3.360910E-7
42.755001	-3.149034E-7
42.695000	-2.387678E-7
42.634998	1.332955E-7
42.575001	-6.542541E-8
42.514999	-1.161825E-7
42.455002	-1.076842E-7
42.395000	-1.753215E-7
42.334999	-3.317837E-7
42.275002	-3.107125E-7
42.215000	-4.586764E-7
42.154999	-2.175802E-7
42.095001	-4.671747E-7
42.035000	-4.586764E-7
41.974998	-5.094334E-7
41.910000	-3.741588E-7
41.849998	-5.643815E-7
41.790001	-2.556480E-7
41.730000	-1.923181E-7
41.669998	-1.076842E-7
41.610001	-1.838198E-7
41.549999	-8.649658E-8
41.490002	1.079170E-7
41.430000	-1.118751E-7
41.369999	-3.444729E-7
41.310001	-4.882459E-7
41.250000	-6.151386E-7
41.189999	-5.643815E-7
41.130001	-4.122267E-7
41.070000	-6.067567E-7
41.009998	-4.713656E-7
40.950001	-3.825407E-7
40.889999	-2.302695E-7
40.830002	1.122244E-7
40.770000	2.339948E-8
40.709999	-2.007000E-7
40.650002	-1.626322E-7
40.590000	-1.542503E-7
40.529999	-2.895249E-7
40.470001	-1.965091E-7
40.410000	-4.291069E-7
40.349998	-5.179318E-7
40.290001	-4.671747E-7
40.230000	-3.825407E-7
40.169998	-4.713656E-7
40.110001	-4.713656E-7
40.049999	-3.149034E-7
39.990002	-5.009351E-7
39.930000	-2.726447E-7
39.869999	6.565824E-8
39.810001	3.189780E-8
39.750000	-9.918585E-8
39.689999	-5.273614E-8
39.630001	-3.741588E-7
39.570000	-2.429588E-7
39.509998	-3.275927E-7
39.450001	-3.868481E-7
39.389999	-4.840549E-7
39.330002	-5.009351E-7
39.270000	-4.079193E-7
39.209999	-5.982583E-7
39.150002	-2.768356E-7
39.090000	-2.429588E-7
39.029999	9.103678E-8
38.970001	-1.584413E-7
38.910000	-1.885928E-8
38.849998	9.953510E-8
38.790001	-2.810266E-7
38.730000	-3.614696E-7
38.669998	-1.838198E-7
38.610001	-5.475013E-7
38.549999	-4.755566E-7
38.490002	-4.459871E-7
38.430000	-6.067567E-7
38.369999	-3.952300E-7
38.310001	-4.417961E-7
38.250000	-3.571622E-7
38.189999	-2.853340E-7
38.130001	-1.372537E-7
38.070000	1.459848E-7
38.009998	-3.573950E-8
37.950001	-2.895249E-7
37.889999	-1.203734E-7
37.830002	-1.965091E-7
37.770000	-3.529713E-7
37.709999	-3.868481E-7
37.650002	-4.544854E-7
37.590000	-2.853340E-7
37.529999	-4.374888E-7
37.470001	-3.952300E-7
37.410000	-1.796288E-7
37.349998	-3.825407E-7
37.290001	-3.190944E-7
37.230000	-1.415610E-7
37.169998	-1.034932E-7
37.110001	-6.111804E-8
37.049999	-1.415610E-7
36.990002	-1.034932E-7
36.930000	-1.161825E-7
36.869999	-2.810266E-7
36.810001	-2.514571E-7
36.750000	-3.529713E-7
36.689999	-4.798640E-7
36.630001	-4.967442E-7
36.570000	-3.952300E-7
36.509998	-2.556480E-7
36.450001	-2.810266E-7
36.389999	-3.529713E-7
36.330002	-1.584413E-7
36.270000	-1.466833E-8
36.209999	-9.080395E-8
36.150002	-2.091983E-7
36.090000	6.565824E-8
36.029999	-3.022142E-7
35.970001	-2.302695E-7
35.910000	-3.868481E-7
35.849998	-5.770708E-7
35.790001	-5.982583E-7
35.730000	-5.263137E-7
35.669998	-5.009351E-7
35.610001	-4.374888E-7
35.544998	-3.402820E-7
35.485001	-3.107125E-7
35.424999	-2.175802E-7
35.365002	7.834751E-8
35.305000	-2.937159E-7
35.244999	-2.007000E-7
35.185001	-1.584413E-7
35.125000	-3.444729E-7
35.064999	-1.415610E-7
35.005001	-2.768356E-7
34.945000	-4.417961E-7
34.884998	-6.448245E-7
34.825001	-5.052425E-7
34.764999	-5.770708E-7
34.705002	-5.770708E-7
34.645000	-4.164176E-7
34.584999	-1.923181E-7
34.525002	-2.260786E-7
34.465000	-9.918585E-8
34.404999	-2.735760E-8
34.345001	-1.669396E-7
34.285000	-6.542541E-8
34.224998	1.079170E-7
34.165001	-3.234018E-7
34.105000	-2.599554E-7
34.044998	-3.656605E-7
33.985001	-7.674098E-7
33.924999	-4.417961E-7
33.865002	-4.925532E-7
33.805000	-2.980232E-7
33.744999	-5.770708E-7
33.685001	-3.656605E-7
33.625000	-3.149034E-7
33.564999	-2.133893E-7
33.505001	-1.372537E-7
33.445000	-1.415610E-7
33.384998	-2.429588E-7
33.325001	-2.260786E-7
33.264999	4.027970E-8
33.205002	-2.091983E-7
33.145000	-4.501780E-7
33.084999	-4.374888E-7
33.025002	-5.136244E-7
32.965000	-7.039635E-7
32.904999	-3.741588E-7
32.845001	-3.444729E-7
32.785000	-6.961636E-8
32.724998	-2.683373E-7
32.665001	-1.076842E-7
32.605000	-2.345769E-7
32.544998	-7.380731E-8
32.485001	-4.842877E-8
32.424999	-1.838198E-7
32.365002	-1.584413E-7
32.305000	-3.402820E-7
32.244999	-2.218876E-7
32.185001	-4.798640E-7
32.125000	-2.218876E-7
32.064999	-5.686888E-7
32.005001	-6.278278E-7
31.945000	-7.124618E-7
31.885000	-3.234018E-7
31.825001	-4.332978E-7
31.764999	-6.961636E-8
31.705000	6.519258E-9
31.645000	1.798617E-7
31.584999	-1.161825E-7
31.525000	-1.330627E-7
31.465000	-1.880107E-7
31.405001	-2.514571E-7
31.344999	-3.149034E-7
31.285000	-4.206086E-7
31.225000	-5.179318E-7
31.165001	-5.559996E-7
31.105000	-4.671747E-7
31.045000	-3.444729E-7
30.985001	-7.380731E-8
30.924999	-2.556480E-7
30.865000	-1.330627E-7
30.805000	-1.245644E-7
30.745001	-1.457520E-7
30.684999	-5.273614E-8
30.625000	-7.811468E-8
30.565001	-3.614696E-7
30.504999	-4.417961E-7
30.445000	-3.234018E-7
30.385000	-3.952300E-7
30.325001	-2.302695E-7
30.264999	-5.179318E-7
30.205000	-4.417961E-7
30.145000	-3.910391E-7
30.084999	-4.671747E-7
30.025000	-3.190944E-7
29.965000	-2.768356E-7
29.905001	-9.080395E-8
29.844999	-1.036096E-8
29.785000	-9.080395E-8
29.725000	-7.811468E-8
29.665001	-1.880107E-7
29.605000	-2.726447E-7
29.545000	-3.529713E-7
29.485001	-4.249159E-7
29.424999	-6.321352E-7
29.365000	-5.855691E-7
29.305000	-5.516922E-7
29.245001	-1.711305E-7
29.180000	-4.417961E-7
29.120001	-4.206086E-7
29.059999	-1.457520E-7
29.000000	-2.599554E-7
28.940001	-7.380731E-8
28.879999	-1.288718E-7
28.820000	-2.599554E-7
28.760000	-2.345769E-7
28.700001	-2.599554E-7
28.639999	-2.895249E-7
28.580000	-3.107125E-7
28.520000	-5.516922E-7
28.459999	-4.291069E-7
28.400000	-6.448245E-7
28.340000	-4.501780E-7
28.280001	-4.417961E-7
28.219999	-3.783498E-7
28.160000	-3.234018E-7
28.100000	-1.923181E-7
28.040001	-3.154855E-8
27.980000	3.608875E-8
27.920000	-6.961636E-8
27.860001	-2.556480E-7
27.799999	-1.796288E-7
27.740000	-3.107125E-7
27.680000	-4.249159E-7
27.620001	-4.798640E-7
27.559999	-4.840549E-7
27.500000	-3.783498E-7
27.440001	-6.236369E-7
27.379999	-4.249159E-7
27.320000	-3.529713E-7
27.260000	-2.895249E-7
27.200001	-2.048910E-7
27.139999	1.459848E-7
27.080000	-7.380731E-8
27.020000	-1.457520E-7
26.959999	-1.542503E-7
26.900000	-2.980232E-7
26.840000	-2.429588E-7
26.780001	-3.783498E-7
26.719999	-5.221227E-7
26.660000	-6.363261E-7
26.600000	-6.870832E-7
26.540001	-6.490154E-7
26.480000	-3.952300E-7
26.420000	-4.798640E-7
26.360001	-3.952300E-7
26.299999	-2.007000E-7
26.240000	-1.499429E-7
26.180000	-2.472661E-7
26.120001	-1.542503E-7
26.059999	-1.838198E-7
26.000000	-2.302695E-7
25.940001	-2.007000E-7
25.879999	-4.291069E-7
25.820000	-3.614696E-7
25.760000	-5.094334E-7
25.700001	-4.628673E-7
25.639999	-3.952300E-7
25.580000	-2.387678E-7
25.520000	-3.234018E-7
25.459999	-4.291069E-7
25.400000	-6.961636E-8
25.340000	-6.961636E-8
25.280001	1.840526E-7
25.219999	-1.118751E-7
25.160000	-9.080395E-8
25.100000	-2.260786E-7
25.040001	-2.895249E-7
24.980000	-7.811468E-8
24.920000	-4.417961E-7
24.860001	-6.363261E-7
24.799999	-5.348120E-7
24.740000	-4.122267E-7
24.680000	-4.628673E-7
24.620001	-3.107125E-7
24.559999	-4.374888E-7
24.500000	-1.923181E-7
24.440001	-1.885928E-8
24.379999	-1.542503E-7
24.320000	-5.273614E-8
24.260000	-1.584413E-7
24.200001	-1.415610E-7
24.139999	-2.641464E-7
24.080000	-4.206086E-7
24.020000	-2.091983E-7
23.959999	-4.374888E-7
23.900000	-5.306210E-7
23.840000	-4.164176E-7
23.780001	-3.868481E-7
23.719999	-4.037283E-7
23.660000	-2.472661E-7
23.600000	-3.360910E-7
23.540001	-1.203734E-7
23.480000	-4.122267E-7
23.420000	-3.154855E-8
23.360001	-1.372537E-7
23.299999	2.770685E-8
23.240000	-1.626322E-7
23.180000	-2.472661E-7
23.120001	-3.529713E-7
23.059999	-2.556480E-7
23.000000	-7.039635E-7
22.940001	-6.236369E-7
22.879999	-4.925532E-7
22.815001	-3.952300E-7
22.754999	-2.641464E-7
22.695000	-4.501780E-7
22.635000	-3.656605E-7
22.575001	-1.330627E-7
22.514999	-2.305023E-8
22.455000	-8.230563E-8
22.395000	-2.091983E-7
22.334999	-6.024493E-7
22.275000	-1.965091E-7
22.215000	-3.995374E-7
22.155001	-6.743940E-7
22.094999	-6.024493E-7
22.035000	-5.052425E-7
21.975000	-6.067567E-7
21.915001	-4.122267E-7
21.855000	-3.317837E-7
21.795000	-2.218876E-7
21.735001	-8.230563E-8
21.674999	-1.584413E-7
21.615000	-1.288718E-7
21.555000	-2.048910E-7
21.495001	-7.811468E-8
21.434999	-2.895249E-7
21.375000	-3.107125E-7
21.315001	-3.190944E-7
21.254999	-4.967442E-7
21.195000	-6.109476E-7
21.135000	-5.982583E-7
21.075001	-3.698515E-7
21.014999	-4.671747E-7
20.955000	-3.360910E-7
20.895000	-1.330627E-7
20.834999	-1.923181E-7
20.775000	-5.692709E-8
20.715000	-1.118751E-7
20.655001	-2.175802E-7
20.594999	-3.149034E-7
20.535000	-1.499429E-7
20.475000	-3.022142E-7
20.415001	-4.122267E-7
20.355000	-6.278278E-7
20.295000	-5.221227E-7
20.235001	-4.291069E-7
20.174999	-2.218876E-7
20.115000	-2.218876E-7
20.055000	-3.868481E-7
19.995001	-3.573950E-8
19.934999	-2.218876E-7
19.875000	-1.161825E-7
19.815001	-9.080395E-8
19.754999	-5.692709E-8
19.695000	-2.260786E-7
19.635000	-2.007000E-7
19.575001	-2.768356E-7
19.514999	-4.206086E-7
19.455000	-4.713656E-7
19.395000	-4.713656E-7
19.334999	-8.393545E-7
19.275000	-5.009351E-7
19.215000	-2.048910E-7
19.155001	-3.825407E-7
19.094999	-4.037283E-7
19.035000	-9.499490E-8
18.975000	-2.175802E-7
18.915001	-5.692709E-8
18.855000	-9.918585E-8
18.795000	-6.542541E-8
18.735001	-7.811468E-8
18.674999	-2.683373E-7
18.615000	-3.317837E-7
18.555000	-2.133893E-7
18.495001	-4.755566E-7
18.434999	-5.643815E-7
18.375000	-5.348120E-7
18.315001	-4.122267E-7
18.254999	-5.179318E-7
18.195000	-3.107125E-7
18.135000	-2.387678E-7
18.075001	-6.961636E-8
18.014999	-4.004687E-8
17.955000	-1.711305E-7
17.895000	-1.161825E-7
17.834999	-8.649658E-8
17.775000	-3.022142E-7
17.715000	-3.149034E-7
17.655001	-4.544854E-7
17.594999	-5.263137E-7
17.535000	-4.840549E-7
17.475000	-7.505296E-7
17.415001	-5.897600E-7
17.355000	-4.586764E-7
17.295000	-5.009351E-7
17.235001	-2.768356E-7
17.174999	-2.302695E-7
17.115000	-2.514571E-7
17.055000	-1.626322E-7
16.995001	-1.466833E-8
16.934999	-1.076842E-7
16.875000	-4.798640E-7
16.815001	-3.064051E-7
16.754999	-2.048910E-7
16.695000	-5.433103E-7
16.635000	-4.544854E-7
16.575001	-2.302695E-7
16.514999	-5.094334E-7
16.450001	-4.713656E-7
16.389999	-4.544854E-7
16.330000	-2.387678E-7
16.270000	-1.203734E-7
16.209999	-1.542503E-7
16.150000	1.206063E-7
16.090000	1.206063E-7
16.030001	-4.842877E-8
15.970000	-1.880107E-7
15.910000	-2.387678E-7
15.850000	-4.798640E-7
15.790000	-4.628673E-7
15.730000	-5.601905E-7
15.670000	-2.895249E-7
15.610000	-2.048910E-7
15.550000	-5.770708E-7
15.490000	-3.360910E-7
15.430000	-4.628673E-7
15.370000	-1.542503E-7
15.310000	-2.937159E-7
15.250000	-9.499490E-8
15.190000	-7.380731E-8
15.130000	-9.080395E-8
15.070000	-2.726447E-7
15.010000	-2.387678E-7
14.950000	-4.840549E-7
14.890000	-4.206086E-7
14.830000	-5.686888E-7
14.770000	-6.658956E-7
14.710000	-4.374888E-7
14.650000	-2.091983E-7
14.590000	-3.868481E-7
14.530000	-2.048910E-7
14.470000	-1.288718E-7
14.410000	-8.649658E-8
14.350000	-9.918585E-8
14.290000	-1.499429E-7
14.230000	-1.965091E-7
14.170000	-1.796288E-7
14.110000	-4.967442E-7
14.050000	-3.825407E-7
13.990000	-5.179318E-7
13.930000	-4.586764E-7
13.870000	-4.925532E-7
13.810000	-6.278278E-7
13.750000	-5.516922E-7
13.690000	-5.692709E-8
13.630000	-4.798640E-7
13.570000	-3.444729E-7
13.510000	-1.711305E-7
13.450000	-9.080395E-8
13.390000	-9.918585E-8
13.330000	-4.842877E-8
13.270000	-1.330627E-7
13.210000	-1.965091E-7
13.150000	-3.741588E-7
13.090000	-5.390029E-7
13.030000	-4.079193E-7
12.970000	-4.586764E-7
12.910000	-4.882459E-7
12.850000	-4.586764E-7
12.790000	-5.009351E-7
12.730000	-2.133893E-7
12.670000	-1.796288E-7
12.610000	-1.203734E-7
12.550000	-7.380731E-8
12.490000	-7.811468E-8
12.430000	-2.735760E-8
12.370000	-9.499490E-8
12.310000	-3.022142E-7
12.250000	-3.234018E-7
12.190000	-3.487803E-7
12.130000	-3.995374E-7
12.070000	-4.798640E-7
12.010000	-4.967442E-7
11.950000	-2.175802E-7
11.890000	-3.868481E-7
11.830000	-3.360910E-7
11.770000	-1.753215E-7
11.710000	-1.542503E-7
11.650000	-1.885928E-8
11.590000	-1.584413E-7
11.530000	-1.626322E-7
11.470000	-1.753215E-7
11.410000	-4.586764E-7
11.350000	-2.895249E-7
11.290000	-1.838198E-7
11.230000	-5.643815E-7
11.170000	-5.813781E-7
11.110000	-5.433103E-7
11.050000	-3.952300E-7
10.990000	-4.037283E-7
10.930000	-4.249159E-7
10.870000	-2.472661E-7
10.810000	1.544831E-7
10.750000	-3.190944E-7
10.690000	-8.230563E-8
10.630000	-1.203734E-7
10.570000	-1.372537E-7
10.510000	-3.825407E-7
10.450000	-4.079193E-7
10.390000	-4.037283E-7
10.330000	-5.094334E-7
10.270000	-5.263137E-7
10.205000	-5.643815E-7
10.145000	-4.374888E-7
10.085000	-4.122267E-7
10.025000	-3.402820E-7
9.965000	-2.768356E-7
9.905000	-1.288718E-7
9.845000	-1.880107E-7
9.785000	4.027970E-8
9.725000	-1.118751E-7
9.665000	-2.048910E-7
9.605000	-2.556480E-7
9.545000	-5.692709E-8
9.485000	-3.022142E-7
9.425000	-4.417961E-7
9.365000	-4.206086E-7
9.305000	-5.813781E-7
9.245000	-3.783498E-7
9.185000	-4.586764E-7
9.125000	-4.798640E-7
9.065000	-2.853340E-7
9.005000	-4.671747E-7
8.945000	-3.154855E-8
8.885000	2.009328E-7
8.825000	-1.372537E-7
8.765000	-6.961636E-8
8.705000	-1.288718E-7
8.645000	-2.429588E-7
8.585000	-1.965091E-7
8.525000	-4.164176E-7
8.465000	-5.686888E-7
8.405000	-4.037283E-7
8.345000	-4.713656E-7
8.285000	-4.206086E-7
8.225000	-6.542541E-8
8.165000	-3.487803E-7
8.105000	-3.149034E-7
8.045000	-4.004687E-8
7.985000	-1.711305E-7
7.925000	-2.937159E-7
7.865000	-1.466833E-8
7.805000	-2.387678E-7
7.745000	-5.692709E-8
7.685000	-3.868481E-7
7.625000	-7.081544E-7
7.565000	-5.009351E-7
7.505000	-5.728798E-7
7.445000	-6.236369E-7
7.385000	-6.151386E-7
7.325000	-5.136244E-7
7.265000	-2.980232E-7
7.205000	-1.203734E-7
7.145000	-1.796288E-7
7.085000	1.544831E-7
7.025000	-1.203734E-7
6.965000	-2.048910E-7
6.905000	-1.711305E-7
6.845000	-4.713656E-7
6.785000	-3.487803E-7
6.725000	-4.332978E-7
6.665000	-4.544854E-7
6.605000	-5.475013E-7
6.545000	-4.840549E-7
6.485000	-5.982583E-7
6.425000	-3.698515E-7
6.365000	-2.472661E-7
6.305000	-1.457520E-7
6.245000	-1.161825E-7
6.185000	-8.230563E-8
6.125000	-1.415610E-7
6.065000	-2.853340E-7
6.005000	6.565824E-8
5.945000	-2.810266E-7
5.885000	-2.937159E-7
5.825000	-3.234018E-7
5.765000	-5.475013E-7
5.705000	-4.586764E-7
5.645000	-4.628673E-7
5.585000	-4.164176E-7
5.525000	-3.022142E-7
5.465000	-2.895249E-7
5.405000	-3.234018E-7
5.345000	-1.499429E-7
5.285000	-6.542541E-8
5.225000	-6.542541E-8
5.165000	-4.004687E-8
5.105000	-2.387678E-7
5.045000	-3.741588E-7
4.985000	-2.768356E-7
4.925000	-4.459871E-7
4.865000	-4.586764E-7
4.805000	-4.713656E-7
4.745000	-2.683373E-7
4.685000	-3.868481E-7
4.625000	-4.459871E-7
4.565000	-2.302695E-7
4.505000	-1.923181E-7
4.445000	-1.542503E-7
4.385000	-1.880107E-7
4.325000	-5.273614E-8
4.265000	-5.273614E-8
4.205000	-8.230563E-8
4.145000	-2.007000E-7
4.085000	-2.641464E-7
4.025000	-4.671747E-7
3.960000	-4.459871E-7
3.900000	-5.009351E-7
3.840000	-5.136244E-7
3.780000	-5.263137E-7
3.720000	-3.656605E-7
3.660000	-6.490154E-7
3.600000	-2.175802E-7
3.540000	-1.288718E-7
3.480000	-1.669396E-7
3.420000	-1.838198E-7
3.360000	-3.190944E-7
3.300000	-3.022142E-7
3.240000	-2.260786E-7
3.180000	-2.853340E-7
3.120000	-3.614696E-7
3.060000	-6.785849E-7
3.000000	-5.855691E-7
2.940000	-5.601905E-7
2.880000	-8.266652E-7
2.820000	-5.686888E-7
2.760000	-3.022142E-7
2.700000	-3.529713E-7
2.640000	-8.230563E-8
2.580000	-4.423782E-8
2.520000	9.103678E-8
2.460000	-2.810266E-7
2.400000	-2.048910E-7
2.340000	-2.980232E-7
2.280000	-3.444729E-7
2.220000	-4.882459E-7
2.160000	-5.179318E-7
2.100000	-4.628673E-7
2.040000	-4.882459E-7
1.980000	-1.923181E-7
1.920000	-5.306210E-7
1.860000	-3.910391E-7
1.800000	-4.004687E-8
1.740000	-1.923181E-7
1.680000	-9.499490E-8
1.620000	-1.499429E-7
1.560000	-1.838198E-7
1.500000	-1.711305E-7
1.440000	-1.118751E-7
1.380000	-4.925532E-7
1.320000	-3.910391E-7
1.260000	-5.179318E-7
1.200000	-5.559996E-7
1.140000	-5.348120E-7
1.080000	-4.501780E-7
1.020000	-4.544854E-7
0.960000	-2.599554E-7
0.900000	-2.853340E-7
0.840000	4.027970E-8
0.780000	-2.302695E-7
0.720000	-2.091983E-7
0.660000	-4.423782E-8
0.600000	-2.937159E-7
0.540000	-2.048910E-7
0.480000	-1.923181E-7
0.420000	-3.317837E-7
0.360000	-5.263137E-7
0.300000	-4.332978E-7
0.240000	-4.501780E-7
0.180000	-2.556480E-7
0.120000	-4.501780E-7
0.060000	-3.360910E-7
0.000000	-2.260786E-7
