% Langmuir characteristic curve

% U (Volt)	I (A)
0.000000	-1.685321E-5
0.060000	-2.108514E-5
0.120000	-3.719330E-5
0.180000	-4.439056E-5
0.240000	-3.083050E-5
0.300000	-2.744794E-5
0.360000	-1.727045E-5
0.420000	-2.066791E-5
0.480000	-4.100800E-5
0.540000	-2.875924E-6
0.600000	-2.151728E-5
0.660000	-5.409122E-6
0.720000	-8.806586E-6
0.780000	-1.558661E-5
0.840000	-1.981854E-5
0.900000	-2.914667E-5
0.960000	-2.618134E-5
1.020000	-4.142523E-5
1.080000	-1.347065E-5
1.140000	-4.574656E-6
1.200000	-2.533197E-5
1.260000	-2.108514E-5
1.320000	-2.956390E-5
1.380000	-2.363324E-5
1.440000	-2.998114E-5
1.500000	-4.862249E-5
1.560000	-1.981854E-5
1.620000	-1.685321E-5
1.680000	-2.914667E-5
1.740000	-2.574921E-5
1.800000	-2.744794E-5
1.860000	-4.015863E-5
1.920000	-3.167987E-5
1.980000	-2.405047E-5
2.040000	-2.533197E-5
2.100000	-5.625188E-5
2.160000	-1.558661E-5
2.220000	-2.489984E-5
2.280000	-3.294647E-5
2.340000	-3.804266E-5
2.400000	-2.829731E-5
2.460000	-2.618134E-5
2.520000	-2.914667E-5
2.580000	-3.041327E-5
2.640000	-2.744794E-5
2.700000	-1.896918E-5
2.760000	-3.126264E-5
2.820000	-2.489984E-5
2.880000	-2.998114E-5
2.940000	-1.896918E-5
3.000000	-1.981854E-5
3.060000	-2.026558E-6
3.120000	-1.981854E-5
3.185000	-3.167987E-5
3.245000	-2.871454E-5
3.305000	-2.914667E-5
3.365000	-2.618134E-5
3.425000	-3.507733E-5
3.485000	-4.523993E-5
3.545000	-2.066791E-5
3.605000	-3.930926E-5
3.665000	-2.829731E-5
3.725000	-2.618134E-5
3.785000	-2.914667E-5
3.845000	-3.337860E-5
3.905000	-3.126264E-5
3.965000	-2.321601E-5
4.025000	-2.443790E-6
4.085000	-2.151728E-5
4.145000	-2.829731E-5
4.205000	-2.448261E-5
4.265000	-2.871454E-5
4.325000	-4.480779E-5
4.385000	-1.855195E-5
4.445000	-3.422797E-5
4.505000	-2.875924E-6
4.565000	-3.211200E-5
4.625000	-2.871454E-5
4.685000	-3.167987E-5
4.745000	-2.744794E-5
4.805000	-2.829731E-5
4.865000	-2.108514E-5
4.925000	-2.405047E-5
4.985000	-2.066791E-5
5.045000	-2.574921E-5
5.105000	-3.930926E-5
5.165000	-1.177192E-6
5.225000	-3.083050E-5
5.285000	-2.533197E-5
5.345000	-2.066791E-5
5.405000	-2.533197E-5
5.465000	-2.533197E-5
5.525000	-3.422797E-5
5.585000	-3.337860E-5
5.645000	-2.875924E-6
5.705000	-2.659857E-5
5.765000	-1.855195E-5
5.825000	-2.574921E-5
5.885000	-1.940131E-5
5.945000	-2.489984E-5
6.005000	-3.041327E-5
6.065000	-3.379583E-5
6.125000	-2.701581E-5
6.185000	-2.914667E-5
6.245000	-2.871454E-5
6.305000	-2.193451E-5
6.365000	-2.066791E-5
6.425000	-6.258488E-6
6.485000	-3.725290E-6
6.545000	-3.041327E-5
6.605000	-2.871454E-5
6.665000	-3.337860E-5
6.725000	-3.845990E-5
6.785000	-3.804266E-5
6.845000	-1.558661E-5
6.905000	-2.193451E-5
6.965000	-2.875924E-6
7.025000	-4.354119E-5
7.085000	-2.701581E-5
7.145000	-4.057586E-5
7.205000	-1.727045E-5
7.265000	-2.533197E-5
7.325000	-6.388128E-5
7.385000	-2.659857E-5
7.445000	-3.041327E-5
7.505000	-9.223819E-6
7.565000	-1.558661E-5
7.625000	-3.591180E-5
7.685000	-2.193451E-5
7.745000	-2.151728E-5
7.805000	-2.574921E-5
7.865000	-2.026558E-6
7.925000	-4.354119E-5
7.985000	-2.701581E-5
8.045000	-3.591180E-5
8.105000	-3.083050E-5
8.165000	-2.659857E-5
8.225000	-2.659857E-5
8.285000	-3.083050E-5
8.345000	-2.659857E-5
8.405000	-2.023578E-5
8.465000	-2.151728E-5
8.525000	-2.108514E-5
8.585000	-3.083050E-5
8.645000	-1.896918E-5
8.705000	-2.701581E-5
8.765000	-1.609325E-6
8.825000	-4.269183E-5
8.885000	-3.211200E-5
8.945000	-1.981854E-5
9.005000	-5.841255E-6
9.065000	-2.193451E-5
9.125000	-4.439056E-5
9.185000	-2.744794E-5
9.245000	-2.066791E-5
9.305000	-2.914667E-5
9.370000	-2.108514E-5
9.430000	-2.443790E-6
9.490000	-4.439056E-5
9.550000	-3.211200E-5
9.610000	-2.829731E-5
9.670000	-2.956390E-5
9.730000	-2.023578E-5
9.790000	-1.515448E-5
9.850000	-2.956390E-5
9.910000	-4.057586E-5
9.970000	-1.855195E-5
10.030000	-1.600385E-5
10.090000	-2.026558E-6
10.150000	-2.108514E-5
10.210000	-3.294647E-5
10.270000	-2.108514E-5
10.330000	-2.405047E-5
10.390000	-2.574921E-5
10.450000	-3.972650E-5
10.510000	-2.321601E-5
10.570000	-2.618134E-5
10.630000	-3.804266E-5
10.690000	-4.439056E-5
10.750000	-2.875924E-6
10.810000	-2.108514E-5
10.870000	-4.354119E-5
10.930000	-2.786517E-5
10.990000	-2.151728E-5
11.050000	-3.126264E-5
11.110000	-4.480779E-5
11.170000	-4.142523E-5
11.230000	-5.666912E-5
11.290000	-2.193451E-5
11.350000	-4.650652E-5
11.410000	-2.151728E-5
11.470000	-3.719330E-5
11.530000	-3.591180E-5
11.590000	-2.405047E-5
11.650000	-2.193451E-5
11.710000	-2.321601E-5
11.770000	-3.041327E-5
11.830000	-2.914667E-5
11.890000	-4.100800E-5
11.950000	-2.744794E-5
12.010000	-2.363324E-5
12.070000	-2.998114E-5
12.130000	-2.193451E-5
12.190000	-1.896918E-5
12.250000	-3.211200E-5
12.310000	-3.126264E-5
12.370000	-2.786517E-5
12.430000	-3.464520E-5
12.490000	-2.443790E-6
12.550000	-2.786517E-5
12.610000	-2.489984E-5
12.670000	-3.293157E-6
12.730000	-4.057586E-5
12.790000	-2.744794E-5
12.850000	-4.777312E-5
12.910000	-2.363324E-5
12.970000	-4.650652E-5
13.030000	-2.533197E-5
13.090000	-2.533197E-5
13.150000	-4.312396E-5
13.210000	-3.294647E-5
13.270000	-3.549457E-5
13.330000	-4.269183E-5
13.390000	-2.066791E-5
13.450000	-2.956390E-5
13.510000	-2.829731E-5
13.570000	-2.278388E-5
13.630000	-4.057586E-5
13.690000	-2.151728E-5
13.750000	-4.269183E-5
13.810000	-2.363324E-5
13.870000	-2.066791E-5
13.930000	-3.293157E-6
13.990000	-3.083050E-5
14.050000	-4.057586E-5
14.110000	-4.312396E-5
14.170000	-4.269183E-5
14.230000	-2.108514E-5
14.290000	-2.193451E-5
14.350000	-3.126264E-5
14.410000	-3.252923E-5
14.470000	-3.041327E-5
14.530000	-8.374453E-6
14.590000	-2.405047E-5
14.650000	-3.211200E-5
14.710000	-3.252923E-5
14.770000	-2.108514E-5
14.830000	-3.507733E-5
14.890000	-3.252923E-5
14.950000	-3.126264E-5
15.010000	-3.126264E-5
15.070000	-1.727045E-5
15.130000	-3.294647E-5
15.190000	-4.439056E-5
15.250000	-3.719330E-5
15.310000	-1.855195E-5
15.370000	-2.533197E-5
15.430000	-2.914667E-5
15.490000	-2.066791E-5
15.550000	-4.142523E-5
15.615000	-3.083050E-5
15.675000	-3.211200E-5
15.735000	-2.443790E-6
15.795000	-4.100800E-5
15.855000	-2.574921E-5
15.915000	-2.321601E-5
15.975000	-2.151728E-5
16.035000	-4.015863E-5
16.094999	-1.896918E-5
16.155001	-1.050532E-5
16.215000	-3.676116E-5
16.275000	-1.981854E-5
16.334999	-3.252923E-5
16.395000	-2.875924E-6
16.455000	-4.057586E-5
16.514999	-5.583465E-5
16.575001	-2.193451E-5
16.635000	-4.862249E-5
16.695000	-2.443790E-6
16.754999	-2.448261E-5
16.815001	-8.806586E-6
16.875000	-2.744794E-5
16.934999	-3.379583E-5
16.995001	-2.829731E-5
17.055000	-2.278388E-5
17.115000	-2.786517E-5
17.174999	-4.057586E-5
17.235001	-3.083050E-5
17.295000	-3.761053E-5
17.355000	-2.871454E-5
17.415001	-3.676116E-5
17.475000	-2.998114E-5
17.535000	-2.956390E-5
17.594999	-3.845990E-5
17.655001	-1.609325E-6
17.715000	-2.489984E-5
17.775000	-3.845990E-5
17.834999	-3.804266E-5
17.895000	-1.896918E-5
17.955000	-4.565716E-5
18.014999	-2.701581E-5
18.075001	-1.981854E-5
18.135000	-1.007318E-5
18.195000	-3.464520E-5
18.254999	-5.286932E-5
18.315001	-3.379583E-5
18.375000	-3.083050E-5
18.434999	-2.321601E-5
18.495001	-2.278388E-5
18.555000	-2.659857E-5
18.615000	-3.379583E-5
18.674999	-3.211200E-5
18.735001	-2.956390E-5
18.795000	-2.871454E-5
18.855000	-1.855195E-5
18.915001	-2.998114E-5
18.975000	-4.142523E-5
19.035000	-3.634393E-5
19.094999	-2.405047E-5
19.155001	-2.956390E-5
19.215000	-2.489984E-5
19.275000	-2.108514E-5
19.334999	-3.887713E-5
19.395000	-2.744794E-5
19.455000	-2.998114E-5
19.514999	-2.701581E-5
19.575001	-4.227459E-5
19.635000	-4.523993E-5
19.695000	-2.066791E-5
19.754999	-3.294647E-5
19.815001	-2.193451E-5
19.875000	-2.151728E-5
19.934999	-1.981854E-5
19.995001	-3.083050E-5
20.055000	-2.744794E-5
20.115000	-1.940131E-5
20.174999	-2.151728E-5
20.235001	-3.379583E-5
20.295000	-2.066791E-5
20.355000	-4.015863E-5
20.415001	-2.108514E-5
20.475000	-2.193451E-5
20.535000	-2.659857E-5
20.594999	-2.533197E-5
20.655001	-2.998114E-5
20.715000	-2.829731E-5
20.775000	-2.321601E-5
20.834999	-4.100800E-5
20.895000	-3.041327E-5
20.955000	-2.151728E-5
21.014999	-2.023578E-5
21.075001	-4.991889E-6
21.135000	-3.126264E-5
21.195000	-2.448261E-5
21.254999	-8.374453E-6
21.315001	-2.443790E-6
21.375000	-2.786517E-5
21.434999	-4.608929E-5
21.495001	-3.167987E-5
21.555000	-4.142523E-5
21.615000	-3.634393E-5
21.674999	-6.690621E-6
21.735001	-2.193451E-5
21.795000	-2.448261E-5
21.855000	-2.618134E-5
21.915001	-2.871454E-5
21.980000	-4.227459E-5
22.040001	-2.659857E-5
22.100000	-2.744794E-5
22.160000	-2.744794E-5
22.219999	-2.448261E-5
22.280001	-1.727045E-5
22.340000	-1.855195E-5
22.400000	-2.108514E-5
22.459999	-3.278255E-7
22.520000	-3.211200E-5
22.580000	-2.829731E-5
22.639999	-2.998114E-5
22.700001	-2.786517E-5
22.760000	-2.914667E-5
22.820000	-2.829731E-5
22.879999	-3.126264E-5
22.940001	-2.108514E-5
23.000000	-4.015863E-5
23.059999	-3.252923E-5
23.120001	-2.026558E-6
23.180000	-2.489984E-5
23.240000	-4.354119E-5
23.299999	-3.676116E-5
23.360001	-1.685321E-5
23.420000	-2.956390E-5
23.480000	-3.211200E-5
23.540001	-4.269183E-5
23.600000	-1.940131E-5
23.660000	-2.956390E-5
23.719999	-1.981854E-5
23.780001	-2.871454E-5
23.840000	-2.744794E-5
23.900000	-2.321601E-5
23.959999	-1.896918E-5
24.020000	-3.379583E-5
24.080000	-3.549457E-5
24.139999	-2.618134E-5
24.200001	-1.981854E-5
24.260000	-2.618134E-5
24.320000	-2.786517E-5
24.379999	-2.533197E-5
24.440001	-2.443790E-6
24.500000	-2.871454E-5
24.559999	-2.533197E-5
24.620001	-2.363324E-5
24.680000	-3.083050E-5
24.740000	-3.972650E-5
24.799999	-2.108514E-5
24.860001	-1.940131E-5
24.920000	-2.875924E-6
24.980000	-2.023578E-5
25.040001	-2.829731E-5
25.100000	-1.981854E-5
25.160000	-2.956390E-5
25.219999	-2.871454E-5
25.280001	-2.533197E-5
25.340000	-7.539988E-6
25.400000	-1.981854E-5
25.459999	-2.574921E-5
25.520000	-5.841255E-6
25.580000	-2.443790E-6
25.639999	-3.167987E-5
25.700001	-2.448261E-5
25.760000	-2.914667E-5
25.820000	-2.998114E-5
25.879999	-2.443790E-6
25.940001	-3.167987E-5
26.000000	-2.489984E-5
26.059999	-2.744794E-5
26.120001	-2.321601E-5
26.180000	-3.845990E-5
26.240000	-4.397333E-5
26.299999	-2.363324E-5
26.360001	-1.940131E-5
26.420000	-2.066791E-5
26.480000	-3.211200E-5
26.540001	-2.151728E-5
26.600000	-2.998114E-5
26.660000	-2.363324E-5
26.719999	-3.041327E-5
26.780001	-3.126264E-5
26.840000	-2.443790E-6
26.900000	-2.193451E-5
26.959999	-1.981854E-5
27.020000	-3.930926E-5
27.080000	-1.981854E-5
27.139999	-3.211200E-5
27.200001	-3.294647E-5
27.260000	-2.533197E-5
27.320000	-2.829731E-5
27.379999	-2.659857E-5
27.440001	-1.770258E-5
27.500000	-2.956390E-5
27.559999	-1.770258E-5
27.620001	-4.991889E-6
27.680000	-2.108514E-5
27.740000	-2.448261E-5
27.799999	-3.294647E-5
27.860001	-3.337860E-5
27.920000	-2.701581E-5
27.980000	-7.957220E-6
28.040001	-3.126264E-5
28.100000	-2.871454E-5
28.160000	-2.998114E-5
28.219999	-2.786517E-5
28.280001	-2.448261E-5
28.344999	-3.972650E-5
28.405001	-3.591180E-5
28.465000	-1.940131E-5
28.525000	-2.151728E-5
28.584999	-4.650652E-5
28.645000	-4.574656E-6
28.705000	-4.269183E-5
28.764999	-2.574921E-5
28.825001	-1.981854E-5
28.885000	-2.871454E-5
28.945000	-4.735589E-5
29.004999	-4.184246E-5
29.065001	-2.321601E-5
29.125000	-4.735589E-5
29.184999	-3.252923E-5
29.245001	-2.363324E-5
29.305000	-2.236664E-5
29.365000	-2.151728E-5
29.424999	-2.278388E-5
29.485001	-2.998114E-5
29.545000	-2.701581E-5
29.605000	-4.608929E-5
29.665001	-2.618134E-5
29.725000	-2.443790E-6
29.785000	-3.634393E-5
29.844999	-2.786517E-5
29.905001	-2.533197E-5
29.965000	-2.659857E-5
30.025000	-2.786517E-5
30.084999	-2.786517E-5
30.145000	-3.041327E-5
30.205000	-1.558661E-5
30.264999	-1.855195E-5
30.325001	-2.489984E-5
30.385000	-2.026558E-6
30.445000	-1.896918E-5
30.504999	-4.142523E-5
30.565001	-2.448261E-5
30.625000	-2.193451E-5
30.684999	-2.026558E-6
30.745001	-2.659857E-5
30.805000	-2.786517E-5
30.865000	-2.066791E-5
30.924999	-6.258488E-6
30.985001	-2.321601E-5
31.045000	-1.473725E-5
31.105000	-3.507733E-5
31.165001	-2.108514E-5
31.225000	-2.786517E-5
31.285000	-2.998114E-5
31.344999	-3.041327E-5
31.405001	-3.126264E-5
31.465000	-3.083050E-5
31.525000	-2.701581E-5
31.584999	-3.464520E-5
31.645000	-4.397333E-5
31.705000	-2.998114E-5
31.764999	-1.600385E-5
31.825001	-3.804266E-5
31.885000	-4.312396E-5
31.945000	-3.930926E-5
32.005001	-2.193451E-5
32.064999	-2.448261E-5
32.125000	-1.609325E-6
32.185001	-2.914667E-5
32.244999	-4.354119E-5
32.305000	-2.405047E-5
32.365002	-4.142523E-5
32.424999	-3.972650E-5
32.485001	-3.719330E-5
32.544998	-2.956390E-5
32.605000	-4.184246E-5
32.665001	-2.744794E-5
32.724998	-2.786517E-5
32.785000	-1.609325E-6
32.845001	-2.108514E-5
32.904999	-1.981854E-5
32.965000	-4.735589E-5
33.025002	-2.448261E-5
33.084999	-7.599592E-7
33.145000	-4.100800E-5
33.205002	-2.914667E-5
33.264999	-2.829731E-5
33.325001	-3.211200E-5
33.384998	-3.211200E-5
33.445000	-2.321601E-5
33.505001	-5.921721E-5
33.564999	-3.972650E-5
33.625000	1.356006E-6
33.685001	-2.023578E-5
33.744999	-2.701581E-5
33.805000	-1.515448E-5
33.865002	-3.379583E-5
33.924999	-2.574921E-5
33.985001	-2.871454E-5
34.044998	-4.015863E-5
34.105000	-1.609325E-6
34.165001	-2.533197E-5
34.224998	-3.167987E-5
34.285000	-2.744794E-5
34.345001	-5.583465E-5
34.404999	-3.887713E-5
34.465000	-5.963445E-5
34.525002	-2.448261E-5
34.584999	-2.026558E-6
34.645000	-2.659857E-5
34.709999	-8.374453E-6
34.770000	-2.618134E-5
34.830002	-3.337860E-5
34.889999	-3.845990E-5
34.950001	-4.142523E-5
35.009998	-2.914667E-5
35.070000	-4.650652E-5
35.130001	-2.533197E-5
35.189999	-2.574921E-5
35.250000	-1.981854E-5
35.310001	-2.363324E-5
35.369999	-1.940131E-5
35.430000	-2.956390E-5
35.490002	-2.193451E-5
35.549999	-7.539988E-6
35.610001	-5.370378E-5
35.669998	-1.855195E-5
35.730000	-2.998114E-5
35.790001	-1.940131E-5
35.849998	-7.599592E-7
35.910000	-4.650652E-5
35.970001	-2.744794E-5
36.029999	-2.659857E-5
36.090000	-1.981854E-5
36.150002	-3.167987E-5
36.209999	-2.405047E-5
36.270000	-2.448261E-5
36.330002	-2.786517E-5
36.389999	-2.193451E-5
36.450001	-2.574921E-5
36.509998	-2.786517E-5
36.570000	-1.940131E-5
36.630001	-2.618134E-5
36.689999	-2.066791E-5
36.750000	-2.108514E-5
36.810001	-2.321601E-5
36.869999	-1.981854E-5
36.930000	-1.600385E-5
36.990002	-3.634393E-5
37.049999	-3.211200E-5
37.110001	-1.770258E-5
37.169998	-3.591180E-5
37.230000	-3.676116E-5
37.290001	-4.397333E-5
37.349998	-2.193451E-5
37.410000	-2.108514E-5
37.470001	-2.998114E-5
37.529999	-2.871454E-5
37.590000	-1.347065E-5
37.650002	-1.940131E-5
37.709999	-2.193451E-5
37.770000	-3.972650E-5
37.830002	-3.126264E-5
37.889999	-1.940131E-5
37.950001	-2.956390E-5
38.009998	-2.236664E-5
38.070000	-1.811981E-5
38.130001	-2.701581E-5
38.189999	-4.480779E-5
38.250000	-2.489984E-5
38.310001	-2.236664E-5
38.369999	-2.363324E-5
38.430000	-1.770258E-5
38.490002	-1.558661E-5
38.549999	-2.998114E-5
38.610001	-3.379583E-5
38.669998	-1.388788E-5
38.730000	-2.151728E-5
38.790001	-6.218255E-5
38.849998	-3.972650E-5
38.910000	-2.618134E-5
38.970001	-2.023578E-5
39.029999	-2.786517E-5
39.090000	-4.269183E-5
39.150002	-2.871454E-5
39.209999	-1.855195E-5
39.270000	-2.278388E-5
39.330002	-3.804266E-5
39.389999	-2.871454E-5
39.450001	-2.193451E-5
39.509998	-2.023578E-5
39.570000	-2.533197E-5
39.630001	-3.337860E-5
39.689999	-1.727045E-5
39.750000	-8.806586E-6
39.810001	-1.855195E-5
39.869999	-2.443790E-6
39.930000	-2.448261E-5
39.990002	-1.811981E-5
40.049999	-2.574921E-5
40.110001	-7.107854E-6
40.169998	-2.744794E-5
40.230000	-5.841255E-6
40.290001	-3.804266E-5
40.349998	-3.719330E-5
40.410000	-2.193451E-5
40.470001	-1.811981E-5
40.529999	-1.981854E-5
40.590000	-3.804266E-5
40.650002	-2.914667E-5
40.709999	-3.845990E-5
40.770000	-2.448261E-5
40.830002	-4.015863E-5
40.889999	-2.701581E-5
40.950001	-1.811981E-5
41.009998	-1.609325E-6
41.075001	-2.618134E-5
41.134998	-2.574921E-5
41.195000	-2.998114E-5
41.255001	-1.811981E-5
41.314999	-2.363324E-5
41.375000	-1.940131E-5
41.435001	-4.480779E-5
41.494999	-2.489984E-5
41.555000	-1.811981E-5
41.615002	-1.855195E-5
41.674999	-3.041327E-5
41.735001	-2.659857E-5
41.794998	-2.443790E-6
41.855000	-2.236664E-5
41.915001	-3.126264E-5
41.974998	-3.126264E-5
42.035000	-2.023578E-5
42.095001	-2.574921E-5
42.154999	-2.829731E-5
42.215000	-3.083050E-5
42.275002	-1.896918E-5
42.334999	-1.558661E-5
42.395000	-3.167987E-5
42.455002	-2.066791E-5
42.514999	-2.786517E-5
42.575001	-1.940131E-5
42.634998	-2.618134E-5
42.695000	-1.896918E-5
42.755001	-2.914667E-5
42.814999	-1.981854E-5
42.875000	-2.066791E-5
42.935001	-2.193451E-5
42.994999	-2.278388E-5
43.055000	-4.354119E-5
43.115002	-3.083050E-5
43.174999	-4.142523E-5
43.235001	-3.252923E-5
43.294998	-2.618134E-5
43.355000	-4.650652E-5
43.415001	-3.167987E-5
43.474998	-1.855195E-5
43.535000	-2.871454E-5
43.595001	-4.354119E-5
43.654999	-3.887713E-5
43.715000	-2.489984E-5
43.775002	-2.956390E-5
43.834999	-4.142523E-5
43.895000	-2.151728E-5
43.955002	-2.066791E-5
44.014999	-2.236664E-5
44.075001	-2.023578E-5
44.134998	-2.448261E-5
44.195000	-4.142523E-5
44.255001	-2.786517E-5
44.314999	-2.744794E-5
44.375000	-3.379583E-5
44.435001	-2.448261E-5
44.494999	-3.972650E-5
44.555000	-3.337860E-5
44.615002	-2.829731E-5
44.674999	-1.609325E-6
44.735001	-4.565716E-5
44.794998	-1.388788E-5
44.855000	-2.829731E-5
44.915001	-3.083050E-5
44.974998	-2.278388E-5
45.035000	-1.855195E-5
45.095001	-3.930926E-5
45.154999	-2.405047E-5
45.215000	-1.092255E-5
45.275002	-1.770258E-5
45.334999	-2.489984E-5
45.395000	-2.023578E-5
45.455002	-1.050532E-5
45.514999	-4.269183E-5
45.575001	-3.719330E-5
45.634998	-2.026558E-6
45.695000	-4.015863E-5
45.755001	-2.026558E-6
45.814999	-2.914667E-5
45.875000	-2.321601E-5
45.935001	-2.618134E-5
45.994999	-2.321601E-5
46.055000	-2.278388E-5
46.115002	-2.363324E-5
46.174999	-5.879998E-5
46.235001	-3.083050E-5
46.294998	-2.701581E-5
46.355000	-2.618134E-5
46.415001	-7.599592E-7
46.474998	-4.312396E-5
46.535000	-2.489984E-5
46.595001	-2.489984E-5
46.654999	-2.914667E-5
46.715000	-2.701581E-5
46.775002	-1.896918E-5
46.834999	-4.184246E-5
46.895000	-2.701581E-5
46.955002	-2.618134E-5
47.014999	-2.023578E-5
47.075001	-7.599592E-7
47.134998	-3.083050E-5
47.195000	-4.312396E-5
47.255001	-4.015863E-5
47.314999	-5.795062E-5
47.375000	-3.591180E-5
47.439999	-3.294647E-5
47.500000	-2.193451E-5
47.560001	-2.066791E-5
47.619999	-2.193451E-5
47.680000	-2.701581E-5
47.740002	8.940697E-8
47.799999	-1.770258E-5
47.860001	-4.565716E-5
47.919998	-1.981854E-5
47.980000	-2.151728E-5
48.040001	-2.701581E-5
48.099998	-1.940131E-5
48.160000	-2.871454E-5
48.220001	-4.142523E-5
48.279999	-3.507733E-5
48.340000	-2.363324E-5
48.400002	-2.023578E-5
48.459999	-3.252923E-5
48.520000	-2.956390E-5
48.580002	-2.871454E-5
48.639999	-4.100800E-5
48.700001	-2.363324E-5
48.759998	-2.659857E-5
48.820000	-4.574656E-6
48.880001	-2.533197E-5
48.939999	-3.041327E-5
49.000000	-1.811981E-5
49.060001	-2.321601E-5
49.119999	-2.618134E-5
49.180000	-2.236664E-5
49.240002	-2.448261E-5
49.299999	-2.236664E-5
49.360001	-2.618134E-5
49.419998	-3.083050E-5
49.480000	-2.026558E-6
49.540001	-1.981854E-5
49.599998	-2.151728E-5
49.660000	-3.845990E-5
49.720001	-3.337860E-5
49.779999	-2.278388E-5
49.840000	-7.957220E-6
49.900002	-4.184246E-5
49.959999	-4.142523E-5
50.020000	-4.184246E-5
50.080002	-2.193451E-5
50.139999	-2.618134E-5
50.200001	-2.829731E-5
50.259998	-2.618134E-5
50.320000	-2.023578E-5
50.380001	-2.659857E-5
50.439999	-3.464520E-5
50.500000	-2.533197E-5
50.560001	-1.896918E-5
50.619999	-4.142523E-5
50.680000	-4.650652E-5
50.740002	-1.770258E-5
50.799999	-3.126264E-5
50.860001	-2.151728E-5
50.919998	-1.609325E-6
50.980000	-4.608929E-5
51.040001	-2.533197E-5
51.099998	-2.363324E-5
51.160000	-2.744794E-5
51.220001	-3.972650E-5
51.279999	-3.379583E-5
51.340000	-4.100800E-5
51.400002	-1.981854E-5
51.459999	-4.057586E-5
51.520000	-3.167987E-5
51.580002	-3.278255E-7
51.639999	-2.405047E-5
51.700001	-2.659857E-5
51.759998	-2.574921E-5
51.820000	-2.151728E-5
51.880001	-2.659857E-5
51.939999	-1.811981E-5
52.000000	-1.770258E-5
52.060001	-2.026558E-6
52.119999	-4.354119E-5
52.180000	-4.650652E-5
52.240002	-1.770258E-5
52.299999	-2.023578E-5
52.360001	-3.549457E-5
52.419998	-2.151728E-5
52.480000	-1.727045E-5
52.540001	-2.236664E-5
52.599998	-2.956390E-5
52.660000	-5.841255E-6
52.720001	-1.177192E-6
52.779999	-2.829731E-5
52.840000	-4.312396E-5
52.900002	-2.533197E-5
52.959999	-2.871454E-5
53.020000	-3.845990E-5
53.080002	-2.193451E-5
53.139999	-7.107854E-6
53.200001	-1.855195E-5
53.259998	-2.871454E-5
53.320000	-3.126264E-5
53.380001	-1.177192E-6
53.439999	-1.811981E-5
53.500000	-4.312396E-5
53.560001	-2.659857E-5
53.619999	-2.363324E-5
53.680000	-1.609325E-6
53.740002	-4.565716E-5
53.805000	-4.227459E-5
53.865002	-1.896918E-5
53.924999	-1.430511E-5
53.985001	-2.405047E-5
54.044998	-1.896918E-5
54.105000	-2.489984E-5
54.165001	-2.363324E-5
54.224998	-2.448261E-5
54.285000	-2.363324E-5
54.345001	-2.914667E-5
54.404999	-4.523993E-5
54.465000	-9.223819E-6
54.525002	-2.321601E-5
54.584999	-3.887713E-5
54.645000	-2.026558E-6
54.705002	-2.236664E-5
54.764999	-1.981854E-5
54.825001	-2.448261E-5
54.884998	-1.981854E-5
54.945000	-2.489984E-5
55.005001	-4.439056E-5
55.064999	-4.397333E-5
55.125000	-3.549457E-5
55.185001	-2.066791E-5
55.244999	-1.770258E-5
55.305000	-2.574921E-5
55.365002	-1.981854E-5
55.424999	-2.193451E-5
55.485001	-3.972650E-5
55.544998	-3.634393E-5
55.605000	-2.786517E-5
55.665001	-2.914667E-5
55.724998	-2.108514E-5
55.785000	-3.719330E-5
55.845001	-1.940131E-5
55.904999	-1.558661E-5
55.965000	-1.940131E-5
56.025002	-2.321601E-5
56.084999	-4.100800E-5
56.145000	-4.184246E-5
56.205002	-2.659857E-5
56.264999	-2.618134E-5
56.325001	-2.744794E-5
56.384998	-2.236664E-5
56.445000	-1.940131E-5
56.505001	-3.719330E-5
56.564999	-3.167987E-5
56.625000	-4.184246E-5
56.685001	-1.981854E-5
56.744999	-2.998114E-5
56.805000	-2.151728E-5
56.865002	-1.940131E-5
56.924999	-2.829731E-5
56.985001	-1.940131E-5
57.044998	-3.676116E-5
57.105000	-4.439056E-5
57.165001	-2.871454E-5
57.224998	-1.981854E-5
57.285000	-3.887713E-5
57.345001	-2.443790E-6
57.404999	-1.981854E-5
57.465000	-1.770258E-5
57.525002	-3.211200E-5
57.584999	-2.321601E-5
57.645000	-2.829731E-5
57.705002	-2.278388E-5
57.764999	-2.659857E-5
57.825001	-3.761053E-5
57.884998	-2.363324E-5
57.945000	-1.855195E-5
58.005001	-7.599592E-7
58.064999	-1.770258E-5
58.125000	-3.676116E-5
58.185001	-2.618134E-5
58.244999	-8.374453E-6
58.305000	-7.599592E-7
58.365002	-1.896918E-5
58.424999	-3.083050E-5
58.485001	-2.405047E-5
58.544998	-1.727045E-5
58.605000	-1.896918E-5
58.665001	-2.405047E-5
58.724998	-2.321601E-5
58.785000	-2.321601E-5
58.845001	-2.321601E-5
58.904999	-2.618134E-5
58.965000	-4.100800E-5
59.025002	-2.659857E-5
59.084999	-2.574921E-5
59.145000	-3.252923E-5
59.205002	-2.363324E-5
59.264999	-1.609325E-6
59.325001	-3.167987E-5
59.384998	-4.142523E-5
59.445000	-4.227459E-5
59.505001	-1.558661E-5
59.564999	-2.108514E-5
59.625000	-2.151728E-5
59.685001	-1.981854E-5
59.744999	-1.177192E-6
59.805000	-1.981854E-5
59.865002	-2.151728E-5
59.924999	-2.829731E-5
59.985001	-2.321601E-5
60.044998	-3.972650E-5
60.105000	-4.991889E-6
60.169998	-1.940131E-5
60.230000	-3.211200E-5
60.290001	-1.727045E-5
60.349998	-2.786517E-5
60.410000	-2.659857E-5
60.470001	-1.981854E-5
60.529999	-1.811981E-5
60.590000	-2.443790E-6
60.650002	-3.167987E-5
60.709999	-1.430511E-5
60.770000	-2.786517E-5
60.830002	-1.940131E-5
60.889999	-2.659857E-5
60.950001	-2.321601E-5
61.009998	-2.023578E-5
61.070000	-1.177192E-6
61.130001	-4.354119E-5
61.189999	-3.719330E-5
61.250000	-3.083050E-5
61.310001	-1.770258E-5
61.369999	-2.363324E-5
61.430000	-2.956390E-5
61.490002	-3.804266E-5
61.549999	-7.599592E-7
61.610001	-2.786517E-5
61.669998	-4.397333E-5
61.730000	-9.655952E-6
61.790001	-2.533197E-5
61.849998	-2.871454E-5
61.910000	-2.489984E-5
61.970001	-3.379583E-5
62.029999	-4.015863E-5
62.090000	-1.770258E-5
62.150002	-2.489984E-5
62.209999	-1.811981E-5
62.270000	-1.727045E-5
62.330002	-2.998114E-5
62.389999	-2.363324E-5
62.450001	-1.685321E-5
62.509998	-2.108514E-5
62.570000	-1.855195E-5
62.630001	-2.659857E-5
62.689999	-2.023578E-5
62.750000	-1.855195E-5
62.810001	-3.591180E-5
62.869999	-4.991889E-6
62.930000	-2.321601E-5
62.990002	-2.871454E-5
63.049999	-2.151728E-5
63.110001	-2.193451E-5
63.169998	-2.829731E-5
63.230000	-1.770258E-5
63.290001	-3.278255E-7
63.349998	-4.991889E-6
63.410000	-4.057586E-5
63.470001	-1.177192E-6
63.529999	-3.379583E-5
63.590000	-2.363324E-5
63.650002	-2.829731E-5
63.709999	-3.507733E-5
63.770000	-3.930926E-5
63.830002	-2.489984E-5
63.889999	-2.914667E-5
63.950001	-3.845990E-5
64.010002	-4.015863E-5
64.070000	-2.574921E-5
64.129997	-2.574921E-5
64.190002	-4.269183E-5
64.250000	-1.770258E-5
64.309998	-1.347065E-5
64.370003	-1.811981E-5
64.430000	-3.549457E-5
64.489998	-1.727045E-5
64.550003	-2.151728E-5
64.610001	-1.347065E-5
64.669998	-3.126264E-5
64.730003	-2.278388E-5
64.790001	-1.811981E-5
64.849998	-2.448261E-5
64.910004	-1.896918E-5
64.970001	-2.321601E-5
65.029999	-2.659857E-5
65.089996	-3.167987E-5
65.150002	-1.685321E-5
65.209999	-4.397333E-5
65.269997	-2.998114E-5
65.330002	-2.871454E-5
65.389999	-3.211200E-5
65.449997	-2.618134E-5
65.510002	-2.321601E-5
65.570000	-2.786517E-5
65.629997	-1.515448E-5
65.690002	-2.405047E-5
65.750000	-1.430511E-5
65.809998	-2.574921E-5
65.870003	-2.786517E-5
65.930000	-2.533197E-5
65.989998	-2.998114E-5
66.050003	-1.515448E-5
66.110001	-1.727045E-5
66.169998	-4.057586E-5
66.230003	-4.227459E-5
66.290001	-1.896918E-5
66.355003	-1.727045E-5
66.415001	-2.108514E-5
66.474998	-2.618134E-5
66.535004	-2.193451E-5
66.595001	-2.574921E-5
66.654999	-2.871454E-5
66.714996	-2.026558E-6
66.775002	-4.439056E-5
66.834999	-1.940131E-5
66.894997	-2.659857E-5
66.955002	-1.643598E-5
67.014999	-2.574921E-5
67.074997	-2.236664E-5
67.135002	-1.940131E-5
67.195000	-1.727045E-5
67.254997	-5.328655E-5
67.315002	-6.258488E-6
67.375000	-1.177192E-6
67.434998	-3.041327E-5
67.495003	-4.991889E-6
67.555000	-1.811981E-5
67.614998	-3.126264E-5
67.675003	-2.443790E-6
67.735001	-4.227459E-5
67.794998	-4.100800E-5
67.855003	-1.177192E-6
67.915001	-4.439056E-5
67.974998	-4.015863E-5
68.035004	-2.744794E-5
68.095001	-2.744794E-5
68.154999	-1.473725E-5
68.214996	-2.744794E-5
68.275002	-2.914667E-5
68.334999	-3.507733E-5
68.394997	-1.262128E-5
68.455002	-2.618134E-5
68.514999	-2.321601E-5
68.574997	-2.914667E-5
68.635002	-2.321601E-5
68.695000	-2.363324E-5
68.754997	-2.236664E-5
68.815002	-1.685321E-5
68.875000	-1.727045E-5
68.934998	-2.829731E-5
68.995003	-2.533197E-5
69.055000	-2.533197E-5
69.114998	-7.599592E-7
69.175003	-2.236664E-5
69.235001	-3.041327E-5
69.294998	-4.184246E-5
69.355003	-3.167987E-5
69.415001	-3.379583E-5
69.474998	-2.786517E-5
69.535004	-3.549457E-5
69.595001	-2.574921E-5
69.654999	-1.770258E-5
69.714996	-3.211200E-5
69.775002	-2.829731E-5
69.834999	-1.770258E-5
69.894997	-3.804266E-5
69.955002	-2.026558E-6
70.014999	-2.829731E-5
70.074997	-1.770258E-5
70.135002	-2.448261E-5
70.195000	-1.770258E-5
70.254997	-1.811981E-5
70.315002	-2.998114E-5
70.375000	-5.413592E-5
70.434998	-3.278255E-7
70.495003	-2.489984E-5
70.555000	-2.829731E-5
70.614998	-1.609325E-6
70.675003	-3.211200E-5
70.735001	-2.278388E-5
70.794998	-2.998114E-5
70.855003	-4.057586E-5
70.915001	-2.574921E-5
70.974998	-4.057586E-5
71.035004	-2.829731E-5
71.095001	-1.177192E-6
71.154999	-2.956390E-5
71.214996	-3.549457E-5
71.275002	-2.998114E-5
71.334999	-2.278388E-5
71.394997	-2.998114E-5
71.455002	-1.685321E-5
71.514999	-3.972650E-5
71.574997	-1.727045E-5
71.635002	-4.100800E-5
71.695000	-4.608929E-5
71.754997	-7.599592E-7
71.815002	-3.972650E-5
71.875000	-7.107854E-6
71.934998	-2.659857E-5
71.995003	-2.659857E-5
72.055000	-1.727045E-5
72.114998	-2.786517E-5
72.175003	-3.719330E-5
72.239998	-1.940131E-5
72.300003	-1.855195E-5
72.360001	-2.405047E-5
72.419998	-8.374453E-6
72.480003	-1.770258E-5
72.540001	-2.023578E-5
72.599998	-3.634393E-5
72.660004	-4.227459E-5
72.720001	-2.659857E-5
72.779999	-4.100800E-5
72.839996	-7.599592E-7
72.900002	-1.727045E-5
72.959999	-3.761053E-5
73.019997	-1.388788E-5
73.080002	-3.676116E-5
73.139999	-2.914667E-5
73.199997	-2.871454E-5
73.260002	-3.549457E-5
73.320000	-3.804266E-5
73.379997	-2.321601E-5
73.440002	-2.998114E-5
73.500000	-2.786517E-5
73.559998	-1.727045E-5
73.620003	-2.744794E-5
73.680000	-1.609325E-6
73.739998	-3.676116E-5
73.800003	-7.107854E-6
73.860001	-2.914667E-5
73.919998	-1.770258E-5
73.980003	-2.363324E-5
74.040001	-3.804266E-5
74.099998	-2.956390E-5
74.160004	-2.914667E-5
74.220001	-2.108514E-5
74.279999	-2.448261E-5
74.339996	-1.609325E-6
74.400002	-2.829731E-5
74.459999	-2.023578E-5
74.519997	-1.855195E-5
74.580002	-1.811981E-5
74.639999	-2.659857E-5
74.699997	-3.804266E-5
74.760002	-2.829731E-5
74.820000	-2.998114E-5
74.879997	-2.533197E-5
74.940002	-1.643598E-5
75.000000	-1.609325E-6
75.059998	-2.998114E-5
75.120003	-4.991889E-6
75.180000	-3.252923E-5
75.239998	-1.770258E-5
75.300003	-5.328655E-5
75.360001	-2.829731E-5
75.419998	-3.930926E-5
75.480003	-2.026558E-6
75.540001	-3.083050E-5
75.599998	-2.151728E-5
75.660004	-2.786517E-5
75.720001	-3.845990E-5
75.779999	-2.405047E-5
75.839996	-1.981854E-5
75.900002	-2.533197E-5
75.959999	-2.829731E-5
76.019997	-4.184246E-5
76.080002	-2.786517E-5
76.139999	-1.177192E-6
76.199997	-2.108514E-5
76.260002	-1.685321E-5
76.320000	-2.998114E-5
76.379997	-3.507733E-5
76.440002	-3.126264E-5
76.500000	-2.405047E-5
76.559998	-4.312396E-5
76.620003	-2.236664E-5
76.680000	-1.727045E-5
76.739998	-2.321601E-5
76.800003	-3.804266E-5
76.860001	-4.100800E-5
76.919998	-2.405047E-5
76.980003	-1.855195E-5
77.040001	-2.574921E-5
77.099998	-7.957220E-6
77.160004	-4.100800E-5
77.220001	-1.811981E-5
77.279999	-2.489984E-5
77.339996	-2.108514E-5
77.400002	-1.177192E-6
77.459999	-2.448261E-5
77.519997	-1.430511E-5
77.580002	-2.193451E-5
77.639999	-4.269183E-5
77.699997	-4.015863E-5
77.760002	-2.871454E-5
77.820000	-2.193451E-5
77.879997	-3.887713E-5
77.940002	-2.151728E-5
78.000000	-3.804266E-5
78.059998	-2.533197E-5
78.120003	-2.278388E-5
78.184998	-2.489984E-5
78.245003	-3.126264E-5
78.305000	-3.337860E-5
78.364998	-4.480779E-5
78.425003	-2.701581E-5
78.485001	-6.258488E-6
78.544998	-2.236664E-5
78.605003	-4.574656E-6
78.665001	-2.321601E-5
78.724998	-2.321601E-5
78.785004	-1.727045E-5
78.845001	-1.981854E-5
78.904999	-1.896918E-5
78.964996	-2.489984E-5
79.025002	-2.448261E-5
79.084999	-2.618134E-5
79.144997	-1.981854E-5
79.205002	-3.634393E-5
79.264999	-1.855195E-5
79.324997	-3.167987E-5
79.385002	-1.727045E-5
79.445000	-1.685321E-5
79.504997	-1.811981E-5
79.565002	-2.829731E-5
79.625000	-3.591180E-5
79.684998	-2.701581E-5
79.745003	-1.685321E-5
79.805000	-1.685321E-5
79.864998	-4.015863E-5
79.925003	-2.871454E-5
79.985001	-4.439056E-5
80.044998	-4.439056E-5
80.105003	-1.727045E-5
80.165001	-3.294647E-5
80.224998	-2.574921E-5
80.285004	-1.896918E-5
80.345001	-3.549457E-5
80.404999	-1.600385E-5
80.464996	-1.727045E-5
80.525002	-1.896918E-5
80.584999	-2.829731E-5
80.644997	-2.744794E-5
80.705002	-2.574921E-5
80.764999	-2.829731E-5
80.824997	-1.940131E-5
80.885002	-1.770258E-5
80.945000	-1.430511E-5
81.004997	-2.659857E-5
81.065002	-1.685321E-5
81.125000	-7.599592E-7
81.184998	-2.618134E-5
81.245003	-2.533197E-5
81.305000	-2.574921E-5
81.364998	-4.991889E-6
81.425003	-7.599592E-7
81.485001	-2.448261E-5
81.544998	-2.998114E-5
81.605003	-3.591180E-5
81.665001	-3.126264E-5
81.724998	-3.761053E-5
81.785004	-2.956390E-5
81.845001	-2.914667E-5
81.904999	-1.896918E-5
81.964996	-2.871454E-5
82.025002	-2.998114E-5
82.084999	-2.659857E-5
82.144997	-2.236664E-5
82.205002	-2.659857E-5
82.264999	-1.515448E-5
82.324997	-1.855195E-5
82.385002	-2.533197E-5
82.445000	-4.015863E-5
82.504997	-2.574921E-5
82.565002	-1.177192E-6
82.625000	-3.972650E-5
82.684998	-2.489984E-5
82.745003	-2.744794E-5
82.805000	-2.618134E-5
82.864998	-1.177192E-6
82.925003	-3.845990E-5
82.985001	-6.006658E-5
83.044998	-3.041327E-5
83.105003	-2.448261E-5
83.165001	-2.321601E-5
83.224998	-3.972650E-5
83.285004	-1.855195E-5
83.345001	-2.998114E-5
83.404999	-1.940131E-5
83.464996	-2.659857E-5
83.525002	-1.177192E-6
83.584999	-2.533197E-5
83.644997	-1.811981E-5
83.705002	-2.659857E-5
83.764999	-3.126264E-5
83.824997	-1.811981E-5
83.885002	-4.990399E-5
83.945000	-2.236664E-5
84.004997	-1.855195E-5
84.070000	-2.321601E-5
84.129997	-2.574921E-5
84.190002	-1.177192E-6
84.250000	-2.151728E-5
84.309998	-1.811981E-5
84.370003	-2.321601E-5
84.430000	-3.972650E-5
84.489998	-2.956390E-5
84.550003	-3.549457E-5
84.610001	-3.549457E-5
84.669998	-2.026558E-6
84.730003	-4.439056E-5
84.790001	-2.193451E-5
84.849998	-2.108514E-5
84.910004	-2.618134E-5
84.970001	-3.845990E-5
85.029999	-1.896918E-5
85.089996	-2.489984E-5
85.150002	-1.685321E-5
85.209999	-2.956390E-5
85.269997	-3.719330E-5
85.330002	-7.599592E-7
85.389999	-3.887713E-5
85.449997	-2.278388E-5
85.510002	-4.100800E-5
85.570000	-1.727045E-5
85.629997	-1.896918E-5
85.690002	-2.618134E-5
85.750000	-1.727045E-5
85.809998	-2.363324E-5
85.870003	-2.023578E-5
85.930000	-1.855195E-5
85.989998	-2.659857E-5
86.050003	-2.786517E-5
86.110001	-1.981854E-5
86.169998	-3.887713E-5
86.230003	-2.956390E-5
86.290001	-2.026558E-6
86.349998	-2.151728E-5
86.410004	-2.956390E-5
86.470001	-2.786517E-5
86.529999	-2.363324E-5
86.589996	-7.599592E-7
86.650002	-1.388788E-5
86.709999	-3.972650E-5
86.769997	-3.972650E-5
86.830002	-2.278388E-5
86.889999	-7.539988E-6
86.949997	-3.464520E-5
87.010002	-3.930926E-5
87.070000	-3.634393E-5
87.129997	-3.676116E-5
87.190002	-2.786517E-5
87.250000	-2.278388E-5
87.309998	-2.151728E-5
87.370003	-2.956390E-5
87.430000	-2.363324E-5
87.489998	-3.041327E-5
87.550003	-3.972650E-5
87.610001	-1.940131E-5
87.669998	-2.786517E-5
87.730003	-2.193451E-5
87.790001	-2.956390E-5
87.849998	-4.991889E-6
87.910004	-4.354119E-5
87.970001	-2.489984E-5
88.029999	-2.278388E-5
88.089996	-1.940131E-5
88.150002	-2.108514E-5
88.209999	-4.184246E-5
88.269997	-2.956390E-5
88.330002	-1.896918E-5
88.389999	-2.744794E-5
88.449997	-2.193451E-5
88.510002	-1.770258E-5
88.570000	-1.855195E-5
88.629997	-2.278388E-5
88.690002	-3.887713E-5
88.750000	-2.108514E-5
88.809998	-2.998114E-5
88.870003	-2.151728E-5
88.930000	-2.618134E-5
88.989998	-2.278388E-5
89.050003	-2.618134E-5
89.110001	-2.405047E-5
89.169998	-3.041327E-5
89.230003	-1.811981E-5
89.290001	-3.676116E-5
89.349998	-1.811981E-5
89.410004	-2.744794E-5
89.470001	-2.066791E-5
89.529999	-2.066791E-5
89.589996	-2.956390E-5
89.650002	-2.489984E-5
89.709999	-1.811981E-5
89.769997	-3.676116E-5
89.830002	-1.855195E-5
89.889999	-2.998114E-5
89.955002	-3.887713E-5
90.014999	-4.608929E-5
90.074997	-1.896918E-5
90.135002	-3.041327E-5
90.195000	-2.405047E-5
90.254997	-2.108514E-5
90.315002	-2.829731E-5
90.375000	-2.829731E-5
90.434998	-4.354119E-5
90.495003	-3.278255E-7
90.555000	-1.727045E-5
90.614998	-1.770258E-5
90.675003	-2.786517E-5
90.735001	-1.855195E-5
90.794998	-2.448261E-5
90.855003	-2.701581E-5
90.915001	-2.533197E-5
90.974998	-7.599592E-7
91.035004	-2.956390E-5
91.095001	-2.321601E-5
91.154999	-2.574921E-5
91.214996	-9.223819E-6
91.275002	-1.855195E-5
91.334999	-1.940131E-5
91.394997	-2.786517E-5
91.455002	-2.448261E-5
91.514999	-5.751848E-5
91.574997	-2.236664E-5
91.635002	-2.363324E-5
91.695000	-2.533197E-5
91.754997	-2.744794E-5
91.815002	-1.727045E-5
91.875000	-2.066791E-5
91.934998	-3.930926E-5
91.995003	-1.515448E-5
92.055000	-4.100800E-5
92.114998	-2.066791E-5
92.175003	-1.896918E-5
92.235001	-2.659857E-5
92.294998	-2.956390E-5
92.355003	-2.321601E-5
92.415001	-3.278255E-7
92.474998	-4.693866E-5
92.535004	-2.489984E-5
92.595001	-3.337860E-5
92.654999	-3.804266E-5
92.714996	-2.236664E-5
92.775002	-4.608929E-5
92.834999	-2.659857E-5
92.894997	-2.066791E-5
92.955002	-2.914667E-5
93.014999	-1.896918E-5
93.074997	-1.643598E-5
93.135002	-1.811981E-5
93.195000	-2.533197E-5
93.254997	-1.981854E-5
93.315002	-3.126264E-5
93.375000	-1.303852E-5
93.434998	-1.473725E-5
93.495003	-2.236664E-5
93.555000	-1.643598E-5
93.614998	-3.591180E-5
93.675003	-1.855195E-5
93.735001	-2.443790E-6
93.794998	-3.761053E-5
93.855003	-1.981854E-5
93.915001	-2.066791E-5
93.974998	-3.211200E-5
94.035004	-2.533197E-5
94.095001	-2.744794E-5
94.154999	-3.719330E-5
94.214996	-7.599592E-7
94.275002	-2.786517E-5
94.334999	-2.278388E-5
94.394997	-1.609325E-6
94.455002	-2.066791E-5
94.514999	-2.786517E-5
94.574997	-2.998114E-5
94.635002	-1.896918E-5
94.695000	-1.685321E-5
94.754997	-2.405047E-5
94.815002	-2.829731E-5
94.875000	-1.177192E-6
94.934998	-2.574921E-5
94.995003	-2.956390E-5
95.055000	-2.151728E-5
95.114998	-1.940131E-5
95.175003	-7.599592E-7
95.235001	-2.278388E-5
95.294998	-2.193451E-5
95.355003	-3.379583E-5
95.415001	-4.184246E-5
95.474998	-3.634393E-5
95.535004	-1.388788E-5
95.595001	-3.845990E-5
95.654999	-1.685321E-5
95.714996	-2.659857E-5
95.775002	-2.914667E-5
95.839996	-2.151728E-5
95.900002	-3.761053E-5
95.959999	-1.855195E-5
96.019997	-3.591180E-5
96.080002	-2.659857E-5
96.139999	-2.489984E-5
96.199997	-3.634393E-5
96.260002	-2.363324E-5
96.320000	-1.177192E-6
96.379997	-4.523993E-5
96.440002	-3.804266E-5
96.500000	-2.574921E-5
96.559998	-2.278388E-5
96.620003	-2.659857E-5
96.680000	-2.956390E-5
96.739998	-2.108514E-5
96.800003	8.568168E-6
96.860001	-2.998114E-5
96.919998	-1.811981E-5
96.980003	-1.896918E-5
97.040001	6.020069E-6
97.099998	2.205372E-6
97.160004	-1.177192E-5
97.220001	-1.218915E-5
97.279999	-1.262128E-5
97.339996	-1.388788E-5
97.400002	-3.278255E-7
97.459999	-1.473725E-5
97.519997	-3.293157E-6
97.580002	-4.574656E-6
97.639999	1.873076E-5
97.699997	-1.609325E-6
97.760002	1.356006E-6
97.820000	-1.609325E-6
97.879997	-2.108514E-5
97.940002	-8.374453E-6
98.000000	-1.177192E-6
98.059998	-2.875924E-6
98.120003	-3.278255E-7
98.180000	-1.218915E-5
98.239998	-3.725290E-6
98.300003	1.746416E-5
98.360001	-6.258488E-6
98.419998	2.637506E-6
98.480003	-9.655952E-6
98.540001	3.904104E-6
98.599998	1.534820E-5
98.660004	-1.177192E-6
98.720001	5.215406E-7
98.779999	2.637506E-6
98.839996	-1.007318E-5
98.900002	5.215406E-7
98.959999	1.916289E-5
99.019997	-5.841255E-6
99.080002	-4.574656E-6
99.139999	9.387732E-7
99.199997	-1.685321E-5
99.260002	1.661479E-5
99.320000	-1.177192E-6
99.379997	1.704693E-5
99.440002	1.619756E-5
99.500000	2.205372E-6
99.559998	5.602837E-6
99.620003	1.916289E-5
99.680000	-2.875924E-6
99.739998	2.205372E-6
99.800003	-7.107854E-6
99.860001	-8.374453E-6
99.919998	2.001226E-5
99.980003	-1.896918E-5
100.040001	-7.107854E-6
100.099998	3.054738E-6
100.160004	-2.875924E-6
100.220001	-8.806586E-6
100.279999	-1.940131E-5
100.339996	1.788139E-6
100.400002	-5.841255E-6
100.459999	-6.258488E-6
100.519997	2.205372E-6
100.580002	-3.725290E-6
100.639999	-4.991889E-6
100.699997	-1.981854E-5
100.760002	8.150935E-6
100.820000	6.452203E-6
100.879997	-1.685321E-5
100.940002	-3.278255E-7
101.000000	-1.388788E-5
101.059998	1.356006E-6
101.120003	-8.806586E-6
101.180000	-1.727045E-5
101.239998	-4.142523E-6
101.300003	5.602837E-6
101.360001	4.753470E-6
101.419998	8.568168E-6
101.480003	-1.770258E-5
101.540001	8.940697E-8
101.599998	3.054738E-6
101.665001	-3.278255E-7
101.724998	-2.443790E-6
101.785004	2.254546E-5
101.845001	-1.609325E-6
101.904999	1.661479E-5
101.964996	-1.981854E-5
102.025002	-3.725290E-6
102.084999	-2.875924E-6
102.144997	-1.609325E-6
102.205002	-1.770258E-5
102.264999	6.452203E-6
102.324997	-1.609325E-6
102.385002	5.602837E-6
102.445000	1.746416E-5
102.504997	3.486872E-6
102.565002	-1.177192E-5
102.625000	6.869435E-6
102.684998	4.753470E-6
102.745003	8.940697E-8
102.805000	-1.388788E-5
102.864998	3.904104E-6
102.925003	-1.430511E-5
102.985001	-4.991889E-6
103.044998	9.417534E-6
103.105003	2.205372E-6
103.165001	-3.278255E-7
103.224998	2.127886E-5
103.285004	2.424419E-5
103.345001	9.387732E-7
103.404999	7.718801E-6
103.464996	3.904104E-6
103.525002	6.869435E-6
103.584999	8.150935E-6
103.644997	1.111627E-5
103.705002	-4.142523E-6
103.764999	-2.026558E-6
103.824997	-4.574656E-6
103.885002	1.958013E-5
103.945000	2.424419E-5
104.004997	1.534820E-5
104.065002	2.042949E-5
104.125000	1.356006E-6
104.184998	9.417534E-6
104.245003	6.020069E-6
104.305000	-3.083050E-5
104.364998	-1.609325E-6
104.425003	3.054738E-6
104.485001	-8.374453E-6
104.544998	3.904104E-6
104.605003	-3.725290E-6
104.665001	-1.177192E-6
104.724998	8.568168E-6
104.785004	-1.388788E-5
104.845001	7.718801E-6
104.904999	3.054738E-6
104.964996	-4.574656E-6
105.025002	2.551079E-5
105.084999	4.753470E-6
105.144997	5.602837E-6
105.205002	8.985400E-6
105.264999	-1.177192E-5
105.324997	5.170703E-6
105.385002	4.321337E-6
105.445000	-1.473725E-5
105.504997	-9.655952E-6
105.565002	2.637506E-6
105.625000	-1.347065E-5
105.684998	1.873076E-5
105.745003	6.452203E-6
105.805000	2.677739E-5
105.864998	6.020069E-6
105.925003	2.127886E-5
105.985001	5.215406E-7
106.044998	3.054738E-6
106.105003	1.788139E-6
106.165001	-1.092255E-5
106.224998	-7.539988E-6
106.285004	2.847612E-5
106.345001	6.869435E-6
106.404999	4.753470E-6
106.464996	6.869435E-6
106.525002	2.205372E-6
106.584999	8.985400E-6
106.644997	-6.690621E-6
106.705002	4.753470E-6
106.764999	1.356006E-6
106.824997	1.280010E-5
106.885002	2.205372E-6
106.945000	2.847612E-5
107.004997	4.753470E-6
107.065002	5.215406E-7
107.125000	5.170703E-6
107.184998	3.904104E-6
107.245003	5.602837E-6
107.305000	-2.574921E-5
107.364998	-2.998114E-5
107.425003	1.534820E-5
107.485001	1.111627E-5
107.550003	1.323223E-5
107.610001	2.847612E-5
107.669998	-3.278255E-7
107.730003	-3.278255E-7
107.790001	1.280010E-5
107.849998	5.170703E-6
107.910004	-6.258488E-6
107.970001	-7.599592E-7
108.029999	-4.574656E-6
108.089996	-1.007318E-5
108.150002	-1.177192E-5
108.209999	1.195073E-5
108.269997	2.974272E-5
108.330002	-1.007318E-5
108.389999	8.568168E-6
108.449997	1.364946E-5
108.510002	-8.806586E-6
108.570000	-1.050532E-5
108.629997	1.661479E-5
108.690002	2.889335E-5
108.750000	-8.374453E-6
108.809998	1.449883E-5
108.870003	-2.026558E-6
108.930000	3.144145E-5
108.989998	1.153350E-5
109.050003	8.150935E-6
109.110001	1.408160E-5
109.169998	4.321337E-6
109.230003	3.270805E-5
109.290001	1.238286E-5
109.349998	2.637506E-6
109.410004	2.805889E-5
109.470001	-7.107854E-6
109.529999	1.408160E-5
109.589996	-3.278255E-7
109.650002	4.321337E-6
109.709999	9.417534E-6
109.769997	-6.258488E-6
109.830002	-4.991889E-6
109.889999	-8.806586E-6
109.949997	1.323223E-5
110.010002	3.229082E-5
110.070000	1.323223E-5
110.129997	3.054738E-6
110.190002	8.150935E-6
110.250000	9.834766E-6
110.309998	1.026690E-5
110.370003	1.026690E-5
110.430000	1.195073E-5
110.489998	5.602837E-6
110.550003	5.170703E-6
110.610001	1.280010E-5
110.669998	1.408160E-5
110.730003	1.534820E-5
110.790001	1.958013E-5
110.849998	-2.875924E-6
110.910004	1.619756E-5
110.970001	3.904104E-6
111.029999	1.619756E-5
111.089996	1.238286E-5
111.150002	1.356006E-6
111.209999	1.704693E-5
111.269997	-5.409122E-6
111.330002	1.704693E-5
111.389999	1.619756E-5
111.449997	8.985400E-6
111.510002	2.381206E-5
111.570000	3.355742E-5
111.629997	8.568168E-6
111.690002	-5.409122E-6
111.750000	9.417534E-6
111.809998	8.568168E-6
111.870003	3.017485E-5
111.930000	7.718801E-6
111.989998	1.576543E-5
112.050003	7.718801E-6
112.110001	2.169609E-5
112.169998	1.195073E-5
112.230003	3.610551E-5
112.290001	1.068413E-5
112.349998	1.026690E-5
112.410004	1.323223E-5
112.470001	7.718801E-6
112.529999	1.323223E-5
112.589996	-8.374453E-6
112.650002	1.195073E-5
112.709999	1.153350E-5
112.769997	1.068413E-5
112.830002	2.084672E-5
112.889999	1.788139E-5
112.949997	3.567338E-5
113.010002	1.449883E-5
113.070000	1.364946E-5
113.129997	1.068413E-5
113.190002	2.637506E-6
113.250000	6.869435E-6
113.309998	5.215406E-7
113.370003	1.534820E-5
113.434998	1.153350E-5
113.495003	1.153350E-5
113.555000	1.534820E-5
113.614998	3.610551E-5
113.675003	1.831353E-5
113.735001	-4.574656E-6
113.794998	-2.875924E-6
113.855003	1.788139E-5
113.915001	3.695488E-5
113.974998	3.144145E-5
114.035004	-1.177192E-6
114.095001	1.916289E-5
114.154999	1.364946E-5
114.214996	9.417534E-6
114.275002	1.068413E-5
114.334999	-1.177192E-6
114.394997	1.068413E-5
114.455002	2.297759E-5
114.514999	1.323223E-5
114.574997	9.387732E-7
114.635002	1.491606E-5
114.695000	3.907084E-5
114.754997	2.042949E-5
114.815002	2.466142E-5
114.875000	1.619756E-5
114.934998	2.381206E-5
114.995003	1.238286E-5
115.055000	5.170703E-6
115.114998	1.491606E-5
115.175003	9.417534E-6
115.235001	1.873076E-5
115.294998	2.001226E-5
115.355003	2.084672E-5
115.415001	7.301569E-6
115.474998	9.417534E-6
115.535004	1.323223E-5
115.595001	3.822148E-5
115.654999	2.127886E-5
115.714996	1.491606E-5
115.775002	9.387732E-7
115.834999	1.491606E-5
115.894997	5.215406E-7
115.955002	1.491606E-5
116.014999	1.364946E-5
116.074997	1.704693E-5
116.135002	2.127886E-5
116.195000	2.127886E-5
116.254997	2.762675E-5
116.315002	1.788139E-6
116.375000	2.509356E-5
116.434998	5.215406E-7
116.495003	1.831353E-5
116.555000	1.364946E-5
116.614998	-4.142523E-6
116.675003	1.704693E-5
116.735001	3.778934E-5
116.794998	1.619756E-5
116.855003	3.904104E-6
116.915001	3.486872E-6
116.974998	2.339482E-5
117.035004	3.567338E-5
117.095001	1.323223E-5
117.154999	1.873076E-5
117.214996	-9.655952E-6
117.275002	1.958013E-5
117.334999	2.381206E-5
117.394997	2.042949E-5
117.455002	3.992021E-5
117.514999	1.408160E-5
117.574997	2.594292E-5
117.635002	1.746416E-5
117.695000	2.254546E-5
117.754997	1.916289E-5
117.815002	2.424419E-5
117.875000	4.321337E-6
117.934998	1.661479E-5
117.995003	2.637506E-6
118.055000	1.704693E-5
118.114998	1.788139E-5
118.175003	3.737211E-5
118.235001	1.238286E-5
118.294998	6.020069E-6
118.355003	3.948808E-5
118.415001	2.551079E-5
118.474998	4.118681E-5
118.535004	-1.177192E-6
118.595001	6.020069E-6
118.654999	1.408160E-5
118.714996	1.958013E-5
118.775002	1.704693E-5
118.834999	2.042949E-5
118.894997	1.323223E-5
118.955002	9.417534E-6
119.014999	1.280010E-5
119.074997	8.568168E-6
119.135002	1.831353E-5
119.195000	1.788139E-5
119.254997	4.245341E-5
119.320000	1.356006E-6
119.379997	1.661479E-5
119.440002	2.466142E-5
119.500000	1.788139E-5
119.559998	2.254546E-5
119.620003	1.788139E-5
119.680000	1.195073E-5
119.739998	-1.643598E-5
119.800003	2.466142E-5
119.860001	1.364946E-5
119.919998	1.873076E-5
119.980003	1.958013E-5
120.040001	1.449883E-5
120.099998	2.720952E-5
120.160004	4.753470E-6
120.220001	3.652275E-5
120.279999	1.958013E-5
120.339996	2.381206E-5
120.400002	2.339482E-5
120.459999	1.534820E-5
120.519997	-7.957220E-6
120.580002	1.619756E-5
120.639999	1.576543E-5
120.699997	2.001226E-5
120.760002	6.452203E-6
120.820000	7.301569E-6
120.879997	1.195073E-5
120.940002	1.831353E-5
121.000000	1.746416E-5
121.059998	4.203618E-5
121.120003	2.084672E-5
121.180000	1.873076E-5
121.239998	3.185868E-5
121.300003	2.932549E-5
121.360001	2.551079E-5
121.419998	2.042949E-5
121.480003	2.127886E-5
121.540001	2.339482E-5
121.599998	1.788139E-5
121.660004	1.153350E-5
121.720001	2.847612E-5
121.779999	4.711747E-5
121.839996	2.636015E-5
121.900002	2.254546E-5
121.959999	1.873076E-5
122.019997	-1.092255E-5
122.080002	2.466142E-5
122.139999	2.169609E-5
122.199997	1.661479E-5
122.260002	1.916289E-5
122.320000	2.762675E-5
122.379997	2.847612E-5
122.440002	1.916289E-5
122.500000	4.838407E-5
122.559998	2.001226E-5
122.620003	2.169609E-5
122.680000	1.111627E-5
122.739998	3.907084E-5
122.800003	8.985400E-6
122.860001	2.677739E-5
122.919998	2.805889E-5
122.980003	1.958013E-5
123.040001	4.500151E-5
123.099998	2.254546E-5
123.160004	2.889335E-5
123.220001	5.170703E-6
123.279999	1.916289E-5
123.339996	2.932549E-5
123.400002	6.020069E-6
123.459999	2.636015E-5
123.519997	4.965067E-5
123.580002	2.297759E-5
123.639999	1.323223E-5
123.699997	2.339482E-5
123.760002	2.762675E-5
123.820000	2.720952E-5
123.879997	7.718801E-6
123.940002	2.594292E-5
124.000000	2.084672E-5
124.059998	2.466142E-5
124.120003	4.881620E-5
124.180000	3.144145E-5
124.239998	-7.599592E-7
124.300003	3.017485E-5
124.360001	3.398955E-5
124.419998	1.280010E-5
124.480003	2.762675E-5
124.540001	1.873076E-5
124.599998	2.974272E-5
124.660004	9.417534E-6
124.720001	2.636015E-5
124.779999	9.417534E-6
124.839996	3.102422E-5
124.900002	2.974272E-5
124.959999	1.958013E-5
125.019997	2.169609E-5
125.080002	2.466142E-5
125.139999	3.059208E-5
125.199997	3.144145E-5
125.264999	4.923344E-5
125.324997	1.619756E-5
125.385002	1.068413E-5
125.445000	1.534820E-5
125.504997	1.958013E-5
125.565002	6.869435E-6
125.625000	3.185868E-5
125.684998	2.381206E-5
125.745003	2.932549E-5
125.805000	1.746416E-5
125.864998	1.026690E-5
125.925003	2.169609E-5
125.985001	2.974272E-5
126.044998	2.466142E-5
126.105003	2.551079E-5
126.165001	1.364946E-5
126.224998	2.720952E-5
126.285004	3.017485E-5
126.345001	2.509356E-5
126.404999	1.958013E-5
126.464996	3.229082E-5
126.525002	2.297759E-5
126.584999	1.408160E-5
126.644997	2.297759E-5
126.705002	3.355742E-5
126.764999	3.270805E-5
126.824997	2.509356E-5
126.885002	4.160404E-5
126.945000	1.873076E-5
127.004997	3.482401E-5
127.065002	2.594292E-5
127.125000	3.102422E-5
127.184998	4.711747E-5
127.245003	2.466142E-5
127.305000	2.509356E-5
127.364998	2.254546E-5
127.425003	2.297759E-5
127.485001	4.668534E-5
127.544998	2.466142E-5
127.605003	2.762675E-5
127.665001	2.424419E-5
127.724998	5.008280E-5
127.785004	2.127886E-5
127.845001	2.762675E-5
127.904999	2.254546E-5
127.964996	3.314018E-5
128.024994	1.831353E-5
128.085007	3.482401E-5
128.145004	2.254546E-5
128.205002	5.178154E-5
128.264999	2.974272E-5
128.324997	3.652275E-5
128.384995	3.355742E-5
128.445007	2.762675E-5
128.505005	8.150935E-6
128.565002	3.314018E-5
128.625000	3.102422E-5
128.684998	3.144145E-5
128.744995	1.111627E-5
128.804993	5.346537E-5
128.865005	1.619756E-5
128.925003	2.805889E-5
128.985001	2.339482E-5
129.044998	3.314018E-5
129.104996	2.636015E-5
129.164993	2.974272E-5
129.225006	3.482401E-5
129.285004	1.788139E-5
129.345001	1.534820E-5
129.404999	1.491606E-5
129.464996	3.652275E-5
129.524994	3.737211E-5
129.585007	3.695488E-5
129.645004	1.408160E-5
129.705002	5.304813E-5
129.764999	1.704693E-5
129.824997	2.381206E-5
129.884995	2.805889E-5
129.945007	2.636015E-5
130.005005	2.805889E-5
130.065002	2.847612E-5
130.125000	2.677739E-5
130.184998	5.431473E-5
130.244995	4.923344E-5
130.304993	1.364946E-5
130.365005	5.304813E-5
130.425003	2.424419E-5
130.485001	3.778934E-5
130.544998	3.229082E-5
130.604996	3.144145E-5
130.664993	3.567338E-5
130.725006	3.144145E-5
130.785004	3.059208E-5
130.845001	5.431473E-5
130.904999	3.059208E-5
130.964996	3.270805E-5
131.024994	2.974272E-5
131.085007	1.873076E-5
131.145004	3.440678E-5
131.205002	3.567338E-5
131.264999	3.229082E-5
131.324997	3.355742E-5
131.384995	3.652275E-5
131.445007	2.594292E-5
131.505005	3.059208E-5
131.565002	5.516410E-5
131.625000	1.788139E-5
131.690002	3.907084E-5
131.750000	5.093217E-5
131.809998	2.594292E-5
131.869995	1.449883E-5
131.929993	3.822148E-5
131.990005	3.398955E-5
132.050003	1.746416E-5
132.110001	3.398955E-5
132.169998	2.339482E-5
132.229996	5.516410E-5
132.289993	1.323223E-5
132.350006	3.567338E-5
132.410004	3.567338E-5
132.470001	3.144145E-5
132.529999	2.297759E-5
132.589996	3.017485E-5
132.649994	3.863871E-5
132.710007	2.974272E-5
132.770004	3.948808E-5
132.830002	3.185868E-5
132.889999	3.778934E-5
132.949997	3.907084E-5
133.009995	2.932549E-5
133.070007	2.466142E-5
133.130005	3.355742E-5
133.190002	3.017485E-5
133.250000	3.610551E-5
133.309998	2.889335E-5
133.369995	3.482401E-5
133.429993	4.075468E-5
133.490005	2.212822E-5
133.550003	2.169609E-5
133.610001	1.576543E-5
133.669998	3.144145E-5
133.729996	5.728006E-5
133.789993	3.482401E-5
133.850006	3.567338E-5
133.910004	4.075468E-5
133.970001	3.948808E-5
134.029999	2.001226E-5
134.089996	3.737211E-5
134.149994	3.102422E-5
134.210007	2.847612E-5
134.270004	1.873076E-5
134.330002	4.456937E-5
134.389999	5.601346E-5
134.449997	3.102422E-5
134.509995	2.084672E-5
134.570007	2.889335E-5
134.630005	2.212822E-5
134.690002	7.301569E-6
134.750000	3.355742E-5
134.809998	3.992021E-5
134.869995	4.203618E-5
134.929993	2.932549E-5
134.990005	4.541874E-5
135.050003	4.075468E-5
135.110001	6.109476E-5
135.169998	4.075468E-5
135.229996	2.551079E-5
135.289993	2.084672E-5
135.350006	3.440678E-5
135.410004	2.212822E-5
135.470001	2.084672E-5
135.529999	3.059208E-5
135.589996	4.118681E-5
135.649994	1.958013E-5
135.710007	2.254546E-5
135.770004	3.948808E-5
135.830002	4.118681E-5
135.889999	3.652275E-5
135.949997	3.314018E-5
136.009995	3.907084E-5
136.070007	2.001226E-5
136.130005	3.822148E-5
136.190002	5.346537E-5
136.250000	3.017485E-5
136.309998	5.982816E-5
136.369995	4.160404E-5
136.429993	2.424419E-5
136.490005	4.033744E-5
136.550003	4.288554E-5
136.610001	3.695488E-5
136.669998	3.482401E-5
136.729996	4.711747E-5
136.789993	3.229082E-5
136.850006	4.372001E-5
136.910004	3.144145E-5
136.970001	4.330277E-5
137.029999	6.024539E-5
137.089996	2.169609E-5
137.149994	3.398955E-5
137.210007	3.778934E-5
137.270004	3.695488E-5
137.330002	6.024539E-5
137.389999	4.075468E-5
137.449997	3.314018E-5
137.509995	4.033744E-5
137.570007	3.907084E-5
137.630005	3.525615E-5
137.690002	3.992021E-5
137.750000	2.509356E-5
137.809998	4.415214E-5
137.869995	3.482401E-5
137.929993	6.066263E-5
137.990005	4.541874E-5
138.050003	5.008280E-5
138.110001	5.431473E-5
138.169998	4.160404E-5
138.229996	3.992021E-5
138.289993	4.838407E-5
138.350006	3.992021E-5
138.410004	4.288554E-5
138.470001	4.203618E-5
138.529999	3.355742E-5
138.595001	3.102422E-5
138.654999	2.169609E-5
138.714996	2.339482E-5
138.774994	3.229082E-5
138.835007	2.169609E-5
138.895004	3.907084E-5
138.955002	2.381206E-5
139.014999	4.541874E-5
139.074997	2.169609E-5
139.134995	5.812943E-5
139.195007	2.212822E-5
139.255005	4.245341E-5
139.315002	4.245341E-5
139.375000	4.881620E-5
139.434998	2.805889E-5
139.494995	3.314018E-5
139.554993	3.652275E-5
139.615005	4.500151E-5
139.675003	3.314018E-5
139.735001	4.330277E-5
139.794998	3.778934E-5
139.854996	4.500151E-5
139.914993	4.796684E-5
139.975006	6.321073E-5
140.035004	3.652275E-5
140.095001	3.695488E-5
140.154999	3.185868E-5
140.214996	2.551079E-5
140.274994	3.610551E-5
140.335007	3.737211E-5
140.395004	3.778934E-5
140.455002	4.203618E-5
140.514999	6.066263E-5
140.574997	4.541874E-5
140.634995	3.948808E-5
140.695007	4.668534E-5
140.755005	3.610551E-5
140.815002	3.270805E-5
140.875000	4.245341E-5
140.934998	3.144145E-5
140.994995	4.585087E-5
141.054993	3.822148E-5
141.115005	4.118681E-5
141.175003	6.659329E-5
141.235001	3.525615E-5
141.294998	4.118681E-5
141.354996	3.863871E-5
141.414993	3.737211E-5
141.475006	6.406009E-5
141.535004	4.838407E-5
141.595001	5.982816E-5
141.654999	6.532669E-5
141.714996	3.610551E-5
141.774994	4.245341E-5
141.835007	3.652275E-5
141.895004	3.992021E-5
141.955002	4.838407E-5
142.014999	3.737211E-5
142.074997	5.304813E-5
142.134995	3.907084E-5
142.195007	3.482401E-5
142.255005	2.720952E-5
142.315002	4.965067E-5
142.375000	4.881620E-5
142.434998	3.992021E-5
142.494995	4.585087E-5
142.554993	3.907084E-5
142.615005	4.203618E-5
142.675003	3.059208E-5
142.735001	2.424419E-5
142.794998	2.466142E-5
142.854996	4.033744E-5
142.914993	5.346537E-5
142.975006	6.617606E-5
143.035004	3.992021E-5
143.095001	2.805889E-5
143.154999	4.965067E-5
143.214996	3.992021E-5
143.274994	4.585087E-5
143.335007	5.093217E-5
143.395004	4.838407E-5
143.455002	4.372001E-5
143.514999	4.245341E-5
143.574997	4.965067E-5
143.634995	4.626811E-5
143.695007	4.288554E-5
143.755005	5.093217E-5
143.815002	4.881620E-5
143.875000	6.659329E-5
143.934998	4.372001E-5
143.994995	4.160404E-5
144.054993	4.160404E-5
144.115005	4.881620E-5
144.175003	4.796684E-5
144.235001	5.178154E-5
144.294998	6.362796E-5
144.354996	4.203618E-5
144.414993	5.346537E-5
144.475006	3.652275E-5
144.535004	4.668534E-5
144.595001	6.744266E-5
144.654999	5.134940E-5
144.714996	3.610551E-5
144.774994	4.668534E-5
144.835007	5.516410E-5
144.895004	3.185868E-5
144.955002	2.889335E-5
145.014999	4.372001E-5
145.074997	6.829202E-5
145.134995	5.219877E-5
145.195007	4.500151E-5
145.255005	4.753470E-5
145.315002	5.431473E-5
145.375000	4.330277E-5
145.434998	5.178154E-5
145.500000	4.415214E-5
145.559998	4.626811E-5
145.619995	4.456937E-5
145.679993	4.881620E-5
145.740005	4.245341E-5
145.800003	4.203618E-5
145.860001	3.948808E-5
145.919998	6.406009E-5
145.979996	2.932549E-5
146.039993	3.822148E-5
146.100006	4.965067E-5
146.160004	3.102422E-5
146.220001	4.075468E-5
146.279999	4.711747E-5
146.339996	5.050004E-5
146.399994	4.118681E-5
146.460007	4.033744E-5
146.520004	6.999075E-5
146.580002	5.261600E-5
146.639999	5.219877E-5
146.699997	4.965067E-5
146.759995	3.440678E-5
146.820007	5.178154E-5
146.880005	4.923344E-5
146.940002	4.541874E-5
147.000000	4.965067E-5
147.059998	6.659329E-5
147.119995	4.245341E-5
147.179993	5.474687E-5
147.240005	4.838407E-5
147.300003	5.008280E-5
147.360001	4.500151E-5
147.419998	4.796684E-5
147.479996	3.863871E-5
147.539993	4.456937E-5
147.600006	7.084012E-5
147.660004	5.516410E-5
147.720001	1.576543E-5
147.779999	5.261600E-5
147.839996	5.093217E-5
147.899994	3.398955E-5
147.960007	5.050004E-5
148.020004	5.686283E-5
148.080002	5.431473E-5
148.139999	3.907084E-5
148.199997	5.050004E-5
148.259995	4.330277E-5
148.320007	4.075468E-5
148.380005	4.796684E-5
148.440002	4.753470E-5
148.500000	5.093217E-5
148.559998	4.838407E-5
148.619995	4.033744E-5
148.679993	5.431473E-5
148.740005	4.585087E-5
148.800003	3.229082E-5
148.860001	4.965067E-5
148.919998	4.753470E-5
148.979996	5.812943E-5
149.039993	4.585087E-5
149.100006	4.923344E-5
149.160004	5.093217E-5
149.220001	4.541874E-5
149.279999	5.134940E-5
149.339996	6.872416E-5
149.399994	5.474687E-5
149.460007	4.965067E-5
149.520004	4.330277E-5
149.580002	5.897880E-5
149.639999	4.753470E-5
149.699997	4.796684E-5
149.759995	7.040799E-5
149.820007	4.668534E-5
149.880005	4.881620E-5
149.940002	5.261600E-5
150.000000	5.474687E-5
