0, 0.0, 0.578125, 0.0, 0.0010666512915129152, 1.13774497768617e-06, 1.66664264298893e-05, -62.449850685745396
1, 0.06826568265682657, 0.5781512850921332, -0.00043118867680207, 0.0021334001693123776, 2.275698141211041e-06, 3.3335902500983355e-05, -56.4288534522096
2, 0.13653136531365315, 0.5782295562478448, -0.0008647165695587142, 0.002133690785313866, 2.2763181836666515e-06, 3.334498528506284e-05, -56.42767032368165
3, 0.2047970479704797, 0.5783579723951656, -0.0013031422770826001, 0.0021341676771133764, 2.2773358370177526e-06, 3.335989253144924e-05, -56.425729195786445
4, 0.2730627306273063, 0.5785331443319255, -0.0017495094639564668, 0.0021348184118905682, 2.2787248258734837e-06, 3.3380239341173734e-05, -56.42308116162364
5, 0.3413284132841328, 0.5787495540355336, -0.00220772271739314, 0.0021356227485490958, 2.280442262060197e-06, 3.340539746044937e-05, -56.41980919075789
6, 0.4095940959409594, 0.5789984909512313, -0.0026831434235449134, 0.0021365487376768383, 2.2824202542342456e-06, 3.343437237283679e-05, -56.41604387397624
7, 0.477859778597786, 0.5792660921838962, -0.0031836217205739453, 0.002137545537425779, 2.2845504622844313e-06, 3.3465577042112476e-05, -56.41199244590272
8, 0.5461254612546126, 0.5795295645516995, -0.0037214345142649735, 0.0021385295681829, 2.286654356996271e-06, 3.349639625653996e-05, -56.40799476929668
9, 0.6143911439114391, 0.5797493518442591, -0.004317260722802543, 0.0021393558171498785, 2.288421656186512e-06, 3.352228480143485e-05, -56.40463950996477
10, 0.6826568265682657, 0.5798511546338632, -0.005009268068179681, 0.0021397519980748034, 2.2892693066325567e-06, 3.353470173499583e-05, -56.403031144880714
11, 0.7509225092250923, 0.5796783454116805, -0.00587712342484583, 0.0021391444189313947, 2.2879694225226674e-06, 3.3515660189386097e-05, -56.405497839517466
12, 0.8191881918819188, 0.5788365472704847, -0.007120371943729234, 0.0021360898158618727, 2.2814398507144048e-06, 3.342001078614074e-05, -56.417909767476324
13, 0.8874538745387454, 0.5759725205380021, -0.009422032415387402, 0.002125644208216473, 2.259181649962118e-06, 3.3093958223769405e-05, -56.46048848139161
14, 0.955719557195572, 0.5613825990849803, -0.017675364955966513, 0.0020725490342120836, 2.1477297496067204e-06, 3.146133849423898e-05, -56.6802036712448
15, 1.0239852398523985, 0.6358466028111232, 0.018930903025223197, 0.0023473370956663044, 2.7549957203455607e-06, 4.0356964335872804e-05, -55.598790714516696
16, 1.0922509225092252, 0.6018392799708936, 0.000805691318647106, 0.0022208111412037276, 2.4660010624473016e-06, 3.6123583130984797e-05, -56.08006740629622
17, 1.1605166051660516, 0.5978574599693288, -0.002223456190857648, 0.0022061313450811824, 2.4335077558748537e-06, 3.564760009957218e-05, -56.1376726527078
18, 1.2287822878228782, 0.5970970659392943, -0.0036721686075896487, 0.002203351873865576, 2.4273797400334722e-06, 3.5557832948598426e-05, -56.148622771907554
19, 1.2970479704797049, 0.5973954699663733, -0.0046324289924227074, 0.0022044776032992155, 2.4298607517239267e-06, 3.5594176417145085e-05, -56.144186138464185
20, 1.3653136531365313, 0.5982083239295176, -0.005380777405723722, 0.0022075000848989362, 2.4365283124144055e-06, 3.569184717104345e-05, -56.132285377594336
21, 1.433579335793358, 0.599336162203355, -0.006020628308977469, 0.0022116841385082012, 2.445773364264382e-06, 3.5827274687332295e-05, -56.115837890043764
22, 1.5018450184501846, 0.600690699166802, -0.006600617944109821, 0.0022167046609697524, 2.4568897769825124e-06, 3.5990115111473555e-05, -56.0961432676047
23, 1.570110701107011, 0.6022297292251342, -0.007148437180768241, 0.0022224064705874715, 2.469545260254531e-06, 3.617550083940421e-05, -56.073830099565065
24, 1.6383763837638377, 0.6039352440191674, -0.007684020654936841, 0.0022287237081507604, 2.483604683636638e-06, 3.638145239273129e-05, -56.04917529823144
25, 1.7066420664206643, 0.6058076687606482, -0.008227623522490568, 0.002235658807667042, 2.4990851521496096e-06, 3.660822033689428e-05, -56.022189457628436
26, 1.7749077490774907, 0.6078729230596593, -0.00881085080620031, 0.0022433091306672064, 2.5162179278674287e-06, 3.685919234876071e-05, -55.99251747657772
27, 1.8431734317343174, 0.6102224126958604, -0.009509208576436473, 0.0022520166054437497, 2.5357893955971948e-06, 3.714588790307242e-05, -55.958868186641546
28, 1.911439114391144, 0.6132501745321249, -0.010619115860524525, 0.002263255013294501, 2.561161627601346e-06, 3.751755681513323e-05, -55.91563013581367
29, 1.9797047970479704, 0.622703206816176, -0.016394029832229373, 0.002298593999478934, 2.6417671872202806e-06, 3.86983193371187e-05, -55.781054583947245
30, 2.047970479704797, 0.611603539381329, -0.00688268504159803, 0.002256982528890384, 2.5469850678582164e-06, 3.7309889372409545e-05, -55.93973601155659
31, 2.1162361623616235, 0.6163482353596385, -0.00900457389219736, 0.0022745904363920275, 2.586880826663037e-06, 3.789430832571259e-05, -55.87223578053761
32, 2.1845018450184504, 0.6194668712107949, -0.00983795369238924, 0.002286143860322995, 2.6132268750462632e-06, 3.828024233175877e-05, -55.82822884071589
33, 2.2527675276752768, 0.6223630389175311, -0.010419160007233114, 0.0022968643833804554, 2.63779299782084e-06, 3.864010283294311e-05, -55.787592889380726
34, 2.321033210332103, 0.6252476550341122, -0.010901178011503143, 0.0023075375597904086, 2.6623647949217367e-06, 3.9000046455340035e-05, -55.74732438129872
35, 2.38929889298893, 0.6281851038525277, -0.011326955721716409, 0.002318403007661036, 2.6874962529658688e-06, 3.936818835425678e-05, -55.706521325897825
36, 2.4575645756457565, 0.6312030009588494, -0.011709784341547264, 0.0023295631322878445, 2.7134321936573767e-06, 3.9748114836818866e-05, -55.66481026595423
37, 2.525830258302583, 0.6343166509843681, -0.012049833096962698, 0.0023410741451576223, 2.740314076562746e-06, 4.0141898094513736e-05, -55.621996583836015
38, 2.5940959409594098, 0.6375370443193394, -0.01233689152284817, 0.002352975637975792, 2.7682471764537933e-06, 4.0551080260485295e-05, -55.57795134382448
39, 2.662361623616236, 0.6408747953413807, -0.012546220817354903, 0.0023653047618022133, 2.7973333081021124e-06, 4.097715278354986e-05, -55.532557834513845
40, 2.7306273062730626, 0.6443441134979622, -0.012623657141281136, 0.002378109814466604, 2.8277031448311934e-06, 4.1422029851310996e-05, -55.48566185161104
41, 2.7988929889298895, 0.6479716625889285, -0.01243797720083148, 0.002391479803053568, 2.859587824206566e-06, 4.188909731675564e-05, -55.43696560777537
42, 2.867158671586716, 0.651830560950741, -0.011584753724655034, 0.0024056586667358846, 2.8935968104207367e-06, 4.2387283006703764e-05, -55.38561982964103
43, 2.9354243542435423, 0.6562878346519395, -0.00794443654916599, 0.0024219037528799272, 2.932808894106938e-06, 4.296168704340433e-05, -55.32716235327949
44, 3.003690036900369, 0.6348053255915828, -0.15630872709672702, 0.002412421332517356, 2.9098883427924084e-06, 4.2625931940364465e-05, -55.361236752888246
45, 3.0719557195571956, 0.6615668325407523, -0.024057256650244385, 0.002442819549109674, 2.9836836747561956e-06, 4.3706933830212374e-05, -55.25247221946663
46, 3.140221402214022, 0.6662998772834221, -0.021041989794953864, 0.002459896868215833, 3.0255463011290317e-06, 4.4320164735457706e-05, -55.19196196500854
47, 3.208487084870849, 0.6707751860026132, -0.020318245578256927, 0.002476320451376115, 3.0660814889518032e-06, 4.491395045978047e-05, -55.13416306842437
48, 3.2767527675276753, 0.6752870352991847, -0.020193822764940833, 0.002492947994287864, 3.107394851111942e-06, 4.551913538655871e-05, -55.076035582147085
49, 3.3450184501845017, 0.6799003483954262, -0.02031605875402731, 0.0025099771664102133, 3.149992687950322e-06, 4.6143136131596605e-05, -55.016904543331016
50, 3.4132841328413286, 0.6846405344558243, -0.02056544354323403, 0.0025274883408885436, 3.194098656663761e-06, 4.6789228970588064e-05, -54.95651673863481
51, 3.481549815498155, 0.6895220581384274, -0.02089025243157594, 0.0025455292935558232, 3.2398596921754044e-06, 4.7459566301596465e-05, -54.89473797272838
52, 3.5498154981549814, 0.6945560765991696, -0.021264280166164634, 0.002564138413846858, 3.2874029026825402e-06, 4.815601008794423e-05, -54.83147065711898
53, 3.6180811808118083, 0.6997537019116115, -0.021672390229859284, 0.0025833551077346813, 3.3368618063294335e-06, 4.888051619001494e-05, -54.76661778958429
54, 3.6863468634686347, 0.7051288566223326, -0.02210423447460308, 0.0026032296348660767, 3.3884022659224834e-06, 4.96355142737834e-05, -54.70005036505494
55, 3.754612546125461, 0.7107036804691078, -0.02255014711783415, 0.002623842586463278, 3.4422749592691523e-06, 5.042467643037514e-05, -54.63154442397763
56, 3.822878228782288, 0.7165251091124542, -0.022994863362986423, 0.0026453652840401926, 3.4989787430025245e-06, 5.125531023533427e-05, -54.56058695935141
57, 3.8911439114391144, 0.7227427407336836, -0.023393056126257195, 0.0026683439993848536, 3.560029849526578e-06, 5.214962644441635e-05, -54.4854636061411
58, 3.959409594095941, 0.7304706668464469, -0.023405094623263373, 0.0026968469864298065, 3.6364918341077643e-06, 5.326969119152454e-05, -54.39317383317604
59, 4.027675276752768, 0.7298962221840657, -0.0260385745911898, 0.00269505730309875, 3.631666933492954e-06, 5.3199012917653536e-05, -54.39893988228849
60, 4.095940959409594, 0.7391558080416302, -0.02574274053354475, 0.0027291658531795387, 3.7241731270805997e-06, 5.455410364534284e-05, -54.28970138005384
61, 4.1642066420664205, 0.7462399845037715, -0.02619998516046579, 0.002755349722529554, 3.7959760467218447e-06, 5.560591938711458e-05, -54.20676536710854
62, 4.232472324723247, 0.7532566884714961, -0.026770675496517043, 0.0027812998230950896, 3.867814352974389e-06, 5.665825349492212e-05, -54.12534379318535
63, 4.300738007380073, 0.7604101062325646, -0.027400072389283048, 0.00280776237407385, 3.941764774632411e-06, 5.7741527239209914e-05, -54.043092958676375
64, 4.369003690036901, 0.7677637303749666, -0.02807926952122161, 0.002834970581353465, 4.018529098569802e-06, 5.886602084931979e-05, -53.95932882555087
65, 4.437269372693727, 0.7753530698234221, -0.02881220454396069, 0.0028630561530413184, 4.098545267733877e-06, 6.003814959761516e-05, -53.87370263842345
66, 4.5055350553505535, 0.7832089339419768, -0.029611341377480532, 0.0028921346961218795, 4.182221550255998e-06, 6.126389406050678e-05, -53.78592964463096
67, 4.57380073800738, 0.7913676166192919, -0.03050008106037183, 0.0029223437268600756, 4.270046428959218e-06, 6.255040985124043e-05, -53.695674027896914
68, 4.642066420664206, 0.7998819102188559, -0.031521255312726815, 0.002953884702651869, 4.36271741828036e-06, 6.390791461372851e-05, -53.6024291620318
69, 4.710332103321033, 0.8088432917536947, -0.03275898364920127, 0.002987108509839663, 4.461408624778267e-06, 6.535360742242758e-05, -53.505279974803976
70, 4.77859778597786, 0.8184428976317483, -0.03440165948305446, 0.003022751225375235, 4.568512485253743e-06, 6.692253424344672e-05, -53.402251838704345
71, 4.8468634686346865, 0.8291941205329737, -0.036973854075663226, 0.0030627972148802507, 4.69036338973911e-06, 6.87074853307729e-05, -53.28793508661298
72, 4.915129151291513, 0.843228128604531, -0.042687820324739056, 0.0031155275179610285, 4.853255857586204e-06, 7.109363985977628e-05, -53.13966812618611
73, 4.983394833948339, 0.8975415260031163, -0.09013332803072097, 0.00332861947742103, 5.539853812733325e-06, 8.115137206760708e-05, -52.56501695408918
74, 5.051660516605166, 0.8336384187762681, -0.013926373295928413, 0.0030765857357901703, 4.732689894833771e-06, 6.932751143242984e-05, -53.248919513474924
75, 5.119926199261992, 0.8539337101792126, -0.02524986958271433, 0.0031524241102991917, 4.968888885597825e-06, 7.278750745929787e-05, -53.03740714848607
76, 5.1881918819188195, 0.8671611509362944, -0.028864506309772442, 0.0032016288299712907, 5.125213582451668e-06, 7.507745301861631e-05, -52.902880315897846
77, 5.256457564575646, 0.8792449129848763, -0.030936696435020977, 0.0032464538990227593, 5.269731459240038e-06, 7.719444461913785e-05, -52.782115154784854
78, 5.324723247232472, 0.8911400848957818, -0.03244704976900972, 0.0032905188170579453, 5.41375704270621e-06, 7.930422478775042e-05, -52.66501238292079
79, 5.392988929889299, 0.9031493912376537, -0.03369404782809937, 0.003334973023401443, 5.5610225334076804e-06, 8.146146521910709e-05, -52.54845345147019
80, 5.461254612546125, 0.9154068189047747, -0.03479814533542108, 0.0033803246716714026, 5.713297442955188e-06, 8.369208686707329e-05, -52.43113165319556
81, 5.529520295202952, 0.9279873799131428, -0.03581539283564869, 0.003426857065941114, 5.87167467519527e-06, 8.601209929610368e-05, -52.31238014856547
82, 5.597785977859779, 0.9409420734205591, -0.03677214315689825, 0.0034747613632556238, 6.036983265787041e-06, 8.843364675828583e-05, -52.19180027987246
83, 5.666051660516605, 0.9543121941131484, -0.03767608803000452, 0.0035241905070379003, 6.209959364948027e-06, 9.096751285950893e-05, -52.06911241632853
84, 5.734317343173432, 0.9681377659748299, -0.03851522229739432, 0.0035752899800826038, 6.391349220839533e-06, 9.362462912689261e-05, -51.94407452121284
85, 5.802583025830258, 0.9824682247869585, -0.039238804347831197, 0.003628234287752434, 6.582042023411206e-06, 9.641802099159117e-05, -51.81639349255663
86, 5.870848708487085, 0.9973964397490034, -0.03966696477319037, 0.003683339172670903, 6.783493730465986e-06, 9.936901626790714e-05, -51.68546572052862
87, 5.939114391143911, 1.013310713188156, -0.03878070905990977, 0.0037418912750953343, 7.000875157317293e-06, 0.00010255336041259386, -51.548476668090785
88, 6.007380073800738, 1.0172056207717746, -0.0734677380334077, 0.003763303600528771, 7.081226994876407e-06, 0.0001037304062492706, -51.49891483703661
89, 6.075645756457565, 1.04311656456048, -0.047476728930334555, 0.003853123397911421, 7.423279959766226e-06, 0.00010874101995117012, -51.29404160262499
90, 6.143911439114391, 1.060548368374667, -0.047195043696143274, 0.003917335619922478, 7.672759179556712e-06, 0.00011239555338701993, -51.15048432534435
91, 6.212177121771218, 1.0782845939642915, -0.047838687643439376, 0.003982823863846208, 7.93144296521142e-06, 0.00011618492127417808, -51.0064779442006
92, 6.280442804428044, 1.0965794672262386, -0.0487599505905639, 0.004050416972749038, 8.20293882656674e-06, 0.00012016196875673441, -50.860305271889494
93, 6.3487084870848705, 1.115503432506633, -0.049822652177583915, 0.0041203524477037, 8.488652146648938e-06, 0.0001243472827968574, -50.71161262847135
94, 6.416974169741698, 1.1350877541876785, -0.05098450671856303, 0.004192738773504146, 8.789529211422524e-06, 0.00012875472520516238, -50.56034386172753
95, 6.485239852398524, 1.1553416839510928, -0.05223278766646111, 0.004267608113147052, 9.10623950369927e-06, 0.00013339410300013523, -50.406609314748835
96, 6.553505535055351, 1.1762469276790892, -0.05356895298757461, 0.004344893437768331, 9.439049492781153e-06, 0.00013826931959695632, -50.250717367214044
97, 6.621771217712177, 1.1977353360192184, -0.05500608234596274, 0.004424345940557872, 9.787418500865459e-06, 0.00014337245479646157, -50.09331841258064
98, 6.6900369003690034, 1.2196327208875997, -0.0565739381401211, 0.0045053289167968245, 1.0148994324262824e-05, 0.0001486690519932554, -49.93576990367717
99, 6.75830258302583, 1.2415049087352379, -0.05833777097396006, 0.004586253823266205, 1.0516862065711944e-05, 0.00015405781728691548, -49.78113822048658
100, 6.826568265682657, 1.2621380187911795, -0.06046449458674538, 0.004662677147723116, 1.0870279091949688e-05, 0.00015923489913072245, -49.637593053582606
101, 6.894833948339484, 1.2769916152599223, -0.06354870862368642, 0.004717977375826365, 1.1129655259404716e-05, 0.0001630344094756042, -49.53518287709943
102, 6.96309963099631, 1.24737364643041, -0.07256004398588867, 0.004610635728060102, 1.0628980908432153e-05, 0.00015570020682081692, -49.73508373017723
103, 7.031365313653136, 1.47216485625303, -0.0492421459819557, 0.005435380706076531, 1.4771681709994503e-05, 0.00021638517531937892, -48.30570058798089
104, 7.099630996309963, 1.4313465957259046, -0.06020499571478788, 0.00528639188580344, 1.3972969585144224e-05, 0.0002046851220310316, -48.54711286270294
105, 7.167896678966789, 1.4508150732544927, -0.06373749688467556, 0.005358724954125332, 1.4357966566982771e-05, 0.00021032480754877464, -48.42907062271327
106, 7.236162361623617, 1.4797856703816739, -0.06636754569363168, 0.00546595275301699, 1.4938319749107008e-05, 0.00021882619740583778, -48.256982488880155
107, 7.304428044280443, 1.5131463958596258, -0.06877839418438741, 0.005589331041322295, 1.5620310744744484e-05, 0.00022881644388247324, -48.06310330677321
108, 7.372693726937269, 1.5496430742946983, -0.07116453698238526, 0.005724266658947955, 1.6383614391371592e-05, 0.000239997810814146, -47.85590282241755
109, 7.440959409594096, 1.5889078259594223, -0.07361432854505806, 0.005869417686627533, 1.722503199004805e-05, 0.0002523234415839471, -47.6383996285497
110, 7.509225092250922, 1.6308812543470548, -0.07618763341288393, 0.006024575132327305, 1.8147752762528283e-05, 0.0002658400539808197, -47.41177146013972
111, 7.577490774907749, 1.6756497433933195, -0.07894359352266025, 0.006190067590282936, 1.9158468386135597e-05, 0.00028064567203474306, -47.176392133178815
112, 7.645756457564576, 1.7233951911553893, -0.08196161844628265, 0.00636657957548777, 2.0266667745509018e-05, 0.0002968792950828618, -46.932176523284106
113, 7.714022140221402, 1.7743932944031466, -0.08537640967919627, 0.0065551516068701205, 2.148500629452596e-05, 0.00031472630842251543, -46.67864514743518
114, 7.782287822878229, 1.82906634715651, -0.0894705371515574, 0.006757392281709963, 2.2831175224456688e-05, 0.00033444586409879794, -46.41471732821628
115, 7.850553505535055, 1.8882110862027623, -0.09501517608602561, 0.0069763843784003896, 2.4334969497594494e-05, 0.0003564744180458436, -46.137691937818765
116, 7.918819188191882, 1.9543888966618037, -0.10532458598454811, 0.0072222320266138, 2.608031772312304e-05, 0.0003820414109711537, -45.836871221211524
117, 7.987084870848708, 2.0773423985593205, -0.19344564776717924, 0.007698634501159881, 2.9634486591224627e-05, 0.0004341051819579391, -45.28202592384118
118, 8.055350553505535, 2.063366553002126, -0.0721485157627555, 0.007618551863030189, 2.9021166244840385e-05, 0.00042512086769468885, -45.37285138985753
119, 8.123616236162361, 2.1476845609881208, -0.08872580238458178, 0.007931795252515457, 3.145668796391337e-05, 0.00046079796963354174, -45.02287005638901
120, 8.191881918819188, 2.2315822397326857, -0.09627901852169485, 0.008242281170627641, 3.396759944784148e-05, 0.0004975794297494617, -44.68935144428013
121, 8.260147601476016, 2.3206718066811787, -0.10212916174601233, 0.008571653108954259, 3.673661851012261e-05, 0.0005381418170942284, -44.3490082162794
122, 8.328413284132841, 2.4165796611412347, -0.1075359608353097, 0.008926092664834934, 3.9837565130610004e-05, 0.0005835664946159628, -43.99707213487677
123, 8.396678966789668, 2.520497464820764, -0.11291664103479115, 0.009310057169494955, 4.33385822496322e-05, 0.000634851664305423, -43.63125300012797
124, 8.464944649446494, 2.633632759502838, -0.11846718140104606, 0.009728029090151575, 4.731727498941764e-05, 0.0006931341363314691, -43.24980274423147
125, 8.533210332103321, 2.757346123661023, -0.12430557258007902, 0.010185042983272607, 5.1867550285555286e-05, 0.0007597895203992152, -42.85104263334528
126, 8.601476014760147, 2.8932347473337323, -0.13051497817226176, 0.010687000157592655, 5.710598618419271e-05, 0.0008365255273468229, -42.43318364074706
127, 8.669741697416974, 3.0432157889189, -0.13715334067303486, 0.011240977389641584, 6.317978633721665e-05, 0.000925498491750579, -41.99421847134964
128, 8.738007380073801, 3.209633840040567, -0.14423673438671963, 0.011855620333090488, 7.027786674119431e-05, 0.0010294757776683058, -41.53181429825986
129, 8.806273062730627, 3.3954286981512345, -0.1516601521436087, 0.012541749207436911, 7.86477365911222e-05, 0.001152083060334817, -41.043137714530346
130, 8.874538745387454, 3.6045047342817838, -0.15883072762724298, 0.01331366212613445, 8.862679960443345e-05, 0.0012982628482595385, -40.524349331872685
131, 8.94280442804428, 3.843663544285815, -0.16161286273728181, 0.014195792166375188, 0.00010076025761545958, 0.0014760016115561915, -39.967107308044376
132, 9.011070110701107, 4.061267010810422, -0.2626966427688475, 0.015017543178328537, 0.00011276330155648099, 0.0016518299849625053, -39.47832217061072
133, 9.079335793357934, 4.404312517120364, -0.2122347005610017, 0.01627093404950312, 0.00013237164742164003, 0.0019390657541224026, -38.78205026126913
134, 9.14760147601476, 4.763584825561354, -0.22327497859257614, 0.01759710161954168, 0.00015482899270423818, 0.00226803551474857, -38.10147711660325
135, 9.215867158671587, 5.1834597097341275, -0.24003088702003647, 0.019147654237695617, 0.00018331633140317144, 0.002685336530284295, -37.367988426082526
136, 9.284132841328413, 5.682986844587462, -0.2610695616195332, 0.020992547212355193, 0.00022034351923148088, 0.0032277347952287196, -36.568997184846594
137, 9.35239852398524, 6.287780282909468, -0.2869785832394551, 0.023226294557817363, 0.00026973037944324823, 0.0039511855583308254, -35.690701366707785
138, 9.420664206642066, 7.035216802776073, -0.31917414799843313, 0.02598691231456525, 0.0003376598058224515, 0.004946259858264019, -34.71520633615221
139, 9.488929889298893, 7.982536611870238, -0.36001613899855545, 0.029485796811621213, 0.00043470610680810585, 0.0063678570240538745, -33.61804258740763
140, 9.55719557195572, 9.222229443314344, -0.4134012381666949, 0.034064540517908484, 0.0005801964603481144, 0.008499094094829135, -32.36424925061054
141, 9.625461254612546, 10.914188778764895, -0.48610816490626574, 0.04031368570451471, 0.0008125966275411969, 0.011903442489927803, -30.901249844256643
142, 9.693726937269373, 13.360845301424005, -0.5909811065772064, 0.04935021824974335, 0.0012177220206486508, 0.01783798203220456, -29.144518403375894
143, 9.761992619926199, 17.21158894801641, -0.7556099923289537, 0.06357257221232532, 0.0020207359688456587, 0.029601051219306673, -26.944904280801033
144, 9.830258302583026, 24.160463485163664, -1.0519668522417467, 0.0892374701137637, 0.003981663036152435, 0.05832598285390864, -23.999354966269884
145, 9.898523985239853, 40.460004048237195, -1.7456716198965125, 0.14943780654387306, 0.011165829012322015, 0.16356430607239275, -19.521090269937034
146, 9.966789667896679, 123.77239173466485, -5.28620538786241, 0.45714105091320806, 0.10448897021501614, 1.530622212338885, -9.809295509650802
147, 10.035055350553506, -117.39813457771974, 4.956938347175239, 0.4335894360149808, 0.09399989951189457, 1.376971500958023, -10.268726106710782
148, 10.103321033210332, -39.87992316447776, 1.6621238315226843, 0.14728614505220375, 0.010846604262169402, 0.15888809486745448, -19.647062047672648
149, 10.171586715867159, -24.043269215632108, 0.9872298478156426, 0.0887953091514366, 0.003942303463649601, 0.05774941830535361, -24.042499484188532
150, 10.239852398523984, -17.22147917421142, 0.6949300329911997, 0.06359961091937928, 0.0020224552545482144, 0.029626236431490056, -26.941210780804695
151, 10.308118081180812, -13.422490902230123, 0.5305829285980624, 0.04956816833796625, 0.0012285016561904799, 0.0179958891258173, -29.10624253694359
152, 10.376383763837639, -11.00137009640704, 0.42416593955156995, 0.040625623893496214, 0.0008252206583679052, 0.012088367482037963, -30.834299085431827
153, 10.444649446494465, -9.323275105021668, 0.3484923979151272, 0.03442725438107809, 0.0005926179221097303, 0.00868105172387767, -32.27225218607463
154, 10.512915129151292, -8.091227671180334, 0.29060510512535503, 0.02987617965325996, 0.0004462930553369322, 0.006537590161962628, -33.50379871062932
155, 10.581180811808117, -7.14760608152594, 0.24324394169169855, 0.02639019876416558, 0.0003482212954060833, 0.005100971408381004, -34.58144673211359
156, 10.649446494464945, -6.400750146073921, 0.2015114077031705, 0.02363070626802715, 0.00027920513936288883, 0.0040899779874239385, -35.54076591864061
157, 10.717712177121772, -5.793250434756304, 0.16099451090425923, 0.02138556097002892, 0.00022867110900141212, 0.0033497227318585233, -36.40788702003902
158, 10.785977859778598, -5.286166958966079, 0.11554705019546968, 0.019510810493984655, 0.00019033586306609087, 0.002788163183292466, -37.20479374275865
159, 10.854243542435425, -4.84846889802965, 0.050945608597361844, 0.017892016781635333, 0.00016006213225716018, 0.0023446939373886707, -37.95711401978168
160, 10.92250922509225, -4.435595324948367, -0.09307767500420872, 0.01637111365468886, 0.00013400668114737, 0.0019630167886993117, -38.72873548552339
161, 10.990774907749078, -3.2115341157827744, -2.138240981203137, 0.014237052739556454, 0.00010134683535445597, 0.0014845941827598683, -39.941898079927284
162, 11.059040590405903, -4.150972167972643, 0.5167966080567024, 0.015435494782085874, 0.00011912724958390012, 0.0017450532236344288, -39.23988885114165
163, 11.12730627306273, -3.8300510182313543, 0.3132014791486621, 0.014180205415794485, 0.00010053911281706363, 0.001472762139104013, -39.97664951417012
164, 11.195571955719558, -3.5969986441058084, 0.24561768194405004, 0.013303965971269854, 8.849775528235312e-05, 0.0012963725233252807, -40.53067744905011
165, 11.263837638376383, -3.4001355955877512, 0.2091349552567262, 0.012570336687644837, 7.900668222037489e-05, 0.0011573411287417077, -41.0233617543478
166, 11.33210332103321, -3.227597162596978, 0.1849773052387038, 0.011929496118843698, 7.115643882475343e-05, 0.0010423456714328744, -41.47785795234817
167, 11.400369003690036, -3.0739372437565593, 0.16708837579879088, 0.011359686573562995, 6.452123952479369e-05, 0.0009451489681740048, -41.90297297922767
168, 11.468634686346864, -2.935794338147664, 0.15287340928725665, 0.010847866696240825, 5.883810592970541e-05, 0.0008618987409162251, -42.30341316187831
169, 11.53690036900369, -2.81079100061952, 0.1409946079081999, 0.010384963311382313, 5.3923731489378345e-05, 0.0007899097964119747, -42.68220062519214
170, 11.605166051660516, -2.6971393723376385, 0.1306445852520585, 0.00996421259430034, 4.9642766312206755e-05, 0.000727199441654488, -43.04144025709719
171, 11.673431734317344, -2.593476957582367, 0.12123380483345933, 0.009580475973162696, 4.589275993617385e-05, 0.0006722669158217899, -43.382558235647
172, 11.74169741697417, -2.4988281172408477, 0.1121809502254239, 0.009230055141132534, 4.259695895417356e-05, 0.0006239878852205964, -43.70621404572493
173, 11.809963099630997, -2.412749982477977, 0.10258728359475286, 0.008911180600792112, 3.9704569849966833e-05, 0.0005816182934778925, -44.01159504662432
174, 11.878228782287822, -2.3362127602270535, 0.09005685763254895, 0.0086271139554876, 3.7213547600484446e-05, 0.0005451281837692586, -44.29298926326928
175, 11.94649446494465, -2.2795745513673644, 0.06076051870918886, 0.008414701744907374, 3.54036027278736e-05, 0.0005186149372569591, -44.509525412165225
176, 12.014760147601477, -2.0483723961259273, 0.25468714081094546, 0.007616771603744545, 2.9007604831804627e-05, 0.00042492221131994884, -45.37488129565985
177, 12.083025830258302, -2.085765037847905, 0.1222676870108593, 0.0077097624889223395, 2.972021881779699e-05, 0.00043536104322286403, -45.26947997367319
178, 12.15129151291513, -2.034170238983564, 0.10573084012284759, 0.007516295910069335, 2.8247352103862508e-05, 0.00041378553622414805, -45.49022256537577
179, 12.219557195571955, -1.9802100988032243, 0.09724960712356787, 0.0073158548388291954, 2.6760866011410276e-05, 0.00039201052373471264, -45.72499836423979
180, 12.287822878228782, -1.9279890056529125, 0.09126000299336864, 0.007122316093016675, 2.5363693264422158e-05, 0.00037154383106261646, -45.95787507589412
181, 12.35608856088561, -1.8782288984912152, 0.08644204325610522, 0.006938070164554526, 2.4068408804140835e-05, 0.00035256966410390084, -46.18552620585951
182, 12.424354243542435, -1.831014860824617, 0.0823089586512753, 0.006763335534390777, 2.2871353775376488e-05, 0.00033503442557443393, -46.407081283632934
183, 12.492619926199263, -1.7862519922796607, 0.07863121687994731, 0.0065977189544288405, 2.1764947700814797e-05, 0.0003188270717254492, -46.62242372075379
184, 12.560885608856088, -1.743782393309857, 0.07527996063039855, 0.0064406146632843995, 2.074075862045701e-05, 0.0003038240857375054, -46.83175362766025
185, 12.629151291512915, -1.7034169712938576, 0.07217056160195748, 0.0062913105204418, 1.9790294032310837e-05, 0.0002899010639327695, -47.03547753258916
186, 12.697416974169741, -1.664930847140406, 0.06923561823241642, 0.006148966036424949, 1.8904891658553772e-05, 0.0002769311156469228, -47.234258071788375
187, 12.765682656826568, -1.628015225272993, 0.06640257388888876, 0.006012431210467441, 1.8074664530301487e-05, 0.0002647694101465785, -47.429297545585186
188, 12.833948339483396, -1.5920923354395422, 0.06354778823203003, 0.005879557469256772, 1.7284598017146547e-05, 0.0002531960033863089, -47.62340716264191
189, 12.902214022140221, -1.5553447321236071, 0.060284076869630776, 0.005743588848941376, 1.649440643284186e-05, 0.0002416207645027105, -47.82663308344139
190, 12.970479704797048, -1.500268657044642, 0.05284535891869141, 0.0055394799968990745, 1.5342919318022485e-05, 0.00022475303433427529, -48.14091998725808
191, 13.038745387453874, -1.5319460988978504, 0.06388542969089456, 0.005657850921779261, 1.600563852653922e-05, 0.00023446097517254748, -47.957269954954185
192, 13.107011070110701, -1.487066332434986, 0.05821490192047371, 0.00549153276604778, 1.5078466060288192e-05, 0.0002208791514777351, -48.21642837208735
193, 13.175276752767529, -1.456600722746197, 0.0554456672984559, 0.005378803001792936, 1.4465760866048351e-05, 0.00021190384836211365, -48.39658718515416
194, 13.243542435424354, -1.4294322961133705, 0.05318665623329227, 0.005278307914171228, 1.3930267218401309e-05, 0.0002040595900641489, -48.560405526094854
195, 13.311808118081181, -1.4041158991322942, 0.051129362267516326, 0.005184673435305687, 1.3440419315382238e-05, 0.0001968839802415452, -48.71587181913446
196, 13.380073800738007, -1.380196955799239, 0.04917598810528509, 0.005096209374607462, 1.298567499491849e-05, 0.00019022259046610327, -48.86535470836418
197, 13.448339483394834, -1.3574604100671812, 0.0472761042453235, 0.005012115867453181, 1.2560652734387974e-05, 0.00018399658870373733, -49.0098779120575
198, 13.51660516605166, -1.3357741655699065, 0.04539024673686856, 0.004931900864412489, 1.2161823068196327e-05, 0.00017815427305303808, -49.15001319050708
199, 13.584870848708487, -1.315040690383819, 0.04347424834844629, 0.0048551996568001726, 1.1786481853696257e-05, 0.00017265603147846947, -49.286158080971646
200, 13.653136531365314, -1.2951761852080685, 0.04146336452896496, 0.004781696357279007, 1.1432310026607663e-05, 0.00016746789282219871, -49.41866006661166
201, 13.72140221402214, -1.276095063777281, 0.039240854469052844, 0.004711063703576751, 1.1097060609579148e-05, 0.00016255694190248372, -49.54792041942425
202, 13.789667896678967, -1.2576833281783393, 0.03654957689558497, 0.004642857196780986, 1.0778061474850496e-05, 0.00015788403565862079, -49.67459343646637
203, 13.857933579335793, -1.2397080384761106, 0.03265164831934139, 0.004576154820509907, 1.0470596470638031e-05, 0.0001533800888401571, -49.80028577487519
204, 13.92619926199262, -1.2212366427287622, 0.024102367865545482, 0.004507285838185104, 1.0157812813551999e-05, 0.0001487982309444644, -49.931997945385774
205, 13.994464944649447, -1.1571721667490078, -0.16217626673889549, 0.004311739140511195, 9.295547207908109e-06, 0.00013616720504557283, -50.31725039202479
206, 14.062730627306273, -1.1985843217192955, 0.0541073995202461, 0.004427324644712249, 9.80060175483822e-06, 0.00014356557165195446, -50.08747257901132
207, 14.1309963099631, -1.181582248511258, 0.04360711743882753, 0.004363050369924371, 9.518104265248595e-06, 0.00013942736518283077, -50.21449542069925
208, 14.199261992619926, -1.1668381446110305, 0.03940112092420206, 0.004308129860915168, 9.279991449254472e-06, 0.00013593933420259253, -50.32452423947443
209, 14.267527675276753, -1.1530826413379072, 0.03665422419397785, 0.004257066704823678, 9.061308464659164e-06, 0.00013273592399581802, -50.42809085110097
210, 14.335793357933579, -1.1400745776493033, 0.0344485634431736, 0.004208837302079659, 8.857155717688591e-06, 0.00012974536213478962, -50.52705719922133
211, 14.404059040590406, -1.1277411970546691, 0.0324682347594763, 0.004163130954331194, 8.66582967145528e-06, 0.00012694269410618272, -50.621898513591155
212, 14.472324723247233, -1.1160686681554974, 0.030554732444816046, 0.0041198776380788876, 8.486695876371237e-06, 0.00012431862608089757, -50.712613606347425
213, 14.540590405904059, -1.1050840731081295, 0.028591674498392727, 0.004079165628351548, 8.31979611176234e-06, 0.00012187377006959967, -50.798873165724395
214, 14.608856088560886, -1.0948664035924631, 0.02645219069771587, 0.004041276391428028, 8.165957435956772e-06, 0.00011962024135915054, -50.879928881133985
215, 14.677121771217712, -1.085588635233319, 0.023944936929864907, 0.0040068364614541385, 8.027369214419161e-06, 0.000117590111195005, -50.954267614287005
216, 14.745387453874539, -1.0776353186972125, 0.02070299900511649, 0.003977247853362595, 7.909250243538683e-06, 0.00011585982789183692, -51.01864683446288
217, 14.813653136531366, -1.071983041818009, 0.01584533494689716, 0.003956089088499534, 7.825320438072539e-06, 0.00011463036966041394, -51.064978695467104
218, 14.881918819188192, -1.0719036758256775, 0.006475849104729342, 0.003955436300355456, 7.82273816308483e-06, 0.0001145925428214048, -51.06641205894903
219, 14.950184501845019, -1.0986750655233384, -0.02614466612406563, 0.0040552992538943145, 8.222726019317892e-06, 0.00012045182439108911, -50.849841801629125
220, 15.018450184501845, -0.8585130472697136, 0.17653784995585897, 0.0032342289637915926, 5.230118495114219e-06, 7.661416822572721e-05, -52.81488471516805
221, 15.086715867158672, -0.9827190421717766, 0.05890371692418381, 0.003632777822706401, 6.59853735457373e-06, 9.66596553021341e-05, -51.805523204027324
222, 15.154981549815497, -0.9902959229548806, 0.044283689696816037, 0.003657880292838638, 6.69004411836864e-06, 9.800010573394062e-05, -51.745710182111196
223, 15.223247232472325, -0.9885759979082922, 0.038219290197749084, 0.0036506070817018672, 6.663466032485912e-06, 9.761077269209092e-05, -51.76299811786757
224, 15.291512915129152, -0.9843611634224587, 0.03473782472194273, 0.003634590098414387, 6.605122591745951e-06, 9.675612012773798e-05, -51.80119117424971
225, 15.359778597785978, -0.9793065775773577, 0.03240778322606799, 0.0036156555699673547, 6.536482600317978e-06, 9.575063701006335e-05, -51.84655890545769
226, 15.428044280442805, -0.9740368317526951, 0.0307224329075457, 0.0035960192795323107, 6.46567732938404e-06, 9.471343547367971e-05, -51.893859727162095
227, 15.49630996309963, -0.9688732537642626, 0.02947119772701154, 0.0035768316521989007, 6.396862334085959e-06, 9.370538878579972e-05, -51.9403299556822
228, 15.564575645756458, -0.9640485681803148, 0.028573113739026157, 0.0035589369362367643, 6.333016058055163e-06, 9.277012712069995e-05, -51.98389410770106
229, 15.632841328413285, -0.9598134683386704, 0.028030463076858247, 0.003543257132681642, 6.277335554149665e-06, 9.195448298240859e-05, -52.02224655574152
230, 15.70110701107011, -0.9565533128804997, 0.027938574668032623, 0.0035312222675303287, 6.234765351351018e-06, 9.13308870387095e-05, -52.0517988677743
231, 15.769372693726938, -0.9550453594137437, 0.028571837042387804, 0.0035257293425744168, 6.215383698545115e-06, 9.104697201652572e-05, -52.06532055595601
232, 15.837638376383763, -0.9573242530883592, 0.030722605419821497, 0.0035343804562547477, 6.245922604777759e-06, 9.149432572404176e-05, -52.044034015541385
233, 15.90590405904059, -0.9712818083224521, 0.03754467485277188, 0.0035867423536824657, 6.432360355849817e-06, 9.422538683434056e-05, -51.916296333868985
234, 15.974169741697416, -1.088144788480211, 0.08568357842427621, 0.004027723462139874, 8.111278143736005e-06, 0.00011881926361905175, -50.90910705957179
235, 16.042435424354245, -0.8121438945737136, -0.0240863026848053, 0.002998158627236803, 4.494477577037236e-06, 6.583802288524816e-05, -53.47320781927557
236, 16.11070110701107, -0.8704119083010724, 0.000414036581239674, 0.003211852423525093, 5.157997995252007e-06, 7.555770036288074e-05, -52.87518830994351
237, 16.178966789667896, -0.880642351130533, 0.005555635947820936, 0.0032496674359700746, 5.28016922220216e-06, 7.734734374144785e-05, -52.773521586989645
238, 16.247232472324722, -0.8827770679269307, 0.007383716702375448, 0.0032575938996242627, 5.3059590074346056e-06, 7.772512924404206e-05, -52.752361095956275
239, 16.31549815498155, -0.8821874964013439, 0.00805238263085098, 0.0032554400209745924, 5.2989448650815276e-06, 7.76223815371402e-05, -52.75810599246838
240, 16.383763837638377, -0.8804222904425119, 0.0081796309258019, 0.0032489309460050756, 5.277776145954718e-06, 7.731228840830964e-05, -52.77549034092915
241, 16.452029520295202, -0.8780939567047442, 0.008006852378394769, 0.003240333804323684, 5.249881581721399e-06, 7.690367073764859e-05, -52.7985049259118
242, 16.52029520295203, -0.8754931074252932, 0.007645044429626102, 0.003230725040940261, 5.218792145079225e-06, 7.644825250359297e-05, -52.82429999952885
243, 16.588560885608857, -0.872775269607722, 0.007148846799433339, 0.00322068098520924, 5.1863930042441814e-06, 7.597364887298232e-05, -52.85134577210374
244, 16.656826568265682, -0.8700311573776072, 0.00654272020755739, 0.0032105378523276515, 5.1537766506143245e-06, 7.549586336845848e-05, -52.87874406411334
245, 16.725092250922508, -0.8673170120196718, 0.005828253685183804, 0.003200504038151665, 5.121613049112557e-06, 7.502471007078393e-05, -52.90593236680426
246, 16.793357933579337, -0.864668371465301, 0.004975481903700285, 0.0031907110196545915, 5.0903184054726215e-06, 7.456628583151786e-05, -52.932550511770266
247, 16.861623616236162, -0.8621032209283215, 0.003868487492962952, 0.0031812247245502617, 5.060095374044944e-06, 7.412355926303674e-05, -52.95841297383308
248, 16.929889298892988, -0.8595933123797923, 0.0019146520392987754, 0.003171938910399723, 5.030598225653891e-06, 7.369146590011915e-05, -52.98380366703104
249, 16.998154981549817, -0.8496223198891579, -0.08942600075300802, 0.00315245598416613, 4.968989366052421e-06, 7.27889793621733e-05, -53.03731932670787
250, 17.066420664206642, -0.8556535024941113, 0.005294673715995957, 0.0031574534454500438, 4.984756130092177e-06, 7.301994114891783e-05, -53.023560838811086
251, 17.134686346863468, -0.8536202776169259, 0.003069347216856033, 0.0031499106856001068, 4.960968663628868e-06, 7.26714869104553e-05, -53.04433516212363
252, 17.202952029520294, -0.8518674742114396, 0.001649472686803849, 0.0031434283068212804, 4.940570760062651e-06, 7.237268518794477e-05, -53.062228762530566
253, 17.271217712177123, -0.8503691099435834, 0.0003525416331578435, 0.003137893664284225, 4.92318832417754e-06, 7.211805599200612e-05, -53.07753551067221
254, 17.339483394833948, -0.8491558239567667, -0.0009769291253450274, 0.0031334183982320318, 4.909155429189496e-06, 7.191249304380289e-05, -53.08993217447753
255, 17.407749077490774, -0.8482839197424829, -0.0024194341300679684, 0.003130211697533693, 4.899112635688382e-06, 7.176537969035414e-05, -53.0988257554763
256, 17.476014760147603, -0.8478425839675823, -0.004050590749645949, 0.003128606124780438, 4.894088142006835e-06, 7.16917776477758e-05, -53.103282133163745
257, 17.54428044280443, -0.8479762230803741, -0.00597113527834274, 0.0031291411294615172, 4.89576210404385e-06, 7.17162989295072e-05, -53.10179693683406
258, 17.612546125461254, -0.8489325840791309, -0.008341969746266942, 0.0031327437968522065, 4.907041848357989e-06, 7.188153194081161e-05, -53.09180238242143
259, 17.680811808118083, -0.8511734033227288, -0.01145452147991026, 0.0031411456585683233, 4.933398024171313e-06, 7.2267614300023e-05, -53.068538444551585
260, 17.74907749077491, -0.8556660856310876, -0.015911456723512712, 0.0031579852871914857, 4.986435537058946e-06, 7.304454219151212e-05, -53.02209790998617
261, 17.817343173431734, -0.8648298457114212, -0.02320995390563621, 0.0031924030971674025, 5.095718767402012e-06, 7.464539383599703e-05, -52.927945487134764
262, 17.88560885608856, -0.8868703462546548, -0.03841123752690773, 0.0032756522915080586, 5.364948967430998e-06, 7.858925244182705e-05, -52.70434404782564
263, 17.95387453874539, -0.9786083283796437, -0.09651183806619251, 0.00362861949939986, 6.5834397357124455e-06, 9.643849558800393e-05, -51.81547135578548
264, 18.022140221402214, -0.4959710985037064, 0.19904632091115823, 0.0019720365355759225, 1.9444640488231434e-06, 2.848377066113902e-05, -57.11200082108738
265, 18.09040590405904, -0.7402136410944224, 0.047031895291443436, 0.0027369236117020823, 3.745375428146185e-06, 5.486468870419547e-05, -54.26504643064578
266, 18.15867158671587, -0.7731943197300805, 0.025059503620268028, 0.002854613678475632, 4.07440962667009e-06, 5.968459507176185e-05, -53.89935310716435
267, 18.226937269372694, -0.7855647198941051, 0.015710638603987, 0.0028993424502470446, 4.203093321902268e-06, 6.156963731002781e-05, -53.764309671829395
268, 18.29520295202952, -0.7915923536177599, 0.010159490749601627, 0.0029212455558430307, 4.266837798766329e-06, 6.250340775490136e-05, -53.69893866266455
269, 18.363468634686345, -0.7947869841459874, 0.006186691376209107, 0.0029328821500167975, 4.300898852943576e-06, 6.300235617014644e-05, -53.66440770913706
270, 18.431734317343174, -0.7963860467162468, 0.002944168569956579, 0.002938713981043063, 4.3180199311889845e-06, 6.325315682984944e-05, -53.64715357373392
271, 18.5, -0.796875, -5.988710499045213e-13, -1.0, -1.0, -1.0, -1.0
272, 18.568265682656826, -0.796386046717762, -0.0029441685691032407, -1.0, -1.0, -1.0, -1.0
273, 18.636531365313655, -0.7947869841449813, -0.00618669137670992, -1.0, -1.0, -1.0, -1.0
274, 18.70479704797048, -0.7915923536184424, -0.010159490750313624, -1.0, -1.0, -1.0, -1.0
275, 18.773062730627306, -0.7855647198937061, -0.015710638603924278, -1.0, -1.0, -1.0, -1.0
276, 18.84132841328413, -0.7731943197280229, -0.025059503619380388, -1.0, -1.0, -1.0, -1.0
277, 18.90959409594096, -0.740213641094009, -0.04703189529097521, -1.0, -1.0, -1.0, -1.0
278, 18.977859778597786, -0.49597109850377374, -0.19904632091134844, -1.0, -1.0, -1.0, -1.0
279, 19.04612546125461, -0.9786083283800678, 0.09651183806673069, -1.0, -1.0, -1.0, -1.0
280, 19.11439114391144, -0.8868703462555559, 0.0384112375264095, -1.0, -1.0, -1.0, -1.0
281, 19.182656826568266, -0.8648298457114688, 0.02320995390634996, -1.0, -1.0, -1.0, -1.0
282, 19.25092250922509, -0.8556660856303911, 0.015911456723145805, -1.0, -1.0, -1.0, -1.0
283, 19.319188191881917, -0.8511734033235818, 0.011454521480271887, -1.0, -1.0, -1.0, -1.0
284, 19.387453874538746, -0.8489325840794785, 0.008341969745852107, -1.0, -1.0, -1.0, -1.0
285, 19.45571955719557, -0.8479762230803584, 0.0059711352787441, -1.0, -1.0, -1.0, -1.0
286, 19.523985239852397, -0.8478425839678164, 0.004050590750201408, -1.0, -1.0, -1.0, -1.0
287, 19.592250922509226, -0.8482839197426, 0.0024194341291523813, -1.0, -1.0, -1.0, -1.0
288, 19.660516605166052, -0.8491558239564811, 0.000976929125615117, -1.0, -1.0, -1.0, -1.0
289, 19.728782287822877, -0.850369109943745, -0.00035254163566172947, -1.0, -1.0, -1.0, -1.0
290, 19.797047970479706, -0.851867474212401, -0.0016494726883497512, -1.0, -1.0, -1.0, -1.0
291, 19.865313653136532, -0.8536202776165007, -0.0030693472168874525, -1.0, -1.0, -1.0, -1.0
292, 19.933579335793358, -0.8556535024933069, -0.0052946737160713825, -1.0, -1.0, -1.0, -1.0
293, 20.001845018450183, -0.8496223198892671, 0.08942600075123504, -1.0, -1.0, -1.0, -1.0
294, 20.070110701107012, -0.8595933123788292, -0.0019146520377768261, -1.0, -1.0, -1.0, -1.0
295, 20.138376383763838, -0.8621032209294957, -0.0038684874929628965, -1.0, -1.0, -1.0, -1.0
296, 20.206642066420663, -0.8646683714650724, -0.0049754819029421415, -1.0, -1.0, -1.0, -1.0
297, 20.274907749077492, -0.8673170120196266, -0.005828253685180723, -1.0, -1.0, -1.0, -1.0
298, 20.343173431734318, -0.8700311573766635, -0.006542720207464131, -1.0, -1.0, -1.0, -1.0
299, 20.411439114391143, -0.872775269607338, -0.0071488467987598225, -1.0, -1.0, -1.0, -1.0
300, 20.47970479704797, -0.8754931074252081, -0.007645044428674669, -1.0, -1.0, -1.0, -1.0
301, 20.547970479704798, -0.8780939567080372, -0.00800685237834814, -1.0, -1.0, -1.0, -1.0
302, 20.616236162361623, -0.8804222904430257, -0.00817963092624377, -1.0, -1.0, -1.0, -1.0
303, 20.68450184501845, -0.8821874964025082, -0.008052382630882537, -1.0, -1.0, -1.0, -1.0
304, 20.752767527675278, -0.8827770679256808, -0.0073837167040883556, -1.0, -1.0, -1.0, -1.0
305, 20.821033210332104, -0.8806423511314188, -0.005555635947618542, -1.0, -1.0, -1.0, -1.0
306, 20.88929889298893, -0.8704119083013576, -0.0004140365821901637, -1.0, -1.0, -1.0, -1.0
307, 20.957564575645755, -0.8121438945729913, 0.024086302685156685, -1.0, -1.0, -1.0, -1.0
308, 21.025830258302584, -1.0881447884790265, -0.08568357842603941, -1.0, -1.0, -1.0, -1.0
309, 21.09409594095941, -0.971281808322591, -0.03754467485237531, -1.0, -1.0, -1.0, -1.0
310, 21.162361623616235, -0.9573242530881341, -0.030722605419636756, -1.0, -1.0, -1.0, -1.0
311, 21.230627306273064, -0.9550453594134002, -0.028571837040486492, -1.0, -1.0, -1.0, -1.0
312, 21.29889298892989, -0.956553312880783, -0.027938574668316174, -1.0, -1.0, -1.0, -1.0
313, 21.367158671586715, -0.9598134683389937, -0.028030463077595713, -1.0, -1.0, -1.0, -1.0
314, 21.435424354243544, -0.964048568180868, -0.028573113739774725, -1.0, -1.0, -1.0, -1.0
315, 21.50369003690037, -0.968873253763632, -0.029471197728107412, -1.0, -1.0, -1.0, -1.0
316, 21.571955719557195, -0.9740368317524629, -0.030722432907960923, -1.0, -1.0, -1.0, -1.0
317, 21.64022140221402, -0.9793065775780749, -0.0324077832266175, -1.0, -1.0, -1.0, -1.0
318, 21.70848708487085, -0.9843611634219788, -0.03473782472287801, -1.0, -1.0, -1.0, -1.0
319, 21.776752767527675, -0.9885759979079354, -0.03821929019788481, -1.0, -1.0, -1.0, -1.0
320, 21.8450184501845, -0.9902959229557207, -0.044283689697365514, -1.0, -1.0, -1.0, -1.0
321, 21.91328413284133, -0.982719042172765, -0.05890371692434135, -1.0, -1.0, -1.0, -1.0
322, 21.981549815498155, -0.8585130472699244, -0.1765378499564161, -1.0, -1.0, -1.0, -1.0
323, 22.04981549815498, -1.098675065523587, 0.026144666124068794, -1.0, -1.0, -1.0, -1.0
324, 22.118081180811807, -1.0719036758255527, -0.006475849105372217, -1.0, -1.0, -1.0, -1.0
325, 22.186346863468636, -1.0719830418173086, -0.015845334947169665, -1.0, -1.0, -1.0, -1.0
326, 22.25461254612546, -1.0776353186971561, -0.020702999006390943, -1.0, -1.0, -1.0, -1.0
327, 22.322878228782287, -1.0855886352317465, -0.023944936929259197, -1.0, -1.0, -1.0, -1.0
328, 22.391143911439116, -1.0948664035919393, -0.026452190698546374, -1.0, -1.0, -1.0, -1.0
329, 22.45940959409594, -1.1050840731081932, -0.02859167449882366, -1.0, -1.0, -1.0, -1.0
330, 22.527675276752767, -1.116068668154875, -0.0305547324448828, -1.0, -1.0, -1.0, -1.0
331, 22.595940959409592, -1.1277411970548967, -0.03246823475927038, -1.0, -1.0, -1.0, -1.0
332, 22.66420664206642, -1.1400745776493588, -0.034448563443558844, -1.0, -1.0, -1.0, -1.0
333, 22.732472324723247, -1.15308264133791, -0.036654224195098506, -1.0, -1.0, -1.0, -1.0
334, 22.800738007380073, -1.1668381446107114, -0.03940112092423867, -1.0, -1.0, -1.0, -1.0
335, 22.8690036900369, -1.1815822485110732, -0.04360711743814613, -1.0, -1.0, -1.0, -1.0
336, 22.937269372693727, -1.1985843217188583, -0.054107399521425875, -1.0, -1.0, -1.0, -1.0
337, 23.005535055350553, -1.1571721667489285, 0.16217626673947114, -1.0, -1.0, -1.0, -1.0
338, 23.07380073800738, -1.221236642729973, -0.02410236786463904, -1.0, -1.0, -1.0, -1.0
339, 23.142066420664207, -1.2397080384753387, -0.0326516483202908, -1.0, -1.0, -1.0, -1.0
340, 23.210332103321033, -1.2576833281788111, -0.036549576894329444, -1.0, -1.0, -1.0, -1.0
341, 23.27859778597786, -1.2760950637818915, -0.0392408544712482, -1.0, -1.0, -1.0, -1.0
342, 23.346863468634687, -1.2951761852087982, -0.041463364530598346, -1.0, -1.0, -1.0, -1.0
343, 23.415129151291513, -1.3150406903849994, -0.04347424835121644, -1.0, -1.0, -1.0, -1.0
344, 23.48339483394834, -1.3357741655676114, -0.04539024673854994, -1.0, -1.0, -1.0, -1.0
345, 23.551660516605168, -1.3574604100656946, -0.047276104247001904, -1.0, -1.0, -1.0, -1.0
346, 23.619926199261993, -1.3801969557972416, -0.04917598810142754, -1.0, -1.0, -1.0, -1.0
347, 23.68819188191882, -1.4041158991341383, -0.051129362268095085, -1.0, -1.0, -1.0, -1.0
348, 23.756457564575644, -1.4294322961113732, -0.053186656233625756, -1.0, -1.0, -1.0, -1.0
349, 23.824723247232473, -1.4566007227481372, -0.055445667299079904, -1.0, -1.0, -1.0, -1.0
350, 23.8929889298893, -1.4870663324331121, -0.0582149019205469, -1.0, -1.0, -1.0, -1.0
351, 23.961254612546124, -1.531946098897434, -0.06388542968825278, -1.0, -1.0, -1.0, -1.0
352, 24.029520295202953, -1.5002686570444683, -0.05284535891947381, -1.0, -1.0, -1.0, -1.0
353, 24.09778597785978, -1.5553447321226757, -0.06028407686811957, -1.0, -1.0, -1.0, -1.0
354, 24.166051660516604, -1.5920923354398, -0.06354778823192611, -1.0, -1.0, -1.0, -1.0
355, 24.23431734317343, -1.6280152252705198, -0.06640257388941956, -1.0, -1.0, -1.0, -1.0
356, 24.30258302583026, -1.6649308471400968, -0.06923561823174654, -1.0, -1.0, -1.0, -1.0
357, 24.370848708487085, -1.7034169712946394, -0.07217056160349658, -1.0, -1.0, -1.0, -1.0
358, 24.43911439114391, -1.7437823933087127, -0.07527996063134407, -1.0, -1.0, -1.0, -1.0
359, 24.50738007380074, -1.7862519922806217, -0.07863121687971358, -1.0, -1.0, -1.0, -1.0
360, 24.575645756457565, -1.8310148608261343, -0.08230895865153873, -1.0, -1.0, -1.0, -1.0
361, 24.64391143911439, -1.8782288984890423, -0.08644204325438867, -1.0, -1.0, -1.0, -1.0
362, 24.71217712177122, -1.927989005652749, -0.09126000299286996, -1.0, -1.0, -1.0, -1.0
363, 24.780442804428045, -1.9802100988031959, -0.09724960712347983, -1.0, -1.0, -1.0, -1.0
364, 24.84870848708487, -2.034170238983487, -0.1057308401237152, -1.0, -1.0, -1.0, -1.0
365, 24.916974169741696, -2.085765037846566, -0.12226768701251534, -1.0, -1.0, -1.0, -1.0
366, 24.985239852398525, -2.048372396126142, -0.2546871408113228, -1.0, -1.0, -1.0, -1.0
367, 25.05350553505535, -2.2795745513675802, -0.060760518709637584, -1.0, -1.0, -1.0, -1.0
368, 25.121771217712176, -2.336212760225711, -0.09005685763377833, -1.0, -1.0, -1.0, -1.0
369, 25.190036900369005, -2.412749982479876, -0.10258728359671998, -1.0, -1.0, -1.0, -1.0
370, 25.25830258302583, -2.498828117240984, -0.11218095022477878, -1.0, -1.0, -1.0, -1.0
371, 25.326568265682656, -2.5934769575826735, -0.12123380483335491, -1.0, -1.0, -1.0, -1.0
372, 25.394833948339482, -2.697139372337613, -0.13064458525277717, -1.0, -1.0, -1.0, -1.0
373, 25.46309963099631, -2.8107910006194414, -0.14099460790868734, -1.0, -1.0, -1.0, -1.0
374, 25.531365313653136, -2.9357943381475526, -0.15287340928774065, -1.0, -1.0, -1.0, -1.0
375, 25.599630996309962, -3.073937243757575, -0.1670883758011069, -1.0, -1.0, -1.0, -1.0
376, 25.66789667896679, -3.227597162597014, -0.1849773052384382, -1.0, -1.0, -1.0, -1.0
377, 25.736162361623617, -3.400135595588478, -0.20913495525649672, -1.0, -1.0, -1.0, -1.0
378, 25.804428044280442, -3.5969986441060318, -0.24561768194435127, -1.0, -1.0, -1.0, -1.0
379, 25.872693726937268, -3.83005101823104, -0.3132014791491369, -1.0, -1.0, -1.0, -1.0
380, 25.940959409594097, -4.150972167971588, -0.5167966080553927, -1.0, -1.0, -1.0, -1.0
381, 26.009225092250922, -3.211534115782298, 2.138240981201918, -1.0, -1.0, -1.0, -1.0
382, 26.077490774907748, -4.435595324949153, 0.0930776750037178, -1.0, -1.0, -1.0, -1.0
383, 26.145756457564577, -4.848468898029412, -0.05094560859798321, -1.0, -1.0, -1.0, -1.0
384, 26.214022140221402, -5.286166958967607, -0.11554705019577484, -1.0, -1.0, -1.0, -1.0
385, 26.282287822878228, -5.793250434756081, -0.16099451090548578, -1.0, -1.0, -1.0, -1.0
386, 26.350553505535057, -6.400750146073555, -0.20151140770396134, -1.0, -1.0, -1.0, -1.0
387, 26.418819188191883, -7.147606081526087, -0.2432439416924995, -1.0, -1.0, -1.0, -1.0
388, 26.487084870848708, -8.091227671178352, -0.29060510512621296, -1.0, -1.0, -1.0, -1.0
389, 26.555350553505534, -9.323275105021374, -0.3484923979151806, -1.0, -1.0, -1.0, -1.0
390, 26.623616236162363, -11.001370096404603, -0.42416593955380844, -1.0, -1.0, -1.0, -1.0
391, 26.69188191881919, -13.422490902227024, -0.5305829285971297, -1.0, -1.0, -1.0, -1.0
392, 26.760147601476014, -17.221479174213776, -0.6949300329891173, -1.0, -1.0, -1.0, -1.0
393, 26.828413284132843, -24.04326921563539, -0.9872298478185612, -1.0, -1.0, -1.0, -1.0
394, 26.89667896678967, -39.879923164477034, -1.6621238315283215, -1.0, -1.0, -1.0, -1.0
395, 26.964944649446494, -117.39813457771153, -4.956938347188019, -1.0, -1.0, -1.0, -1.0
396, 27.03321033210332, 123.77239173467194, 5.286205387876498, -1.0, -1.0, -1.0, -1.0
397, 27.10147601476015, 40.460004048238105, 1.7456716199011133, -1.0, -1.0, -1.0, -1.0
398, 27.169741697416974, 24.160463485164463, 1.0519668522448555, -1.0, -1.0, -1.0, -1.0
399, 27.2380073800738, 17.21158894801575, 0.7556099923306128, -1.0, -1.0, -1.0, -1.0
400, 27.30627306273063, 13.360845301424654, 0.5909811065782198, -1.0, -1.0, -1.0, -1.0
401, 27.374538745387454, 10.914188778763496, 0.4861081649059271, -1.0, -1.0, -1.0, -1.0
402, 27.44280442804428, 9.22222944331427, 0.4134012381673494, -1.0, -1.0, -1.0, -1.0
403, 27.511070110701105, 7.982536611870056, 0.36001613899948587, -1.0, -1.0, -1.0, -1.0
404, 27.579335793357934, 7.035216802774544, 0.3191741479977641, -1.0, -1.0, -1.0, -1.0
405, 27.64760147601476, 6.287780282909341, 0.2869785832409324, -1.0, -1.0, -1.0, -1.0
406, 27.715867158671585, 5.682986844587155, 0.26106956162040934, -1.0, -1.0, -1.0, -1.0
407, 27.784132841328415, 5.18345970973427, 0.24003088702096131, -1.0, -1.0, -1.0, -1.0
408, 27.85239852398524, 4.763584825558008, 0.22327497859145948, -1.0, -1.0, -1.0, -1.0
409, 27.920664206642066, 4.40431251712004, 0.2122347005613796, -1.0, -1.0, -1.0, -1.0
410, 27.988929889298895, 4.061267010810333, 0.2626966427696535, -1.0, -1.0, -1.0, -1.0
411, 28.05719557195572, 3.8436635442850022, 0.16161286273595155, -1.0, -1.0, -1.0, -1.0
412, 28.125461254612546, 3.6045047342819356, 0.15883072762715128, -1.0, -1.0, -1.0, -1.0
413, 28.19372693726937, 3.3954286981514645, 0.1516601521432965, -1.0, -1.0, -1.0, -1.0
414, 28.2619926199262, 3.209633840039282, 0.14423673438770374, -1.0, -1.0, -1.0, -1.0
415, 28.330258302583026, 3.043215788918797, 0.13715334067318713, -1.0, -1.0, -1.0, -1.0
416, 28.39852398523985, 2.8932347473326345, 0.13051497817353763, -1.0, -1.0, -1.0, -1.0
417, 28.46678966789668, 2.757346123660973, 0.12430557258035968, -1.0, -1.0, -1.0, -1.0
418, 28.535055350553506, 2.6336327595026603, 0.11846718140108914, -1.0, -1.0, -1.0, -1.0
419, 28.60332103321033, 2.520497464820046, 0.11291664103429078, -1.0, -1.0, -1.0, -1.0
420, 28.671586715867157, 2.4165796611408865, 0.10753596083588646, -1.0, -1.0, -1.0, -1.0
421, 28.739852398523986, 2.3206718066796146, 0.10212916174634923, -1.0, -1.0, -1.0, -1.0
422, 28.80811808118081, 2.231582239732055, 0.09627901852162041, -1.0, -1.0, -1.0, -1.0
423, 28.876383763837637, 2.147684560988451, 0.08872580238505123, -1.0, -1.0, -1.0, -1.0
424, 28.944649446494466, 2.063366553001376, 0.07214851576470599, -1.0, -1.0, -1.0, -1.0
425, 29.012915129151292, 2.077342398558985, 0.1934456477668804, -1.0, -1.0, -1.0, -1.0
426, 29.081180811808117, 1.954388896661507, 0.10532458598479627, -1.0, -1.0, -1.0, -1.0
427, 29.149446494464943, 1.8882110862020403, 0.09501517608600729, -1.0, -1.0, -1.0, -1.0
428, 29.217712177121772, 1.829066347157003, 0.08947053715158149, -1.0, -1.0, -1.0, -1.0
429, 29.285977859778598, 1.7743932944025123, 0.08537640968010801, -1.0, -1.0, -1.0, -1.0
430, 29.354243542435423, 1.723395191156248, 0.08196161844372826, -1.0, -1.0, -1.0, -1.0
431, 29.422509225092252, 1.6756497433945763, 0.07894359352313157, -1.0, -1.0, -1.0, -1.0
432, 29.490774907749078, 1.6308812543454805, 0.07618763341319279, -1.0, -1.0, -1.0, -1.0
433, 29.559040590405903, 1.5889078259596132, 0.0736143285434272, -1.0, -1.0, -1.0, -1.0
434, 29.627306273062732, 1.5496430742928942, 0.07116453698361236, -1.0, -1.0, -1.0, -1.0
435, 29.695571955719558, 1.5131463958592044, 0.06877839418460621, -1.0, -1.0, -1.0, -1.0
436, 29.763837638376383, 1.4797856703812342, 0.06636754569326175, -1.0, -1.0, -1.0, -1.0
437, 29.83210332103321, 1.4508150732523633, 0.0637374968853108, -1.0, -1.0, -1.0, -1.0
438, 29.900369003690038, 1.4313465957257776, 0.060204995713572934, -1.0, -1.0, -1.0, -1.0
439, 29.968634686346864, 1.472164856251281, 0.049242145982106356, -1.0, -1.0, -1.0, -1.0
440, 30.03690036900369, 1.2473736464304088, 0.07256004398484323, -1.0, -1.0, -1.0, -1.0
441, 30.105166051660518, 1.2769916152603162, 0.06354870862480971, -1.0, -1.0, -1.0, -1.0
442, 30.173431734317344, 1.2621380187857358, 0.0604644945897892, -1.0, -1.0, -1.0, -1.0
443, 30.24169741697417, 1.24150490873307, 0.05833777096846235, -1.0, -1.0, -1.0, -1.0
444, 30.309963099630995, 1.219632720889949, 0.05657393813834399, -1.0, -1.0, -1.0, -1.0
445, 30.378228782287824, 1.197735336024314, 0.055006082340201184, -1.0, -1.0, -1.0, -1.0
446, 30.44649446494465, 1.1762469276761136, 0.053568952989026114, -1.0, -1.0, -1.0, -1.0
447, 30.514760147601475, 1.155341683954492, 0.05223278766778319, -1.0, -1.0, -1.0, -1.0
448, 30.583025830258304, 1.1350877541838287, 0.050984506718815964, -1.0, -1.0, -1.0, -1.0
449, 30.65129151291513, 1.1155034325072846, 0.04982265217644613, -1.0, -1.0, -1.0, -1.0
450, 30.719557195571955, 1.0965794672260072, 0.04875995059162805, -1.0, -1.0, -1.0, -1.0
451, 30.78782287822878, 1.0782845939637264, 0.04783868764346047, -1.0, -1.0, -1.0, -1.0
452, 30.85608856088561, 1.060548368376797, 0.047195043696197536, -1.0, -1.0, -1.0, -1.0
453, 30.924354243542435, 1.0431165645621454, 0.047476728931019396, -1.0, -1.0, -1.0, -1.0
454, 30.99261992619926, 1.01720562077198, 0.07346773803262466, -1.0, -1.0, -1.0, -1.0
455, 31.06088560885609, 1.01331071318821, 0.03878070906105169, -1.0, -1.0, -1.0, -1.0
456, 31.129151291512915, 0.9973964397498931, 0.03966696477432824, -1.0, -1.0, -1.0, -1.0
457, 31.19741697416974, 0.9824682247885697, 0.039238804348158324, -1.0, -1.0, -1.0, -1.0
458, 31.26568265682657, 0.9681377659754841, 0.038515222298439705, -1.0, -1.0, -1.0, -1.0
459, 31.333948339483396, 0.9543121941126973, 0.037676088029771376, -1.0, -1.0, -1.0, -1.0
460, 31.40221402214022, 0.9409420734175016, 0.03677214315633226, -1.0, -1.0, -1.0, -1.0
461, 31.470479704797047, 0.9279873799139924, 0.035815392835401416, -1.0, -1.0, -1.0, -1.0
462, 31.538745387453876, 0.9154068189047125, 0.034798145335774716, -1.0, -1.0, -1.0, -1.0
463, 31.6070110701107, 0.9031493912373053, 0.03369404782810753, -1.0, -1.0, -1.0, -1.0
464, 31.675276752767527, 0.8911400848965378, 0.03244704976942933, -1.0, -1.0, -1.0, -1.0
465, 31.743542435424356, 0.8792449129852242, 0.030936696436111605, -1.0, -1.0, -1.0, -1.0
466, 31.81180811808118, 0.8671611509366361, 0.028864506310505106, -1.0, -1.0, -1.0, -1.0
467, 31.880073800738007, 0.8539337101789172, 0.02524986957889347, -1.0, -1.0, -1.0, -1.0
468, 31.948339483394832, 0.833638418772698, 0.013926373295535754, -1.0, -1.0, -1.0, -1.0
469, 32.01660516605166, 0.8975415260045618, 0.09013332803028248, -1.0, -1.0, -1.0, -1.0
470, 32.08487084870849, 0.8432281286046186, 0.04268782032613544, -1.0, -1.0, -1.0, -1.0
471, 32.15313653136531, 0.829194120535679, 0.03697385407509035, -1.0, -1.0, -1.0, -1.0
472, 32.22140221402214, 0.818442897631679, 0.03440165948331658, -1.0, -1.0, -1.0, -1.0
473, 32.289667896678964, 0.808843291754721, 0.03275898364928523, -1.0, -1.0, -1.0, -1.0
474, 32.35793357933579, 0.799881910219544, 0.03152125531147393, -1.0, -1.0, -1.0, -1.0
475, 32.42619926199262, 0.7913676166195173, 0.03050008105902549, -1.0, -1.0, -1.0, -1.0
476, 32.494464944649444, 0.783208933942616, 0.029611341377679873, -1.0, -1.0, -1.0, -1.0
477, 32.56273062730627, 0.7753530698252543, 0.028812204547011305, -1.0, -1.0, -1.0, -1.0
478, 32.6309963099631, 0.7677637303751313, 0.02807926952143, -1.0, -1.0, -1.0, -1.0
479, 32.699261992619924, 0.7604101062329824, 0.0274000723896409, -1.0, -1.0, -1.0, -1.0
480, 32.76752767527675, 0.7532566884707163, 0.02677067549578413, -1.0, -1.0, -1.0, -1.0
481, 32.83579335793358, 0.7462399845036695, 0.026199985159712808, -1.0, -1.0, -1.0, -1.0
482, 32.904059040590404, 0.7391558080417295, 0.02574274053276626, -1.0, -1.0, -1.0, -1.0
483, 32.97232472324723, 0.7298962221836003, 0.026038574592364583, -1.0, -1.0, -1.0, -1.0
484, 33.04059040590406, 0.730470666845278, 0.02340509462237797, -1.0, -1.0, -1.0, -1.0
485, 33.108856088560884, 0.7227427407363722, 0.023393056128489714, -1.0, -1.0, -1.0, -1.0
486, 33.17712177121771, 0.716525109111861, 0.02299486336493331, -1.0, -1.0, -1.0, -1.0
487, 33.245387453874535, 0.7107036804695347, 0.02255014711868411, -1.0, -1.0, -1.0, -1.0
488, 33.313653136531364, 0.7051288566228718, 0.022104234473943857, -1.0, -1.0, -1.0, -1.0
489, 33.38191881918819, 0.6997537019112882, 0.021672390229133837, -1.0, -1.0, -1.0, -1.0
490, 33.450184501845015, 0.6945560765993513, 0.02126428016647741, -1.0, -1.0, -1.0, -1.0
491, 33.518450184501845, 0.6895220581384643, 0.020890252431882, -1.0, -1.0, -1.0, -1.0
492, 33.586715867158674, 0.6846405344565543, 0.020565443543494155, -1.0, -1.0, -1.0, -1.0
493, 33.654981549815496, 0.6799003483944184, 0.020316058756092853, -1.0, -1.0, -1.0, -1.0
494, 33.723247232472325, 0.6752870352978944, 0.020193822765836256, -1.0, -1.0, -1.0, -1.0
495, 33.791512915129154, 0.6707751860001487, 0.02031824558098122, -1.0, -1.0, -1.0, -1.0
496, 33.859778597785976, 0.666299877282697, 0.02104198979431554, -1.0, -1.0, -1.0, -1.0
497, 33.928044280442805, 0.661566832540727, 0.024057256648442188, -1.0, -1.0, -1.0, -1.0
498, 33.996309963099634, 0.6348053255926435, 0.15630872709733626, -1.0, -1.0, -1.0, -1.0
499, 34.064575645756456, 0.6562878346523778, 0.00794443654906904, -1.0, -1.0, -1.0, -1.0
500, 34.132841328413285, 0.6518305609457886, 0.011584753723381441, -1.0, -1.0, -1.0, -1.0
501, 34.201107011070114, 0.6479716625885732, 0.012437977202152284, -1.0, -1.0, -1.0, -1.0
502, 34.269372693726936, 0.6443441134975737, 0.01262365714165084, -1.0, -1.0, -1.0, -1.0
503, 34.337638376383765, 0.6408747953409073, 0.012546220817225062, -1.0, -1.0, -1.0, -1.0
504, 34.40590405904059, 0.6375370443190052, 0.012336891522260585, -1.0, -1.0, -1.0, -1.0
505, 34.474169741697416, 0.6343166509843517, 0.012049833096856782, -1.0, -1.0, -1.0, -1.0
506, 34.542435424354245, 0.6312030009592572, 0.011709784339739182, -1.0, -1.0, -1.0, -1.0
507, 34.61070110701107, 0.6281851038531763, 0.011326955721796483, -1.0, -1.0, -1.0, -1.0
508, 34.678966789667896, 0.6252476550347018, 0.01090117801131163, -1.0, -1.0, -1.0, -1.0
509, 34.747232472324725, 0.622363038918007, 0.010419160006146233, -1.0, -1.0, -1.0, -1.0
510, 34.81549815498155, 0.619466871210798, 0.009837953692221235, -1.0, -1.0, -1.0, -1.0
511, 34.88376383763838, 0.6163482353597146, 0.009004573892764017, -1.0, -1.0, -1.0, -1.0
512, 34.952029520295206, 0.6116035393807121, 0.006882685041746439, -1.0, -1.0, -1.0, -1.0
513, 35.02029520295203, 0.6227032068158526, 0.016394029831852924, -1.0, -1.0, -1.0, -1.0
514, 35.08856088560886, 0.6132501745311651, 0.010619115860097339, -1.0, -1.0, -1.0, -1.0
515, 35.156826568265686, 0.6102224126942104, 0.009509208574966205, -1.0, -1.0, -1.0, -1.0
516, 35.22509225092251, 0.6078729230594309, 0.008810850805400505, -1.0, -1.0, -1.0, -1.0
517, 35.29335793357934, 0.6058076687594561, 0.008227623522118588, -1.0, -1.0, -1.0, -1.0
518, 35.361623616236166, 0.6039352440188905, 0.0076840206539203065, -1.0, -1.0, -1.0, -1.0
519, 35.42988929889299, 0.6022297292260346, 0.007148437181254283, -1.0, -1.0, -1.0, -1.0
520, 35.49815498154982, 0.6006906991663858, 0.00660061794452417, -1.0, -1.0, -1.0, -1.0
521, 35.56642066420664, 0.5993361622034938, 0.006020628309608533, -1.0, -1.0, -1.0, -1.0
522, 35.63468634686347, 0.5982083239283432, 0.0053807774067022585, -1.0, -1.0, -1.0, -1.0
523, 35.7029520295203, 0.5973954699662969, 0.004632428992680113, -1.0, -1.0, -1.0, -1.0
524, 35.77121771217712, 0.5970970659390064, 0.0036721686084042054, -1.0, -1.0, -1.0, -1.0
525, 35.83948339483395, 0.5978574599687472, 0.0022234561906797345, -1.0, -1.0, -1.0, -1.0
526, 35.90774907749078, 0.601839279971919, -0.0008056913199053634, -1.0, -1.0, -1.0, -1.0
527, 35.9760147601476, 0.635846602810517, -0.018930903025700607, -1.0, -1.0, -1.0, -1.0
528, 36.04428044280443, 0.5613825990900922, 0.017675364956859882, -1.0, -1.0, -1.0, -1.0
529, 36.11254612546126, 0.5759725205394297, 0.00942203241663421, -1.0, -1.0, -1.0, -1.0
530, 36.18081180811808, 0.5788365472710659, 0.007120371943461393, -1.0, -1.0, -1.0, -1.0
531, 36.24907749077491, 0.5796783454108705, 0.005877123424839689, -1.0, -1.0, -1.0, -1.0
532, 36.31734317343174, 0.5798511546331214, 0.005009268068060409, -1.0, -1.0, -1.0, -1.0
533, 36.38560885608856, 0.5797493518446613, 0.004317260722496413, -1.0, -1.0, -1.0, -1.0
534, 36.45387453874539, 0.5795295645513978, 0.0037214345146849084, -1.0, -1.0, -1.0, -1.0
535, 36.52214022140221, 0.5792660921835581, 0.0031836217192210553, -1.0, -1.0, -1.0, -1.0
536, 36.59040590405904, 0.5789984909520759, 0.002683143423307034, -1.0, -1.0, -1.0, -1.0
537, 36.65867158671587, 0.5787495540362231, 0.0022077227167368943, -1.0, -1.0, -1.0, -1.0
538, 36.72693726937269, 0.5785331443322337, 0.0017495094639712015, -1.0, -1.0, -1.0, -1.0
539, 36.79520295202952, 0.5783579723964009, 0.001303142277735602, -1.0, -1.0, -1.0, -1.0
540, 36.86346863468635, 0.5782295562475825, 0.0008647165705159207, -1.0, -1.0, -1.0, -1.0
541, 36.93173431734317, 0.5781512850905568, 0.0004311886769116143, -1.0, -1.0, -1.0, -1.0
