0, 0.0, -3.0, 0.0, 0.015, 0.000225, 8.999999999999999e-05, -39.48847477552619
1, 2.5, -6.411537967210279e-15, -2.896988204881268e-16, 6.418079503369456e-17, 2.059587225578556e-33, 8.238348902314224e-34, -326.86219810512483
2, 5.0, -8.881784197001252e-16, -1.0059661437189504e-14, 1.0098794439738765e-16, 5.0992824568049304e-33, 2.039712982721972e-33, -322.9249093115191
3, 7.5, -1.3641865415081611e-14, -3.1259717037102064e-15, 1.3995434651899764e-16, 9.793609554779834e-33, 3.9174438219119336e-33, -320.09057214141023
4, 10.0, 1.9262369477246466e-14, -97.73641234356512, 0.9773641234356512, 0.47762031488956935, 0.19104812595582774, -3.2091720939793245
5, 12.5, -9.506284648352903e-15, 9.509754095304856e-15, 1.3446370170744133e-16, 9.040243538433879e-33, 3.616097415373552e-33, -320.4381986974883
6, 15.0, 7.382983113757291e-15, -4.055783486833775e-15, 8.423646440235894e-17, 3.547890967504942e-33, 1.4191563870019767e-33, -324.5002973521532
7, 17.5, -1.0408340855860843e-14, -2.327998904760875e-15, 1.0665511627313048e-16, 5.687656913617491e-33, 2.2750627654469963e-33, -322.4506660865955
8, 20.0, 2.730908181577689, -1.1948775302528247e-14, 0.027309081815776893, 0.0003728929748103981, 0.00014915718992415924, -34.28415798536838
9, 22.5, 1.1962653090336062e-14, 1.3128387266192476e-14, 1.7761182989059363e-16, 1.5772981058542583e-32, 6.309192423417034e-33, -318.02086218216823
10, 25.0, 4.621303340002214e-15, 9.131584377541913e-15, 1.0234367484338401e-16, 5.237113890224157e-33, 2.0948455560896628e-33, -322.8090798150083
11, 27.5, -6.5780714209040525e-15, 1.2698175844150228e-14, 1.4300863379092712e-16, 1.0225734669373751e-32, 4.0902938677495e-33, -319.9030548025038
12, 30.0, -1.6930901125533637e-14, -1.9413557729810713, 0.019413557729810713, 0.00018844311186434664, 7.537724474573866e-05, -37.24819732631876
13, 32.5, 4.421463195569686e-14, -2.0969337377607644e-14, 4.893512837454974e-16, 1.1973233945168316e-31, 4.7892935780673264e-32, -309.2178853172808
14, 35.0, 2.930988785010413e-14, -6.878525526943235e-14, 7.476951830971398e-16, 2.7952404341333268e-31, 1.1180961736533307e-31, -305.53580830093694
15, 37.5, 5.620504062164855e-15, 1.2420620087993939e-14, 1.3633116638652007e-16, 9.293093464154511e-33, 3.717237385661804e-33, -320.31839694964265
16, 40.0, -2.006568782925031, 4.6851411639181606e-14, 0.020065687829250313, 0.00020131591403046206, 8.052636561218482e-05, -36.96121892759458
17, 42.5, 3.9496184101039944e-14, 5.200007091588077e-14, 6.529897345134814e-16, 2.1319779668999346e-31, 8.527911867599738e-32, -306.7121728787399
18, 45.0, -7.979727989493313e-15, 4.891920202254596e-14, 4.956575819362564e-16, 1.2283821926544836e-31, 4.9135287706179344e-32, -309.1066648796973
19, 47.5, 1.0269562977782698e-15, 5.90361093344427e-14, 5.904504081280509e-16, 1.7431584222929094e-31, 6.972633689171638e-32, -307.5866314140344
20, 50.0, -7.049916206369744e-15, 0.363271264002741, 0.00363271264002741, 6.598300562507458e-06, 2.6393202250029835e-06, -51.80567905573725
21, 52.5, 6.493416915276384e-14, 2.3397950243975174e-14, 6.902108662705394e-16, 2.3819551995896424e-31, 9.52782079835857e-32, -306.23066411095886
22, 55.0, -9.035133752277602e-14, 1.3088141681549814e-13, 1.5903870428228077e-15, 1.2646654729893376e-30, 5.05866189195735e-31, -298.9802433808351
23, 57.5, -4.270889197854899e-14, 4.464484337773911e-14, 6.178358596146893e-16, 1.9086057471291104e-31, 7.634422988516441e-32, -307.1928377277416
24, 60.0, 1.0465387830783066, -2.0095036745715333e-14, 0.010465387830783067, 5.476217122435115e-05, 2.190486848974046e-05, -42.61519341179734
25, 62.5, 8.842972376470882e-15, -5.946632075648495e-14, 6.012022508910109e-16, 1.80722073238209e-31, 7.22888292952836e-32, -307.4298879984583
26, 65.0, 3.828534711480813e-14, -7.659151091132799e-14, 8.562725820310623e-16, 3.6660136736907114e-31, 1.4664054694762845e-31, -304.3580591951637
27, 67.5, 7.20951076615961e-14, -6.0645932720149176e-15, 7.234973282806304e-16, 2.6172419201460515e-31, 1.0468967680584206e-31, -305.8215613225939
28, 70.0, -1.6930901125533637e-14, -1.0279162617772823, 0.010279162617772824, 5.2830592061309126e-05, 2.113223682452365e-05, -42.77114522239074
29, 72.5, 1.849909114781667e-14, 1.1671219546371958e-14, 2.1873128239802464e-16, 2.39216869497422e-32, 9.56867477989688e-33, -316.212081972952
30, 75.0, -4.0148440128007223e-14, 5.176414852314792e-15, 4.0480767228839007e-16, 8.19346257717723e-32, 3.277385030870892e-32, -310.86532525545283
31, 77.5, 1.3662682096793333e-13, -1.1102230246251565e-14, 1.3707715974678088e-15, 9.395073862122243e-31, 3.758029544848897e-31, -300.2709980121689
32, 80.0, -0.13008020519816732, 1.1324274851176597e-13, 0.0013008020519816733, 8.460429892198659e-07, 3.3841719568794637e-07, -60.726075689862355
33, 82.5, -1.770250612764812e-13, 1.4251100299844666e-13, 2.2726033154856832e-15, 2.5823629147782597e-30, 1.032945165911304e-30, -295.8798272380081
34, 85.0, 1.2283229988696576e-13, 1.257466353266068e-13, 1.757839304131186e-15, 1.5449995095742061e-30, 6.179998038296825e-31, -298.1107165409627
35, 87.5, -1.7935652962819404e-13, 4.3021142204224816e-15, 1.794081182863106e-15, 1.6093636453517406e-30, 6.437454581406962e-31, -297.9334581337408
36, 90.0, 4.621303340002214e-15, 1.4535684043295796, 0.014535684043295796, 0.000105643055303262, 4.22572221213048e-05, -39.76159047050882
37, 92.5, 3.756023270184983e-14, -8.916478666520788e-14, 9.675293412434139e-16, 4.680565130834572e-31, 1.872226052333829e-31, -303.2970170709989
38, 95.0, -5.755118603900655e-14, 5.066780328633058e-14, 7.667701940189533e-16, 2.939682652179317e-31, 1.1758730608717269e-31, -305.31699550487934
39, 97.5, -4.438116540939063e-14, -1.2638501356576626e-13, 1.3395095929897113e-15, 8.97142974855731e-31, 3.5885718994229238e-31, -300.4713833929389
40, 100.0, -0.5000000000001665, -1.1746159600534156e-13, 0.0050000000000016654, 1.2500000000008327e-05, 5.000000000003331e-06, -49.03089986991654
41, 102.5, 1.5890067039947553e-15, -4.823919041996305e-14, 4.8265354392968e-16, 1.164772217339398e-31, 4.659088869357592e-32, -309.3375899689101
42, 105.0, -1.443324626482223e-13, 9.112155474610972e-14, 1.7068976979728093e-15, 1.456749875672438e-30, 5.826999502689752e-31, -298.36615010303046
43, 107.5, -3.577693696854567e-14, -4.8835935295699073e-14, 6.053872971129306e-16, 1.8324688975284982e-31, 7.329875590113993e-32, -307.36963387899044
44, 110.0, 2.1760371282653068e-13, 0.9560125402186955, 0.009560125402186955, 4.569799885277014e-05, 1.8279199541108055e-05, -43.40102817571903
45, 112.5, -3.11521641815915e-14, 3.089195566019498e-14, 4.387220370243881e-16, 9.623851288541429e-32, 3.8495405154165715e-32, -310.1665109650205
46, 115.0, -2.996908277097532e-14, 8.374551052625634e-14, 8.89463684218579e-16, 3.9557282277184405e-31, 1.582291291087376e-31, -304.0277355359069
47, 117.5, -7.562873938216086e-14, 1.6519424717031939e-13, 1.816833661035137e-15, 1.6504422759351696e-30, 6.601769103740679e-31, -297.8239966047709
48, 120.0, 0.7174723567021924, -2.4313884239290928e-14, 0.007174723567021924, 2.5738329131589902e-05, 1.0295331652635961e-05, -45.89419649835814
49, 122.5, -6.506340605172412e-14, 2.1711799025325718e-14, 6.859044411554475e-16, 2.3523245119838335e-31, 9.409298047935333e-32, -306.2850276591126
50, 125.0, -1.0823499303318227e-13, 1.300136125588486e-14, 1.0901306853491941e-15, 5.941924555699519e-31, 2.3767698222798074e-31, -302.26072866711314
51, 127.5, -1.5806973785448264e-13, 8.98066343513193e-14, 1.8180009240618233e-15, 1.6525636799448216e-30, 6.610254719779286e-31, -297.818417964016
52, 130.0, 4.418687638008123e-14, -1.0207826794172306, 0.010207826794172306, 5.2099863929911026e-05, 2.0839945571964412e-05, -42.831634109531805
53, 132.5, -9.00390872971002e-14, 3.1988300897012323e-15, 9.00958919997888e-16, 4.058634877618803e-31, 1.6234539510475213e-31, -303.9162001686892
54, 135.0, 7.480127628411992e-14, -7.500250420733323e-14, 1.0592736460001392e-15, 5.6103032855521415e-31, 2.2441213142208564e-31, -302.51013660725744
55, 137.5, -2.6308816236664256e-14, 6.125655538369301e-14, 6.666722875033893e-16, 2.2222596946250085e-31, 8.889038778500034e-32, -306.53205190511096
56, 140.0, -0.547899684670053, 6.789013795582832e-14, 0.00547899684670053, 1.5009703223077175e-05, 6.00388128923087e-06, -48.23627894689051
57, 142.5, 1.4776374568370443e-14, 5.3887450057743536e-14, 5.587663661236768e-16, 1.5610992595552941e-31, 6.244397038221176e-32, -308.0656948226324
58, 145.0, 3.963496197911809e-14, -3.544387006115812e-14, 5.317140336683242e-16, 1.4135990679991989e-31, 5.654396271996796e-32, -308.49673749836137
59, 147.5, 1.311242781021349e-13, -3.4888758548845544e-14, 1.3568640971330051e-15, 9.205400890442826e-31, 3.6821603561771305e-31, -300.35957293448286
60, 150.0, 1.6944778913341452e-13, -1.5388417685876608, 0.015388417685876607, 0.00011840169943749998, 4.736067977499999e-05, -39.26642064073979
61, 152.5, 9.50350909079134e-14, -1.4445389329154068e-13, 1.7291210423495281e-15, 1.4949297895479592e-30, 5.979719158191837e-31, -298.25379203813077
62, 155.0, 1.2054246489867637e-13, -1.6930901125533637e-15, 1.2055435453760202e-15, 7.266676198988923e-31, 2.906670479595569e-31, -301.38664191413375
63, 157.5, -1.8623991238087e-14, -1.6718570972074076e-13, 1.6821984004410457e-15, 1.4148957292232065e-30, 5.659582916892826e-31, -298.4927556430333
64, 160.0, 0.14727091196046088, -9.159339953157541e-14, 0.0014727091196046088, 1.084436075483291e-06, 4.337744301933164e-07, -59.647960433575776
65, 162.5, -1.1074474670635936e-13, -8.78325190356577e-14, 1.4134691479903216e-15, 9.989475161602429e-31, 3.995790064640972e-31, -300.0045732863163
66, 165.0, -1.8833545833985e-13, -6.621092563108277e-14, 1.9963499578231803e-15, 1.992706577050307e-30, 7.970826308201227e-31, -297.0055664577996
67, 167.5, -6.197820034969936e-14, -5.964673199798654e-14, 8.601761422305959e-16, 3.699514978313552e-31, 1.4798059913254208e-31, -304.31855210000424
68, 170.0, 1.8031409698693324e-13, 1.3492428385538484, 0.013492428385538484, 9.10228118694423e-05, 3.6409124747776924e-05, -40.408497524319095
69, 172.5, 6.111777750561487e-14, 9.936496070395151e-15, 6.192024451972732e-16, 1.917058340691411e-31, 7.668233362765643e-32, -307.1736467029627
70, 175.0, -3.466671394392051e-14, -1.5862311464331924e-13, 1.6236709504951185e-15, 1.3181536777408608e-30, 5.2726147109634435e-31, -298.80033954306384
71, 177.5, 5.005024172888284e-14, -1.405264793419292e-13, 1.4917344969315842e-15, 1.1126359046678633e-30, 4.450543618671453e-31, -299.5364692952234
72, 180.0, 0.26621312481156656, -1.6686652060116103e-13, 0.0026621312481156655, 3.5434713910969354e-06, 1.4173885564387743e-06, -54.505710692489835
73, 182.5, 2.8631957915692396e-13, 1.5823453658470044e-13, 3.271346358562067e-15, 5.350853498838649e-30, 2.1403413995354594e-30, -292.7157693942323
74, 185.0, 7.581435479409038e-14, -3.96488397669259e-14, 8.555610374314377e-16, 3.6599234438537896e-31, 1.4639693775415158e-31, -304.3652799882952
75, 187.5, -1.4529502518868877e-13, 2.5771051959111446e-14, 1.475628390336162e-15, 1.0887395731830462e-30, 4.354958292732185e-31, -299.6307599118589
76, 190.0, -5.562217353372034e-14, 1.1786146253527146, 0.011786146253527146, 6.945662175476599e-05, 2.7782648701906397e-05, -41.5828634381453
77, 192.5, -6.002143226879753e-14, 6.38378239159465e-15, 6.035996197166697e-16, 1.8216625046105415e-31, 7.286650018442166e-32, -307.39532080690157
78, 195.0, 2.102415463944851e-13, 1.6669998714746725e-13, 2.683102561314237e-15, 3.599519677265509e-30, 1.4398078709062035e-30, -294.437554479634
79, 197.5, -9.20583054231372e-14, 6.607214775300463e-14, 1.1331487239579139e-15, 6.420130153037242e-31, 2.568052061214897e-31, -301.9245616754284
80, 200.0, -0.500000000000286, 2.294275880387886e-13, 0.00500000000000286, 1.2500000000014299e-05, 5.0000000000057196e-06, -49.03089986991447
81, 202.5, -5.287437154777308e-14, 1.0057232824323137e-13, 1.1362434763217004e-15, 6.455246187418113e-31, 2.5820984749672454e-31, -301.9008719014452
82, 205.0, -1.0673406602990099e-13, -7.43988204376933e-14, 1.3010513185034398e-15, 8.463672666897696e-31, 3.3854690667590783e-31, -300.7244114135202
83, 207.5, -2.777222896099829e-13, 1.2533030169237236e-13, 3.0469222941931466e-15, 4.641867733425614e-30, 1.8567470933702456e-30, -293.33307238602583
84, 210.0, -1.254552017826427e-13, -1.3059185037315784, 0.013059185037315783, 8.527115691942621e-05, 3.410846276777049e-05, -40.69197844671041
85, 212.5, -9.957312752106873e-14, -8.886641422733987e-14, 1.3346178217734155e-15, 8.90602365097608e-31, 3.5624094603904323e-31, -300.50316155884025
86, 215.0, -6.74876821094017e-14, 8.024136910478319e-14, 1.0484876991319314e-15, 5.496632276154857e-31, 2.198652910461943e-31, -302.59903316295805
87, 217.5, -2.2121193765656244e-14, 3.58046925441613e-15, 2.240908239307286e-16, 2.51083486849764e-32, 1.004333947399056e-32, -316.00181848839645
88, 220.0, 0.46057151398175833, -1.517674874662589e-13, 0.0046057151398175835, 1.0606305974572452e-05, 4.242522389828981e-06, -49.74435848351562
89, 222.5, -9.814371537686384e-14, -1.6785878242941976e-13, 1.9444474718197494e-15, 1.8904379853331076e-30, 7.56175194133243e-31, -297.2343756483378
90, 225.0, 2.1731227928256658e-13, 2.0521778720805628e-13, 2.988962477408428e-15, 4.466948345677764e-30, 1.7867793382711054e-30, -293.4998906953775
91, 227.5, 1.8923751454735793e-13, -1.1678158440275865e-13, 2.2237080601481875e-15, 2.4724387683840076e-30, 9.88975507353603e-31, -296.0687445519377
92, 230.0, 2.937650123158164e-13, -0.18546686364715795, 0.0018546686364715795, 1.719897875555674e-06, 6.879591502222696e-07, -57.64497339952559
93, 232.5, -3.098910017484968e-14, 1.3348350202946335e-13, 1.3703346176644817e-15, 9.389084821848307e-31, 3.755633928739323e-31, -300.2737673746671
94, 235.0, -2.825933931305258e-13, 1.9158979958078248e-13, 3.414171600028743e-15, 5.828283857221414e-30, 2.3313135428885655e-30, -292.3445930477047
95, 237.5, -1.247058012410207e-13, 1.4512696600021968e-13, 1.9134621272341367e-15, 1.8306686561796937e-30, 7.322674624718775e-31, -297.37390254177126
96, 240.0, -0.18442619931829995, 7.105427357601002e-14, 0.0018442619931829996, 1.7006511497496653e-06, 6.802604598998661e-07, -57.69384762975589
97, 242.5, 2.463168558008988e-13, 2.2335085170244184e-13, 3.325020246672897e-15, 5.527879820392347e-30, 2.2111519281569386e-30, -292.57441407368265
98, 245.0, -2.7278179715040096e-13, -1.4637596690292298e-14, 2.7317424493072212e-15, 3.731208404673508e-30, 1.4924833618694033e-30, -294.28150492992944
99, 247.5, 1.238315006091284e-13, 6.043082700912805e-14, 1.3779014985156133e-15, 9.493062698057864e-31, 3.7972250792231454e-31, -300.2259365076771
100, 250.0, 0.0, -9.120714118962305e-14, -1.0, -1.0, -1.0, -1.0
101, 252.5, -1.8572643423198087e-13, 1.2357996570511176e-13, -1.0, -1.0, -1.0, -1.0
102, 255.0, 5.473399511402022e-14, -7.144632108158078e-14, -1.0, -1.0, -1.0, -1.0
103, 257.5, -2.955968803064479e-14, -5.928590951498336e-14, -1.0, -1.0, -1.0, -1.0
104, 260.0, -0.18442619931863086, -4.263256414560601e-14, -1.0, -1.0, -1.0, -1.0
105, 262.5, 2.3578361485476762e-14, 1.8839096949108125e-13, -1.0, -1.0, -1.0, -1.0
106, 265.0, 2.105260410445453e-14, 1.29844052176864e-13, -1.0, -1.0, -1.0, -1.0
107, 267.5, 9.155176616815197e-14, 8.075137780672037e-14, -1.0, -1.0, -1.0, -1.0
108, 270.0, -2.4935609133081016e-13, 0.1854668636474711, -1.0, -1.0, -1.0, -1.0
109, 272.5, 2.3540891458395663e-13, 1.620439893379455e-13, -1.0, -1.0, -1.0, -1.0
110, 275.0, -3.0098146197587994e-13, -1.835406826522501e-13, -1.0, -1.0, -1.0, -1.0
111, 277.5, 2.2608304117710532e-13, 2.406408405875027e-13, -1.0, -1.0, -1.0, -1.0
112, 280.0, 0.4605715139815877, -3.553823901825126e-13, -1.0, -1.0, -1.0, -1.0
113, 282.5, -4.7031822880683194e-14, 1.945804628533665e-13, -1.0, -1.0, -1.0, -1.0
114, 285.0, -2.0314305793078802e-13, 2.6041668821363828e-14, -1.0, -1.0, -1.0, -1.0
115, 287.5, 4.314049117937202e-13, -4.2206516059906107e-13, -1.0, -1.0, -1.0, -1.0
116, 290.0, -1.0969003483296547e-13, 1.3059185037316774, -1.0, -1.0, -1.0, -1.0
117, 292.5, 5.880018694170985e-14, -1.8388068845354155e-14, -1.0, -1.0, -1.0, -1.0
118, 295.0, 1.2473355681663634e-13, -2.8757551895353117e-13, -1.0, -1.0, -1.0, -1.0
119, 297.5, 6.798728247048302e-14, 3.02771696603088e-13, -1.0, -1.0, -1.0, -1.0
120, 300.0, -0.4999999999998931, 2.7283730830163222e-14, -1.0, -1.0, -1.0, -1.0
121, 302.5, -9.658246424848471e-14, 4.923839114212569e-14, -1.0, -1.0, -1.0, -1.0
122, 305.0, -5.671296765541456e-13, -1.3308798507694064e-14, -1.0, -1.0, -1.0, -1.0
123, 307.5, -2.8858859746350163e-13, -1.2002898674978724e-13, -1.0, -1.0, -1.0, -1.0
124, 310.0, 5.129230373768223e-13, -1.1786146253527239, -1.0, -1.0, -1.0, -1.0
125, 312.5, -6.170041466688551e-14, 3.0539459849876494e-13, -1.0, -1.0, -1.0, -1.0
126, 315.0, 2.5061203112741737e-13, -6.664113705312502e-14, -1.0, -1.0, -1.0, -1.0
127, 317.5, 3.7768399518967044e-13, -3.58046925441613e-13, -1.0, -1.0, -1.0, -1.0
128, 320.0, 0.2662131248109512, 2.412514632510465e-13, -1.0, -1.0, -1.0, -1.0
129, 322.5, -1.1552564460615145e-13, -4.4189651937642793e-13, -1.0, -1.0, -1.0, -1.0
130, 325.0, -5.592748486549226e-15, -1.3010426069826053e-13, -1.0, -1.0, -1.0, -1.0
131, 327.5, -5.331846075762314e-14, -2.4369395390522186e-14, -1.0, -1.0, -1.0, -1.0
132, 330.0, -4.0908942899875456e-13, -1.3492428385543693, -1.0, -1.0, -1.0, -1.0
133, 332.5, -1.823818873702976e-13, -9.141298829007383e-14, -1.0, -1.0, -1.0, -1.0
134, 335.0, 1.090447176999021e-13, 1.621341949586963e-13, -1.0, -1.0, -1.0, -1.0
135, 337.5, 3.9285935615751555e-13, 1.195155086008981e-13, -1.0, -1.0, -1.0, -1.0
136, 340.0, 0.14727091196086922, 1.9539925233402755e-14, -1.0, -1.0, -1.0, -1.0
137, 342.5, -5.983685769095359e-13, -1.8705870186153106e-13, -1.0, -1.0, -1.0, -1.0
138, 345.0, -1.261421522791295e-13, 1.5143442055887135e-13, -1.0, -1.0, -1.0, -1.0
139, 347.5, -1.3886808369889536e-13, -1.7601198276651076e-13, -1.0, -1.0, -1.0, -1.0
140, 350.0, 6.517009154549669e-14, 1.5388417685881373, -1.0, -1.0, -1.0, -1.0
141, 352.5, 3.5445257839938904e-13, -1.4201140263736534e-13, -1.0, -1.0, -1.0, -1.0
142, 355.0, 8.008177454499332e-14, -1.9184653865522705e-13, -1.0, -1.0, -1.0, -1.0
143, 357.5, 1.7200824098395628e-13, 1.7380541450506826e-13, -1.0, -1.0, -1.0, -1.0
144, 360.0, -0.5478996846700215, -1.38222766565832e-13, -1.0, -1.0, -1.0, -1.0
145, 362.5, -4.6466303027514755e-14, 2.902678097882472e-13, -1.0, -1.0, -1.0, -1.0
146, 365.0, 6.190881141066029e-14, 1.0727529975440575e-14, -1.0, -1.0, -1.0, -1.0
147, 367.5, 2.1803045480162098e-13, 3.80036280223095e-13, -1.0, -1.0, -1.0, -1.0
148, 370.0, 2.381428387820961e-13, 1.0207826794170165, -1.0, -1.0, -1.0, -1.0
149, 372.5, 3.119926192396427e-13, -2.0687271340413815e-13, -1.0, -1.0, -1.0, -1.0
150, 375.0, -8.341300475266076e-14, 1.6601359778477233e-13, -1.0, -1.0, -1.0, -1.0
151, 377.5, -3.919347485448199e-14, 3.1656621768405557e-13, -1.0, -1.0, -1.0, -1.0
152, 380.0, 0.7174723567021196, -4.413136522884997e-13, -1.0, -1.0, -1.0, -1.0
153, 382.5, 8.820548458299271e-14, -9.967721092962734e-14, -1.0, -1.0, -1.0, -1.0
154, 385.0, -3.653674585102351e-14, 1.332406407428266e-13, -1.0, -1.0, -1.0, -1.0
155, 387.5, -3.1168470582265684e-13, 1.999511667349907e-13, -1.0, -1.0, -1.0, -1.0
156, 390.0, -4.246603069191224e-13, -0.9560125402184226, -1.0, -1.0, -1.0, -1.0
157, 392.5, -4.3522477288782113e-13, -9.393874567109606e-14, -1.0, -1.0, -1.0, -1.0
158, 395.0, 5.068237496352879e-13, 1.115496583992126e-13, -1.0, -1.0, -1.0, -1.0
159, 397.5, -2.675221155712393e-13, -3.4294789230671086e-13, -1.0, -1.0, -1.0, -1.0
160, 400.0, -0.4999999999993356, -4.685141163918161e-13, -1.0, -1.0, -1.0, -1.0
161, 402.5, -7.754907827006718e-14, 2.0622392682412283e-13, -1.0, -1.0, -1.0, -1.0
162, 405.0, 6.180472800210168e-14, 1.352529199749597e-13, -1.0, -1.0, -1.0, -1.0
163, 407.5, -3.8143099789778034e-14, -1.1735057370287905e-13, -1.0, -1.0, -1.0, -1.0
164, 410.0, 1.760536161299342e-13, -1.453568404329392, -1.0, -1.0, -1.0, -1.0
165, 412.5, 4.893516147852495e-13, 1.538769112130467e-13, -1.0, -1.0, -1.0, -1.0
166, 415.0, -1.1032841307212493e-14, -7.255307465925398e-14, -1.0, -1.0, -1.0, -1.0
167, 417.5, 3.8670455726474984e-13, -7.258083023486961e-15, -1.0, -1.0, -1.0, -1.0
168, 420.0, -0.13008020519830898, 2.8310687127941492e-14, -1.0, -1.0, -1.0, -1.0
169, 422.5, -5.465766728107724e-13, 1.8833545833985e-13, -1.0, -1.0, -1.0, -1.0
170, 425.0, -1.719180353632055e-13, -1.4609147225286279e-13, -1.0, -1.0, -1.0, -1.0
171, 427.5, 3.2290142781832287e-13, 5.345723863570129e-13, -1.0, -1.0, -1.0, -1.0
172, 430.0, 2.4283353106113736e-13, 1.027916261777671, -1.0, -1.0, -1.0, -1.0
173, 432.5, -5.246358902866177e-13, 3.230193890146893e-13, -1.0, -1.0, -1.0, -1.0
174, 435.0, -5.008181369614562e-13, -4.4922399133895397e-14, -1.0, -1.0, -1.0, -1.0
175, 437.5, 2.8933212499267993e-13, -6.719347300787604e-13, -1.0, -1.0, -1.0, -1.0
176, 440.0, 1.0465387830791788, -2.743361093848762e-13, -1.0, -1.0, -1.0, -1.0
177, 442.5, 1.2173387298197724e-12, -3.547995230945844e-13, -1.0, -1.0, -1.0, -1.0
178, 445.0, 1.9710622023438873e-13, 5.520445212070513e-13, -1.0, -1.0, -1.0, -1.0
179, 447.5, -4.989064716909297e-13, 5.116601586863112e-13, -1.0, -1.0, -1.0, -1.0
180, 450.0, -3.999023334699814e-13, -0.36327126400281584, -1.0, -1.0, -1.0, -1.0
181, 452.5, -1.5630552407941423e-13, 4.619776783343355e-13, -1.0, -1.0, -1.0, -1.0
182, 455.0, 3.447936380851502e-13, 1.5229623118173663e-12, -1.0, -1.0, -1.0, -1.0
183, 457.5, -2.356864703401129e-13, 8.346101587619614e-13, -1.0, -1.0, -1.0, -1.0
184, 460.0, -2.0065687829252155, 1.0824674490095276e-13, -1.0, -1.0, -1.0, -1.0
185, 462.5, -5.844352779504902e-13, 1.6112111644872584e-14, -1.0, -1.0, -1.0, -1.0
186, 465.0, -3.9969416665286417e-13, -1.0583756093751617e-12, -1.0, -1.0, -1.0, -1.0
187, 467.5, -8.12724887389038e-13, -8.160416786751057e-13, -1.0, -1.0, -1.0, -1.0
188, 470.0, 3.0245250748350827e-13, 1.9413557729809605, -1.0, -1.0, -1.0, -1.0
189, 472.5, 3.9859782141604683e-13, -6.865411017464851e-13, -1.0, -1.0, -1.0, -1.0
190, 475.0, -8.036626919505352e-14, -3.269537418582047e-13, -1.0, -1.0, -1.0, -1.0
191, 477.5, 2.141758992380005e-13, -3.242683899173926e-13, -1.0, -1.0, -1.0, -1.0
192, 480.0, 2.7309081815773713, -3.320399510897687e-13, -1.0, -1.0, -1.0, -1.0
193, 482.5, 3.0887792323852636e-13, 3.015539207229523e-13, -1.0, -1.0, -1.0, -1.0
194, 485.0, 2.3350765765428605e-13, -1.8399518020295602e-13, -1.0, -1.0, -1.0, -1.0
195, 487.5, -5.688505222423146e-14, 8.659774286545741e-13, -1.0, -1.0, -1.0, -1.0
196, 490.0, -6.866590629428515e-13, 97.73641234356495, -1.0, -1.0, -1.0, -1.0
197, 492.5, 3.1299962621744726e-13, -2.1956568507786045e-13, -1.0, -1.0, -1.0, -1.0
198, 495.0, 1.4703516182379417e-13, -5.04048192073725e-13, -1.0, -1.0, -1.0, -1.0
199, 497.5, 4.1598668953923834e-13, -2.898696907505105e-13, -1.0, -1.0, -1.0, -1.0
