0.000000	-5.440000	0.014000
1.000000E-6	-5.440000	0.014000
2.000000E-6	-5.440000	0.013600
3.000000E-6	-5.440000	0.014000
4.000000E-6	-5.440000	0.014000
5.000000E-6	-5.440000	0.013600
6.000000E-6	-5.440000	0.014000
7.000000E-6	-5.440000	0.013600
8.000000E-6	-5.440000	0.013600
9.000000E-6	-5.440000	0.013600
1.000000E-5	-5.440000	0.013600
1.100000E-5	-5.440000	0.013600
1.200000E-5	-5.440000	0.013600
1.300000E-5	-5.440000	0.013600
1.400000E-5	-5.440000	0.014000
1.500000E-5	-5.440000	0.013600
1.600000E-5	-5.440000	0.014000
1.700000E-5	-5.440000	0.014000
1.800000E-5	-5.440000	0.013600
1.900000E-5	-5.440000	0.013600
2.000000E-5	-5.440000	0.014000
2.100000E-5	-5.440000	0.013600
2.200000E-5	-5.440000	0.014000
2.300000E-5	-5.440000	0.014000
2.400000E-5	-5.440000	0.013600
2.500000E-5	-5.440000	0.013600
2.600000E-5	-5.440000	0.013600
2.700000E-5	-5.440000	0.013600
2.800000E-5	-5.440000	0.013600
2.900000E-5	-5.440000	0.013600
3.000000E-5	-5.440000	0.014000
3.100000E-5	-5.440000	0.014000
3.200000E-5	-5.440000	0.014000
3.300000E-5	-5.440000	0.013600
3.400000E-5	-5.440000	0.013600
3.500000E-5	-5.440000	0.014000
3.600000E-5	-5.440000	0.014000
3.700000E-5	-5.440000	0.013600
3.800000E-5	-5.440000	0.014000
3.900000E-5	-5.440000	0.013600
4.000000E-5	-5.440000	0.014000
4.100000E-5	-5.440000	0.014000
4.200000E-5	-5.440000	0.013600
4.300000E-5	-5.440000	0.014000
4.400000E-5	-5.440000	0.013600
4.500000E-5	-5.440000	0.013600
4.600000E-5	-5.440000	0.013600
4.700000E-5	-5.440000	0.013600
4.800000E-5	-5.440000	0.013600
4.900000E-5	-5.440000	0.013600
5.000000E-5	-5.440000	0.013600
5.100000E-5	-5.440000	0.013600
5.200000E-5	-5.440000	0.013600
5.300000E-5	-5.440000	0.014000
5.400000E-5	-5.440000	0.014000
5.500000E-5	-5.440000	0.014000
5.600000E-5	-5.440000	0.013600
5.700000E-5	-5.440000	0.013600
5.800000E-5	-5.440000	0.013600
5.900000E-5	-5.440000	0.013600
6.000000E-5	-5.440000	0.014000
6.100000E-5	-5.440000	0.013600
6.200000E-5	-5.440000	0.013600
6.300000E-5	-5.440000	0.013600
6.400000E-5	-5.440000	0.013600
6.500000E-5	-5.440000	0.013600
6.600000E-5	-5.440000	0.013600
6.700000E-5	-5.440000	0.013600
6.800000E-5	-5.440000	0.013600
6.900000E-5	-5.440000	0.014000
7.000000E-5	-5.440000	0.013600
7.100000E-5	-5.440000	0.013600
7.200000E-5	-5.440000	0.013600
7.300000E-5	-5.440000	0.013600
7.400000E-5	-5.440000	0.013600
7.500000E-5	-5.440000	0.013600
7.600000E-5	-5.440000	0.013600
7.700000E-5	-5.440000	0.014000
7.800000E-5	-5.440000	0.013600
7.900000E-5	-5.440000	0.013600
8.000000E-5	-5.440000	0.013600
8.100000E-5	-5.440000	0.013600
8.200000E-5	-5.440000	0.013600
8.300000E-5	-5.440000	0.013600
8.400000E-5	-5.440000	0.013600
8.500000E-5	-5.440000	0.013600
8.600000E-5	-5.440000	0.013600
8.700000E-5	-5.440000	0.013600
8.800000E-5	-5.440000	0.013600
8.900000E-5	-5.440000	0.013600
9.000000E-5	-5.440000	0.013600
9.100000E-5	-5.440000	0.013600
9.200000E-5	-5.440000	0.013600
9.300000E-5	-5.440000	0.013600
9.400000E-5	-5.440000	0.013600
9.500000E-5	-5.440000	0.013600
9.600000E-5	-5.440000	0.013600
9.700000E-5	-5.440000	0.013600
9.800000E-5	-5.440000	0.013600
9.900000E-5	-5.440000	0.014000
0.000100	-5.440000	0.013600
0.000101	-5.440000	0.014000
0.000102	-5.440000	0.013600
0.000103	-5.440000	0.013600
0.000104	-5.440000	0.014000
0.000105	-5.440000	0.014000
0.000106	-5.440000	0.013600
0.000107	-5.440000	0.013600
0.000108	-5.440000	0.013600
0.000109	-5.440000	0.013600
0.000110	-5.440000	0.013600
0.000111	-5.440000	0.013600
0.000112	-5.440000	0.013600
0.000113	-5.440000	0.013600
0.000114	-5.440000	0.013600
0.000115	-5.440000	0.013600
0.000116	-5.440000	0.013600
0.000117	-5.440000	0.014000
0.000118	-5.440000	0.014000
0.000119	-5.440000	0.013600
0.000120	-5.440000	0.013600
0.000121	-5.440000	0.013600
0.000122	-5.440000	0.013600
0.000123	-5.440000	0.013600
0.000124	-5.440000	0.013600
0.000125	-5.440000	0.013600
0.000126	-5.440000	0.013600
0.000127	-5.440000	0.013600
0.000128	-5.440000	0.013600
0.000129	-5.440000	0.013600
0.000130	-5.440000	0.013600
0.000131	-5.440000	0.014000
0.000132	-5.440000	0.013600
0.000133	-5.440000	0.013600
0.000134	-5.440000	0.014000
0.000135	-5.440000	0.013600
0.000136	-5.440000	0.013600
0.000137	-5.440000	0.014000
0.000138	-5.440000	0.014000
0.000139	-3.040000	0.014000
0.000140	5.600000	0.014000
0.000141	6.320000	0.014000
0.000142	6.400000	0.014000
0.000143	6.400000	0.013600
0.000144	6.480000	0.013600
0.000145	6.480000	0.014000
0.000146	6.480000	0.013600
0.000147	6.480000	0.013600
0.000148	6.480000	0.013600
0.000149	6.480000	0.014000
0.000150	6.480000	0.013600
0.000151	6.480000	0.013600
0.000152	6.560000	0.013600
0.000153	6.560000	0.013600
0.000154	6.560000	0.013600
0.000155	6.560000	0.013600
0.000156	6.560000	0.013600
0.000157	6.560000	0.013600
0.000158	6.560000	0.013600
0.000159	6.560000	0.013600
0.000160	6.560000	0.013600
0.000161	6.560000	0.013600
0.000162	6.560000	0.013600
0.000163	6.560000	0.013600
0.000164	6.560000	0.013600
0.000165	6.560000	0.013600
0.000166	6.560000	0.013600
0.000167	6.560000	0.013600
0.000168	6.560000	0.014000
0.000169	6.560000	0.013600
0.000170	6.560000	0.013600
0.000171	6.560000	0.013600
0.000172	6.560000	0.013600
0.000173	6.560000	0.013600
0.000174	6.560000	0.013600
0.000175	6.560000	0.013600
0.000176	6.560000	0.013600
0.000177	6.560000	0.013600
0.000178	6.560000	0.013600
0.000179	6.560000	0.013600
0.000180	6.560000	0.013600
0.000181	6.560000	0.013600
0.000182	6.560000	0.013600
0.000183	6.560000	0.013600
0.000184	6.560000	0.013600
0.000185	6.560000	0.013600
0.000186	6.560000	0.013600
0.000187	6.560000	0.013600
0.000188	6.560000	0.013600
0.000189	6.560000	0.013600
0.000190	6.560000	0.013600
0.000191	6.560000	0.014000
0.000192	6.560000	0.013600
0.000193	6.560000	0.013600
0.000194	6.560000	0.013600
0.000195	6.560000	0.013600
0.000196	6.560000	0.013600
0.000197	6.560000	0.013600
0.000198	6.560000	0.013600
0.000199	6.560000	0.013600
0.000200	6.560000	0.013600
0.000201	6.560000	0.013600
0.000202	6.560000	0.014000
0.000203	6.560000	0.014000
0.000204	6.560000	0.013600
0.000205	6.560000	0.013600
0.000206	6.560000	0.014000
0.000207	6.560000	0.014000
0.000208	6.560000	0.013600
0.000209	6.560000	0.013600
0.000210	6.560000	0.013600
0.000211	6.560000	0.013600
0.000212	6.560000	0.013600
0.000213	6.560000	0.014000
0.000214	6.560000	0.013600
0.000215	6.480000	0.013600
0.000216	6.480000	0.013600
0.000217	6.560000	0.014000
0.000218	6.560000	0.013600
0.000219	6.480000	0.013600
0.000220	6.480000	0.013600
0.000221	6.480000	0.013600
0.000222	6.480000	0.013600
0.000223	6.560000	0.014000
0.000224	6.480000	0.013600
0.000225	6.480000	0.014000
0.000226	6.480000	0.014000
0.000227	6.480000	0.013600
0.000228	6.480000	0.013600
0.000229	6.480000	0.014000
0.000230	6.480000	0.013600
0.000231	6.480000	0.013600
0.000232	6.480000	0.013600
0.000233	6.480000	0.013600
0.000234	6.480000	0.013600
0.000235	6.480000	0.013600
0.000236	6.480000	0.014000
0.000237	6.480000	0.013600
0.000238	6.480000	0.013600
0.000239	6.480000	0.013600
0.000240	6.480000	0.014000
0.000241	6.480000	0.013600
0.000242	6.480000	0.013600
0.000243	6.480000	0.013600
0.000244	6.480000	0.014000
0.000245	6.480000	0.013600
0.000246	6.480000	0.014000
0.000247	6.480000	0.013600
0.000248	6.480000	0.013600
0.000249	6.480000	0.014000
0.000250	6.480000	0.013600
0.000251	6.480000	0.013600
0.000252	6.480000	0.013600
0.000253	6.480000	0.014000
0.000254	6.480000	0.014000
0.000255	6.480000	0.013600
0.000256	6.480000	0.014000
0.000257	6.480000	0.013600
0.000258	6.480000	0.013600
0.000259	6.480000	0.013600
0.000260	6.480000	0.013600
0.000261	6.480000	0.014000
0.000262	6.480000	0.013600
0.000263	6.480000	0.013600
0.000264	6.480000	0.013600
0.000265	6.480000	0.013600
0.000266	6.480000	0.013600
0.000267	6.480000	0.013600
0.000268	6.480000	0.013600
0.000269	6.480000	0.013600
0.000270	6.480000	0.013600
0.000271	6.480000	0.014000
0.000272	6.480000	0.013600
0.000273	6.480000	0.013600
0.000274	6.480000	0.014000
0.000275	6.480000	0.013600
0.000276	6.480000	0.014000
0.000277	6.480000	0.014000
0.000278	6.480000	0.014000
0.000279	6.480000	0.014000
0.000280	6.480000	0.013600
0.000281	6.480000	0.014000
0.000282	6.480000	0.013600
0.000283	6.480000	0.013600
0.000284	6.480000	0.013600
0.000285	6.480000	0.013600
0.000286	6.480000	0.013600
0.000287	6.480000	0.013600
0.000288	6.480000	0.013600
0.000289	6.480000	0.013600
0.000290	6.480000	0.014000
0.000291	6.480000	0.013600
0.000292	6.480000	0.013600
0.000293	6.480000	0.014000
0.000294	6.480000	0.014000
0.000295	6.480000	0.014000
0.000296	6.480000	0.013600
0.000297	6.480000	0.013600
0.000298	6.480000	0.014000
0.000299	6.480000	0.013600
0.000300	6.480000	0.014000
0.000301	6.480000	0.013600
0.000302	6.480000	0.013600
0.000303	6.480000	0.014000
0.000304	6.480000	0.014000
0.000305	6.480000	0.013600
0.000306	6.480000	0.013600
0.000307	6.480000	0.013600
0.000308	6.480000	0.013600
0.000309	6.480000	0.013600
0.000310	6.480000	0.014000
0.000311	6.480000	0.014000
0.000312	6.480000	0.013600
0.000313	6.480000	0.013600
0.000314	6.480000	0.014000
0.000315	6.480000	0.013600
0.000316	6.480000	0.013600
0.000317	6.480000	0.013600
0.000318	6.480000	0.013600
0.000319	6.480000	0.013600
0.000320	6.480000	0.014000
0.000321	6.480000	0.013600
0.000322	6.480000	0.014000
0.000323	6.480000	0.013600
0.000324	6.480000	0.014000
0.000325	6.480000	0.013600
0.000326	6.480000	0.013600
0.000327	6.480000	0.013600
0.000328	6.480000	0.014000
0.000329	6.480000	0.013600
0.000330	6.480000	0.013600
0.000331	6.480000	0.013600
0.000332	6.480000	0.013600
0.000333	6.480000	0.014000
0.000334	6.480000	0.014000
0.000335	6.480000	0.013600
0.000336	6.480000	0.013600
0.000337	6.480000	0.013600
0.000338	6.480000	0.013600
0.000339	6.480000	0.013600
0.000340	6.480000	0.013600
0.000341	6.480000	0.014000
0.000342	6.480000	0.013600
0.000343	6.480000	0.013600
0.000344	6.480000	0.013600
0.000345	6.480000	0.014000
0.000346	6.480000	0.013600
0.000347	6.480000	0.013600
0.000348	6.480000	0.014000
0.000349	6.480000	0.013600
0.000350	6.480000	0.013600
0.000351	6.480000	0.013600
0.000352	6.480000	0.013600
0.000353	6.480000	0.013600
0.000354	6.480000	0.013600
0.000355	6.480000	0.013600
0.000356	6.480000	0.013600
0.000357	6.480000	0.013600
0.000358	6.480000	0.014000
0.000359	6.480000	0.014000
0.000360	6.480000	0.014000
0.000361	6.480000	0.013600
0.000362	6.480000	0.013600
0.000363	6.480000	0.013600
0.000364	6.480000	0.014000
0.000365	6.480000	0.013600
0.000366	6.480000	0.013600
0.000367	6.480000	0.013600
0.000368	6.480000	0.013600
0.000369	6.480000	0.013600
0.000370	6.480000	0.013600
0.000371	6.480000	0.013600
0.000372	6.480000	0.013600
0.000373	6.480000	0.013600
0.000374	6.480000	0.013600
0.000375	6.480000	0.014000
0.000376	6.480000	0.013600
0.000377	6.480000	0.013600
0.000378	6.480000	0.013600
0.000379	6.480000	0.013600
0.000380	6.400000	0.013600
0.000381	6.480000	0.013600
0.000382	6.480000	0.013600
0.000383	6.480000	0.013600
0.000384	6.480000	0.013600
0.000385	6.400000	0.014000
0.000386	6.480000	0.013600
0.000387	6.480000	0.013600
0.000388	6.480000	0.014000
0.000389	6.480000	0.013600
0.000390	6.480000	0.013600
0.000391	6.480000	0.013600
0.000392	6.480000	0.013600
0.000393	6.400000	0.013600
0.000394	6.480000	0.014000
0.000395	6.480000	0.013600
0.000396	6.480000	0.014000
0.000397	6.400000	0.013600
0.000398	6.400000	0.013600
0.000399	6.400000	0.013600
0.000400	6.400000	0.013600
0.000401	6.400000	0.013600
0.000402	6.400000	0.013600
0.000403	6.400000	0.014000
0.000404	6.400000	0.013600
0.000405	6.400000	0.013600
0.000406	6.480000	0.013600
0.000407	6.400000	0.013600
0.000408	6.400000	0.013600
0.000409	6.400000	0.013600
0.000410	6.400000	0.013600
0.000411	6.400000	0.013600
0.000412	6.400000	0.013600
0.000413	6.400000	0.013600
0.000414	6.400000	0.013600
0.000415	6.400000	0.013600
0.000416	6.400000	0.013600
0.000417	6.400000	0.013600
0.000418	6.400000	0.013600
0.000419	6.400000	0.013600
0.000420	6.400000	0.013600
0.000421	6.400000	0.013600
0.000422	6.400000	0.013600
0.000423	6.400000	0.013600
0.000424	6.400000	0.013600
0.000425	6.400000	0.013600
0.000426	6.400000	0.013600
0.000427	6.400000	0.013600
0.000428	6.400000	0.013600
0.000429	6.400000	0.013600
0.000430	6.400000	0.013600
0.000431	6.400000	0.013600
0.000432	6.400000	0.013600
0.000433	6.400000	0.013600
0.000434	6.400000	0.013600
0.000435	6.400000	0.013600
0.000436	6.400000	0.014000
0.000437	6.400000	0.013600
0.000438	6.400000	0.013600
0.000439	6.400000	0.013600
0.000440	6.400000	0.013600
0.000441	6.400000	0.013600
0.000442	6.400000	0.013600
0.000443	6.400000	0.013600
0.000444	6.400000	0.013600
0.000445	6.400000	0.013600
0.000446	6.400000	0.013600
0.000447	6.400000	0.013600
0.000448	6.400000	0.013600
0.000449	6.400000	0.013600
0.000450	6.400000	0.014000
0.000451	6.400000	0.013600
0.000452	6.400000	0.013600
0.000453	6.400000	0.014000
0.000454	6.400000	0.013600
0.000455	6.400000	0.013600
0.000456	6.400000	0.014000
0.000457	6.400000	0.013600
0.000458	6.400000	0.013600
0.000459	6.400000	0.013600
0.000460	6.400000	0.014000
0.000461	6.400000	0.013600
0.000462	6.400000	0.013600
0.000463	6.400000	0.013600
0.000464	6.400000	0.013600
0.000465	6.400000	0.014000
0.000466	6.400000	0.013600
0.000467	6.400000	0.013600
0.000468	6.400000	0.013600
0.000469	6.400000	0.013600
0.000470	6.400000	0.013600
0.000471	6.400000	0.013600
0.000472	6.400000	0.013600
0.000473	6.400000	0.014000
0.000474	6.400000	0.013600
0.000475	6.400000	0.013600
0.000476	6.400000	0.013600
0.000477	6.400000	0.014000
0.000478	6.400000	0.013600
0.000479	6.400000	0.013600
0.000480	6.400000	0.014000
0.000481	6.400000	0.013600
0.000482	6.400000	0.013600
0.000483	6.400000	0.013600
0.000484	6.400000	0.014000
0.000485	6.400000	0.013600
0.000486	6.400000	0.014000
0.000487	6.400000	0.013600
0.000488	6.400000	0.013600
0.000489	6.400000	0.013600
0.000490	6.400000	0.013600
0.000491	6.400000	0.013600
0.000492	6.400000	0.013600
0.000493	6.400000	0.013600
0.000494	6.400000	0.013600
0.000495	6.400000	0.013600
0.000496	6.400000	0.013600
0.000497	6.400000	0.013600
0.000498	6.400000	0.013600
0.000499	6.400000	0.013600
0.000500	6.400000	0.013600
0.000501	6.400000	0.013600
0.000502	6.400000	0.014000
0.000503	6.400000	0.014000
0.000504	6.400000	0.014000
0.000505	6.400000	0.013600
0.000506	6.400000	0.013600
0.000507	6.400000	0.014000
0.000508	6.400000	0.013600
0.000509	6.400000	0.013600
0.000510	6.400000	0.013600
0.000511	6.400000	0.013600
0.000512	6.400000	0.014000
0.000513	6.400000	0.013600
0.000514	6.400000	0.014000
0.000515	6.400000	0.013600
0.000516	6.400000	0.013600
0.000517	6.400000	0.013600
0.000518	6.400000	0.014000
0.000519	6.400000	0.013600
0.000520	6.320000	0.013600
0.000521	6.400000	0.013600
0.000522	6.400000	0.013600
0.000523	6.400000	0.013600
0.000524	6.400000	0.013600
0.000525	6.400000	0.013600
0.000526	6.400000	0.013600
0.000527	6.320000	0.013600
0.000528	6.400000	0.013600
0.000529	6.400000	0.013600
0.000530	6.320000	0.013600
0.000531	6.400000	0.013600
0.000532	6.400000	0.013600
0.000533	6.400000	0.013600
0.000534	6.400000	0.013600
0.000535	6.400000	0.013600
0.000536	6.320000	0.013600
0.000537	6.320000	0.013600
0.000538	6.320000	0.013600
0.000539	6.320000	0.013600
0.000540	6.320000	0.013600
0.000541	6.320000	0.013600
0.000542	6.320000	0.013600
0.000543	6.400000	0.013600
0.000544	6.400000	0.013600
0.000545	6.320000	0.013600
0.000546	6.320000	0.013600
0.000547	6.320000	0.013600
0.000548	6.320000	0.013600
0.000549	6.320000	0.013600
0.000550	6.320000	0.013600
0.000551	6.320000	0.013600
0.000552	6.400000	0.013600
0.000553	6.320000	0.013600
0.000554	6.320000	0.013600
0.000555	6.320000	0.013600
0.000556	6.320000	0.013600
0.000557	6.320000	0.013600
0.000558	6.320000	0.013600
0.000559	6.320000	0.013600
0.000560	6.320000	0.013600
0.000561	6.320000	0.013600
0.000562	6.320000	0.013600
0.000563	6.320000	0.013600
0.000564	6.320000	0.013600
0.000565	6.320000	0.014000
0.000566	6.320000	0.013600
0.000567	6.320000	0.013600
0.000568	6.320000	0.013600
0.000569	6.320000	0.013600
0.000570	6.320000	0.013600
0.000571	6.320000	0.013600
0.000572	6.320000	0.013600
0.000573	6.320000	0.013600
0.000574	6.320000	0.013600
0.000575	6.320000	0.013600
0.000576	6.320000	0.013600
0.000577	6.320000	0.013600
0.000578	6.320000	0.013600
0.000579	6.320000	0.013600
0.000580	6.320000	0.013600
0.000581	6.320000	0.013600
0.000582	6.320000	0.013600
0.000583	6.320000	0.013600
0.000584	6.320000	0.013600
0.000585	6.320000	0.013600
0.000586	6.320000	0.013600
0.000587	6.320000	0.013600
0.000588	6.320000	0.013600
0.000589	6.320000	0.013600
0.000590	6.320000	0.013600
0.000591	6.320000	0.013600
0.000592	6.320000	0.013600
0.000593	6.320000	0.014000
0.000594	6.320000	0.013600
0.000595	6.320000	0.013600
0.000596	6.320000	0.013600
0.000597	6.320000	0.013600
0.000598	6.320000	0.013600
0.000599	6.320000	0.013600
0.000600	6.320000	0.013600
0.000601	6.320000	0.013600
0.000602	6.320000	0.013600
0.000603	6.320000	0.013600
0.000604	6.320000	0.013600
0.000605	6.320000	0.013600
0.000606	6.320000	0.013600
0.000607	6.320000	0.013600
0.000608	6.320000	0.013600
0.000609	6.320000	0.013600
0.000610	6.320000	0.013600
0.000611	6.320000	0.013600
0.000612	6.320000	0.013600
0.000613	6.320000	0.013600
0.000614	6.320000	0.013600
0.000615	6.320000	0.013600
0.000616	6.320000	0.013600
0.000617	6.320000	0.013600
0.000618	6.320000	0.013600
0.000619	6.320000	0.013600
0.000620	6.320000	0.013600
0.000621	6.320000	0.013600
0.000622	6.320000	0.013600
0.000623	6.320000	0.013600
0.000624	6.320000	0.013600
0.000625	6.320000	0.013600
0.000626	6.320000	0.013600
0.000627	6.320000	0.013600
0.000628	6.320000	0.013600
0.000629	6.320000	0.013600
0.000630	6.320000	0.013600
0.000631	6.320000	0.013600
0.000632	6.320000	0.014000
0.000633	6.320000	0.013600
0.000634	6.320000	0.013600
0.000635	6.320000	0.013600
0.000636	6.320000	0.013600
0.000637	6.320000	0.013600
0.000638	6.320000	0.013600
0.000639	6.320000	0.013600
0.000640	6.320000	0.013600
0.000641	6.320000	0.013600
0.000642	6.320000	0.013600
0.000643	6.320000	0.013600
0.000644	6.320000	0.013600
0.000645	6.320000	0.013600
0.000646	6.320000	0.013600
0.000647	6.320000	0.013600
0.000648	6.320000	0.013600
0.000649	6.320000	0.013600
0.000650	6.320000	0.013600
0.000651	6.320000	0.013600
0.000652	6.320000	0.013600
0.000653	6.320000	0.013600
0.000654	6.320000	0.013600
0.000655	6.320000	0.013600
0.000656	6.320000	0.013600
0.000657	6.320000	0.013600
0.000658	6.320000	0.013600
0.000659	6.320000	0.013600
0.000660	6.320000	0.013600
0.000661	6.320000	0.013600
0.000662	6.320000	0.013600
0.000663	6.320000	0.013600
0.000664	6.320000	0.013600
0.000665	6.320000	0.013600
0.000666	6.320000	0.013600
0.000667	6.320000	0.013600
0.000668	6.320000	0.013600
0.000669	6.320000	0.013600
0.000670	6.320000	0.013600
0.000671	6.320000	0.013600
0.000672	6.320000	0.013600
0.000673	6.320000	0.013600
0.000674	6.320000	0.013600
0.000675	6.320000	0.013600
0.000676	6.320000	0.013600
0.000677	6.320000	0.013600
0.000678	6.320000	0.013600
0.000679	6.320000	0.013600
0.000680	6.320000	0.013600
0.000681	6.320000	0.013600
0.000682	6.320000	0.013600
0.000683	6.320000	0.013600
0.000684	6.320000	0.013600
0.000685	6.320000	0.013600
0.000686	6.320000	0.013600
0.000687	6.320000	0.013600
0.000688	6.320000	0.013600
0.000689	6.320000	0.013600
0.000690	6.320000	0.013600
0.000691	6.320000	0.013600
0.000692	6.320000	0.013600
0.000693	6.320000	0.013600
0.000694	6.320000	0.013600
0.000695	6.320000	0.013600
0.000696	6.320000	0.013600
0.000697	6.320000	0.013600
0.000698	6.320000	0.013600
0.000699	6.320000	0.013600
0.000700	6.320000	0.013600
0.000701	6.320000	0.013600
0.000702	6.320000	0.013600
0.000703	6.320000	0.013600
0.000704	6.320000	0.013600
0.000705	6.320000	0.013600
0.000706	6.320000	0.013600
0.000707	6.320000	0.013600
0.000708	6.320000	0.013600
0.000709	6.320000	0.013600
0.000710	6.320000	0.013600
0.000711	6.320000	0.013600
0.000712	6.320000	0.013600
0.000713	6.320000	0.013600
0.000714	6.320000	0.013600
0.000715	6.320000	0.013600
0.000716	6.320000	0.013600
0.000717	6.320000	0.013600
0.000718	6.320000	0.013600
0.000719	6.320000	0.013600
0.000720	6.320000	0.013600
0.000721	6.320000	0.013600
0.000722	6.320000	0.013600
0.000723	6.320000	0.013600
0.000724	6.320000	0.013600
0.000725	6.320000	0.013600
0.000726	6.320000	0.013600
0.000727	6.320000	0.013600
0.000728	6.320000	0.013600
0.000729	6.320000	0.013600
0.000730	6.320000	0.013600
0.000731	6.320000	0.013600
0.000732	6.320000	0.013600
0.000733	6.320000	0.013600
0.000734	6.320000	0.013600
0.000735	6.320000	0.013600
0.000736	6.320000	0.013600
0.000737	6.320000	0.013600
0.000738	6.320000	0.013600
0.000739	6.320000	0.013600
0.000740	6.320000	0.013600
0.000741	6.320000	0.013600
0.000742	6.320000	0.013600
0.000743	6.320000	0.013600
0.000744	6.320000	0.013600
0.000745	6.320000	0.013600
0.000746	6.320000	0.013600
0.000747	6.320000	0.013600
0.000748	6.320000	0.013600
0.000749	6.320000	0.013600
0.000750	6.320000	0.013600
0.000751	6.320000	0.013600
0.000752	6.320000	0.013600
0.000753	6.320000	0.013600
0.000754	6.320000	0.013600
0.000755	6.320000	0.013600
0.000756	6.320000	0.013600
0.000757	6.320000	0.013600
0.000758	6.320000	0.013600
0.000759	6.320000	0.013600
0.000760	6.320000	0.013600
0.000761	6.320000	0.013600
0.000762	6.320000	0.013600
0.000763	6.320000	0.013600
0.000764	6.320000	0.013600
0.000765	6.320000	0.013600
0.000766	6.320000	0.013600
0.000767	6.320000	0.013600
0.000768	6.320000	0.013600
0.000769	6.320000	0.013600
0.000770	6.320000	0.013600
0.000771	6.320000	0.013600
0.000772	6.320000	0.013600
0.000773	6.320000	0.013600
0.000774	6.320000	0.013600
0.000775	6.320000	0.013600
0.000776	6.320000	0.013600
0.000777	6.320000	0.013600
0.000778	6.320000	0.013600
0.000779	6.320000	0.013600
0.000780	6.320000	0.013600
0.000781	6.320000	0.013600
0.000782	6.240000	0.013600
0.000783	6.320000	0.013600
0.000784	6.320000	0.013600
0.000785	6.240000	0.013600
0.000786	6.320000	0.013600
0.000787	6.320000	0.013200
0.000788	6.320000	0.013600
0.000789	6.240000	0.013600
0.000790	6.320000	0.013600
0.000791	6.240000	0.013600
0.000792	6.240000	0.013600
0.000793	6.240000	0.013600
0.000794	6.320000	0.013600
0.000795	6.240000	0.013600
0.000796	6.320000	0.013600
0.000797	6.240000	0.013600
0.000798	6.240000	0.013600
0.000799	6.240000	0.013600
0.000800	6.240000	0.013600
0.000801	6.240000	0.013600
0.000802	6.320000	0.013600
0.000803	6.320000	0.013600
0.000804	6.240000	0.013600
0.000805	6.240000	0.013200
0.000806	6.240000	0.013600
0.000807	6.240000	0.013600
0.000808	6.240000	0.013600
0.000809	6.240000	0.013600
0.000810	6.240000	0.013600
0.000811	6.240000	0.013200
0.000812	6.240000	0.013600
0.000813	6.320000	0.013600
0.000814	6.240000	0.013600
0.000815	6.320000	0.013600
0.000816	6.240000	0.013600
0.000817	6.240000	0.013600
0.000818	6.240000	0.013600
0.000819	6.240000	0.013600
0.000820	6.240000	0.013600
0.000821	6.240000	0.013600
0.000822	6.240000	0.013600
0.000823	6.240000	0.013600
0.000824	6.240000	0.013600
0.000825	6.240000	0.013600
0.000826	6.240000	0.013600
0.000827	6.240000	0.013600
0.000828	6.240000	0.013600
0.000829	6.240000	0.013600
0.000830	6.240000	0.013600
0.000831	6.240000	0.013600
0.000832	6.240000	0.013600
0.000833	6.240000	0.013600
0.000834	6.240000	0.013600
0.000835	6.240000	0.013600
0.000836	6.240000	0.013600
0.000837	6.240000	0.013600
0.000838	6.240000	0.013600
0.000839	6.240000	0.013600
0.000840	6.240000	0.013600
0.000841	6.240000	0.013600
0.000842	6.240000	0.013600
0.000843	6.240000	0.013600
0.000844	6.240000	0.013200
0.000845	6.240000	0.013600
0.000846	6.240000	0.013600
0.000847	6.240000	0.013600
0.000848	6.240000	0.013600
0.000849	6.240000	0.013600
0.000850	6.240000	0.013600
0.000851	6.240000	0.013600
0.000852	6.240000	0.013600
0.000853	6.240000	0.013600
0.000854	6.240000	0.013600
0.000855	6.240000	0.013600
0.000856	6.240000	0.013600
0.000857	6.240000	0.013600
0.000858	6.240000	0.013600
0.000859	6.240000	0.013600
0.000860	6.240000	0.013600
0.000861	6.240000	0.013600
0.000862	6.240000	0.013600
0.000863	6.240000	0.013600
0.000864	6.240000	0.013600
0.000865	6.240000	0.013600
0.000866	6.240000	0.013600
0.000867	6.240000	0.013600
0.000868	6.240000	0.013600
0.000869	6.240000	0.013600
0.000870	6.240000	0.013600
0.000871	6.240000	0.013600
0.000872	6.240000	0.013600
0.000873	6.240000	0.013600
0.000874	6.240000	0.013600
0.000875	6.240000	0.013600
0.000876	6.240000	0.013600
0.000877	6.240000	0.013600
0.000878	6.240000	0.013600
0.000879	6.240000	0.013600
0.000880	6.240000	0.013600
0.000881	6.240000	0.013600
0.000882	6.240000	0.013600
0.000883	6.240000	0.013600
0.000884	6.240000	0.013600
0.000885	6.240000	0.013600
0.000886	6.240000	0.013600
0.000887	6.240000	0.013600
0.000888	6.240000	0.013200
0.000889	6.240000	0.013600
0.000890	6.240000	0.013600
0.000891	6.240000	0.013600
0.000892	6.240000	0.013600
0.000893	6.240000	0.013600
0.000894	6.240000	0.013600
0.000895	6.240000	0.013600
0.000896	6.240000	0.013600
0.000897	6.240000	0.013600
0.000898	6.240000	0.013600
0.000899	6.240000	0.013600
0.000900	6.240000	0.013600
0.000901	6.240000	0.013600
0.000902	6.240000	0.013600
0.000903	6.240000	0.013600
0.000904	6.240000	0.013600
0.000905	6.240000	0.013600
0.000906	6.240000	0.013600
0.000907	6.240000	0.013600
0.000908	6.240000	0.013600
0.000909	6.240000	0.013600
0.000910	6.240000	0.013600
0.000911	6.240000	0.013600
0.000912	6.240000	0.013600
0.000913	6.240000	0.013600
0.000914	6.240000	0.013600
0.000915	6.240000	0.013600
0.000916	6.240000	0.013600
0.000917	6.240000	0.013600
0.000918	6.240000	0.013600
0.000919	6.240000	0.013600
0.000920	6.240000	0.013600
0.000921	6.240000	0.013600
0.000922	6.240000	0.013200
0.000923	6.240000	0.013600
0.000924	6.240000	0.013600
0.000925	6.240000	0.013600
0.000926	6.240000	0.013600
0.000927	6.240000	0.013600
0.000928	6.240000	0.013600
0.000929	6.240000	0.013200
0.000930	6.240000	0.013200
0.000931	6.240000	0.013200
0.000932	6.240000	0.013600
0.000933	6.240000	0.013600
0.000934	6.240000	0.013600
0.000935	6.240000	0.013600
0.000936	6.240000	0.013200
0.000937	6.240000	0.013600
0.000938	6.240000	0.013600
0.000939	6.240000	0.013600
0.000940	6.240000	0.013600
0.000941	6.240000	0.013600
0.000942	6.240000	0.013600
0.000943	6.240000	0.013600
0.000944	6.240000	0.013200
0.000945	6.240000	0.013600
0.000946	6.240000	0.013200
0.000947	6.240000	0.013600
0.000948	6.240000	0.013600
0.000949	6.240000	0.013600
0.000950	6.240000	0.013600
0.000951	6.240000	0.013600
0.000952	6.240000	0.013200
0.000953	6.240000	0.013200
0.000954	6.240000	0.013600
0.000955	6.240000	0.013600
0.000956	6.240000	0.013200
0.000957	6.240000	0.013600
0.000958	6.240000	0.013600
0.000959	6.240000	0.013200
0.000960	6.240000	0.013200
0.000961	6.240000	0.013600
0.000962	6.240000	0.013600
0.000963	6.240000	0.013600
0.000964	6.240000	0.013200
0.000965	6.240000	0.013600
0.000966	6.240000	0.013200
0.000967	6.240000	0.013600
0.000968	6.240000	0.013600
0.000969	6.240000	0.013200
0.000970	6.240000	0.013200
0.000971	6.240000	0.013600
0.000972	6.240000	0.013600
0.000973	6.240000	0.013200
0.000974	6.240000	0.013200
0.000975	6.240000	0.013200
0.000976	6.240000	0.013200
0.000977	6.240000	0.013200
0.000978	6.240000	0.013600
0.000979	6.240000	0.013600
0.000980	6.240000	0.013200
0.000981	6.240000	0.013600
0.000982	6.240000	0.013200
0.000983	6.240000	0.013200
0.000984	6.240000	0.013200
0.000985	6.240000	0.013600
0.000986	6.240000	0.013600
0.000987	6.240000	0.013200
0.000988	6.240000	0.013200
0.000989	6.240000	0.013600
0.000990	6.240000	0.013200
0.000991	6.240000	0.013200
0.000992	6.240000	0.013200
0.000993	6.240000	0.013200
0.000994	6.240000	0.013200
0.000995	6.240000	0.013200
0.000996	6.240000	0.013200
0.000997	6.240000	0.013200
0.000998	6.240000	0.013200
0.000999	6.240000	0.013200
0.001000	6.240000	0.013200
0.001001	6.240000	0.013200
0.001002	6.240000	0.013200
0.001003	6.240000	0.013600
0.001004	6.240000	0.013200
0.001005	6.240000	0.013600
0.001006	6.240000	0.013200
0.001007	6.240000	0.013200
0.001008	6.240000	0.013200
0.001009	6.160000	0.013200
0.001010	6.160000	0.013200
0.001011	6.240000	0.013600
0.001012	6.160000	0.013600
0.001013	6.240000	0.013200
0.001014	6.160000	0.013200
0.001015	6.240000	0.013200
0.001016	6.240000	0.013200
0.001017	6.240000	0.013200
0.001018	6.240000	0.013200
0.001019	6.160000	0.013200
0.001020	6.240000	0.013200
0.001021	6.160000	0.013200
0.001022	6.240000	0.013600
0.001023	6.240000	0.013200
0.001024	6.240000	0.013200
0.001025	6.160000	0.013200
0.001026	6.240000	0.013200
0.001027	6.240000	0.013200
0.001028	6.160000	0.013200
0.001029	6.160000	0.013200
0.001030	6.240000	0.013200
0.001031	6.160000	0.013200
0.001032	6.160000	0.013600
0.001033	6.160000	0.013200
0.001034	6.160000	0.013200
0.001035	6.160000	0.013200
0.001036	6.160000	0.013200
0.001037	6.160000	0.013200
0.001038	6.240000	0.013200
0.001039	6.240000	0.013200
0.001040	6.160000	0.013600
0.001041	6.160000	0.013200
0.001042	6.160000	0.013200
0.001043	6.160000	0.013200
0.001044	6.160000	0.013200
0.001045	6.160000	0.013200
0.001046	6.160000	0.013200
0.001047	6.160000	0.013200
0.001048	6.160000	0.013200
0.001049	6.160000	0.013200
0.001050	6.160000	0.013200
0.001051	6.160000	0.013200
0.001052	6.160000	0.013200
0.001053	6.160000	0.013600
0.001054	6.160000	0.013600
0.001055	6.160000	0.013200
0.001056	6.160000	0.013600
0.001057	6.160000	0.013600
0.001058	6.160000	0.013200
0.001059	6.160000	0.013200
0.001060	6.160000	0.013600
0.001061	6.160000	0.013200
0.001062	6.160000	0.013200
0.001063	6.160000	0.013200
0.001064	6.160000	0.013600
0.001065	6.160000	0.013200
0.001066	6.160000	0.013600
0.001067	6.160000	0.013200
0.001068	6.160000	0.013200
0.001069	6.160000	0.013200
0.001070	6.160000	0.013200
0.001071	6.160000	0.013200
0.001072	6.160000	0.013600
0.001073	6.160000	0.013200
0.001074	6.160000	0.013200
0.001075	6.160000	0.013200
0.001076	6.160000	0.013600
0.001077	6.160000	0.013600
0.001078	6.160000	0.013200
0.001079	6.160000	0.013600
0.001080	6.160000	0.013200
0.001081	6.160000	0.013200
0.001082	6.160000	0.013200
0.001083	6.160000	0.013600
0.001084	6.160000	0.013600
0.001085	6.160000	0.013200
0.001086	6.160000	0.013200
0.001087	6.160000	0.013600
0.001088	6.160000	0.013600
0.001089	6.160000	0.013600
0.001090	6.160000	0.013200
0.001091	6.160000	0.013200
0.001092	6.160000	0.013200
0.001093	6.160000	0.013200
0.001094	6.160000	0.013200
0.001095	6.160000	0.013200
0.001096	6.160000	0.013200
0.001097	6.160000	0.013200
0.001098	6.160000	0.013200
0.001099	6.160000	0.013200
0.001100	6.160000	0.013200
0.001101	6.160000	0.013600
0.001102	6.160000	0.013200
0.001103	6.160000	0.013200
0.001104	6.160000	0.013600
0.001105	6.160000	0.013200
0.001106	6.160000	0.013200
0.001107	6.160000	0.013200
0.001108	6.160000	0.013200
0.001109	6.160000	0.013600
0.001110	6.160000	0.013200
0.001111	6.160000	0.013200
0.001112	6.160000	0.013200
0.001113	6.160000	0.013200
0.001114	6.160000	0.013200
0.001115	6.160000	0.013600
0.001116	6.160000	0.013200
0.001117	6.160000	0.013200
0.001118	6.160000	0.013200
0.001119	6.160000	0.013200
0.001120	6.160000	0.013200
0.001121	6.160000	0.013200
0.001122	6.160000	0.013200
0.001123	6.160000	0.013200
0.001124	6.160000	0.013200
0.001125	6.160000	0.013200
0.001126	6.160000	0.013200
0.001127	6.160000	0.013200
0.001128	6.160000	0.013600
0.001129	6.160000	0.013200
0.001130	6.160000	0.013200
0.001131	6.160000	0.013200
0.001132	6.160000	0.013200
0.001133	6.160000	0.013200
0.001134	6.160000	0.013200
0.001135	6.160000	0.013200
0.001136	6.160000	0.013200
0.001137	6.160000	0.013200
0.001138	6.160000	0.013200
0.001139	6.160000	0.013200
0.001140	6.160000	0.013200
0.001141	6.160000	0.013200
0.001142	6.160000	0.013200
0.001143	6.160000	0.013200
0.001144	6.160000	0.013200
0.001145	6.160000	0.013200
0.001146	6.160000	0.013200
0.001147	6.160000	0.013200
0.001148	6.160000	0.013200
0.001149	6.160000	0.013200
0.001150	6.160000	0.012800
0.001151	6.160000	0.013200
0.001152	6.160000	0.013200
0.001153	6.160000	0.013200
0.001154	6.160000	0.013200
0.001155	6.160000	0.013200
0.001156	6.160000	0.013200
0.001157	6.160000	0.013200
0.001158	6.160000	0.013200
0.001159	6.160000	0.013200
0.001160	6.160000	0.013200
0.001161	6.160000	0.013200
0.001162	6.160000	0.013200
0.001163	6.160000	0.013200
0.001164	6.160000	0.013200
0.001165	6.160000	0.013200
0.001166	6.160000	0.013200
0.001167	6.160000	0.013200
0.001168	6.160000	0.013200
0.001169	6.160000	0.013200
0.001170	6.160000	0.013200
0.001171	6.160000	0.013200
0.001172	6.160000	0.013200
0.001173	6.160000	0.013200
0.001174	6.160000	0.013200
0.001175	6.160000	0.013200
0.001176	6.160000	0.013200
0.001177	6.160000	0.013200
0.001178	6.160000	0.013200
0.001179	6.160000	0.013200
0.001180	6.160000	0.013200
0.001181	6.160000	0.013200
0.001182	6.160000	0.013200
0.001183	6.160000	0.013200
0.001184	6.160000	0.013200
0.001185	6.160000	0.013200
0.001186	6.160000	0.013200
0.001187	6.160000	0.013200
0.001188	6.160000	0.013200
0.001189	6.160000	0.013200
0.001190	6.160000	0.013200
0.001191	6.160000	0.013200
0.001192	6.160000	0.013200
0.001193	6.160000	0.013200
0.001194	6.160000	0.013200
0.001195	6.160000	0.013200
0.001196	6.160000	0.013200
0.001197	6.160000	0.013200
0.001198	6.160000	0.013200
0.001199	6.160000	0.013200
0.001200	6.160000	0.013200
0.001201	6.160000	0.013200
0.001202	6.160000	0.013200
0.001203	6.160000	0.013200
0.001204	6.160000	0.012800
0.001205	6.160000	0.013200
0.001206	6.160000	0.013200
0.001207	6.160000	0.013200
0.001208	6.160000	0.013200
0.001209	6.160000	0.013200
0.001210	6.160000	0.013200
0.001211	6.160000	0.013200
0.001212	6.160000	0.013200
0.001213	6.160000	0.013200
0.001214	6.160000	0.013200
0.001215	6.160000	0.013200
0.001216	6.160000	0.013200
0.001217	6.160000	0.013200
0.001218	6.160000	0.013200
0.001219	6.160000	0.013200
0.001220	6.160000	0.013200
0.001221	6.160000	0.013200
0.001222	6.160000	0.013200
0.001223	6.160000	0.013200
0.001224	6.160000	0.013200
0.001225	6.160000	0.013200
0.001226	6.160000	0.013200
0.001227	6.160000	0.013200
0.001228	6.160000	0.013200
0.001229	6.160000	0.013200
0.001230	6.160000	0.013200
0.001231	6.160000	0.013200
0.001232	6.160000	0.012800
0.001233	6.160000	0.013200
0.001234	6.160000	0.013200
0.001235	6.160000	0.013200
0.001236	6.160000	0.013200
0.001237	6.160000	0.013200
0.001238	6.160000	0.013200
0.001239	6.160000	0.013200
0.001240	6.160000	0.013200
0.001241	6.160000	0.013200
0.001242	6.160000	0.013200
0.001243	6.160000	0.013200
0.001244	6.160000	0.013200
0.001245	6.160000	0.012800
0.001246	6.160000	0.013200
0.001247	6.160000	0.013200
0.001248	6.160000	0.013200
0.001249	6.160000	0.013200
0.001250	6.160000	0.013200
0.001251	6.160000	0.013200
0.001252	6.160000	0.012800
0.001253	6.160000	0.013200
0.001254	6.160000	0.012800
0.001255	6.160000	0.013200
0.001256	6.160000	0.012800
0.001257	6.160000	0.013200
0.001258	6.160000	0.012800
0.001259	6.160000	0.013200
0.001260	6.160000	0.013200
0.001261	6.160000	0.013200
0.001262	6.160000	0.013200
0.001263	6.160000	0.013200
0.001264	6.160000	0.013200
0.001265	6.160000	0.013200
0.001266	6.160000	0.013200
0.001267	6.160000	0.013200
0.001268	6.080000	0.013200
0.001269	6.080000	0.013200
0.001270	6.080000	0.013200
0.001271	6.160000	0.013200
0.001272	6.160000	0.013200
0.001273	6.160000	0.013200
0.001274	6.160000	0.013200
0.001275	6.160000	0.013200
0.001276	6.080000	0.013200
0.001277	6.160000	0.013200
0.001278	6.160000	0.013200
0.001279	6.080000	0.013200
0.001280	6.080000	0.013200
0.001281	6.080000	0.013200
0.001282	6.080000	0.013200
0.001283	6.080000	0.013200
0.001284	6.080000	0.013200
0.001285	6.080000	0.012800
0.001286	6.080000	0.013200
0.001287	6.160000	0.013200
0.001288	6.080000	0.013200
0.001289	6.080000	0.013200
0.001290	6.080000	0.013200
0.001291	6.160000	0.013200
0.001292	6.080000	0.013200
0.001293	6.080000	0.013200
0.001294	6.080000	0.012800
0.001295	6.080000	0.013200
0.001296	6.080000	0.013200
0.001297	6.080000	0.013200
0.001298	6.080000	0.013200
0.001299	6.080000	0.013200
0.001300	6.080000	0.013200
0.001301	6.080000	0.013200
0.001302	6.080000	0.013200
0.001303	6.080000	0.013200
0.001304	6.080000	0.012800
0.001305	6.080000	0.013200
0.001306	6.080000	0.012800
0.001307	6.080000	0.013200
0.001308	6.080000	0.013200
0.001309	6.080000	0.013200
0.001310	6.080000	0.013200
0.001311	6.080000	0.013200
0.001312	6.080000	0.012800
0.001313	6.080000	0.013200
0.001314	6.080000	0.013200
0.001315	6.080000	0.013200
0.001316	6.080000	0.013200
0.001317	6.080000	0.013200
0.001318	6.080000	0.013200
0.001319	6.080000	0.013200
0.001320	6.080000	0.013200
0.001321	6.080000	0.013200
0.001322	6.080000	0.013200
0.001323	6.080000	0.013200
0.001324	6.080000	0.013200
0.001325	6.080000	0.012800
0.001326	6.080000	0.012800
0.001327	6.080000	0.013200
0.001328	6.080000	0.013200
0.001329	6.080000	0.012800
0.001330	6.080000	0.012800
0.001331	6.080000	0.012800
0.001332	6.080000	0.012800
0.001333	6.080000	0.013200
0.001334	6.080000	0.013200
0.001335	6.080000	0.013200
0.001336	6.080000	0.013200
0.001337	6.080000	0.013200
0.001338	6.080000	0.013200
0.001339	6.080000	0.012800
0.001340	6.080000	0.013200
0.001341	6.080000	0.012800
0.001342	6.080000	0.012800
0.001343	6.080000	0.012800
0.001344	6.080000	0.013200
0.001345	6.080000	0.012800
0.001346	6.080000	0.013200
0.001347	6.080000	0.012800
0.001348	6.080000	0.012800
0.001349	6.080000	0.012800
0.001350	6.080000	0.012800
0.001351	6.080000	0.013200
0.001352	6.080000	0.012800
0.001353	6.080000	0.012800
0.001354	6.080000	0.012800
0.001355	6.080000	0.012800
0.001356	6.080000	0.012800
0.001357	6.080000	0.012800
0.001358	6.080000	0.013200
0.001359	6.080000	0.012800
0.001360	6.080000	0.012800
0.001361	6.080000	0.013200
0.001362	6.080000	0.012800
0.001363	6.080000	0.012800
0.001364	6.080000	0.012800
0.001365	6.080000	0.012800
0.001366	6.080000	0.012800
0.001367	6.080000	0.012800
0.001368	6.080000	0.012800
0.001369	6.080000	0.012800
0.001370	6.080000	0.012800
0.001371	6.080000	0.012800
0.001372	6.080000	0.012800
0.001373	6.080000	0.012800
0.001374	6.080000	0.012800
0.001375	6.080000	0.012800
0.001376	6.080000	0.012800
0.001377	6.080000	0.012800
0.001378	6.080000	0.012800
0.001379	6.080000	0.012800
0.001380	6.080000	0.012800
0.001381	6.080000	0.012800
0.001382	6.080000	0.012800
0.001383	6.080000	0.012800
0.001384	6.080000	0.012800
0.001385	6.080000	0.013200
0.001386	6.080000	0.012800
0.001387	6.080000	0.012800
0.001388	6.080000	0.013200
0.001389	6.080000	0.012800
0.001390	6.080000	0.012800
0.001391	6.080000	0.012800
0.001392	6.080000	0.012800
0.001393	6.080000	0.012800
0.001394	6.080000	0.012800
0.001395	6.080000	0.012800
0.001396	6.080000	0.012800
0.001397	6.080000	0.012800
0.001398	6.080000	0.012800
0.001399	6.080000	0.012800
0.001400	6.080000	0.012800
0.001401	6.080000	0.012800
0.001402	6.080000	0.012800
0.001403	6.080000	0.013200
0.001404	6.080000	0.013200
0.001405	6.080000	0.012800
0.001406	6.080000	0.012800
0.001407	6.080000	0.012800
0.001408	6.080000	0.013200
0.001409	6.080000	0.012800
0.001410	6.080000	0.012800
0.001411	6.080000	0.012800
0.001412	6.080000	0.012800
0.001413	6.080000	0.012800
0.001414	6.080000	0.012800
0.001415	6.080000	0.012800
0.001416	6.080000	0.012800
0.001417	6.080000	0.012800
0.001418	6.080000	0.012800
0.001419	6.080000	0.012800
0.001420	6.080000	0.012800
0.001421	6.080000	0.012800
0.001422	6.080000	0.012800
0.001423	6.080000	0.012800
0.001424	6.080000	0.012800
0.001425	6.080000	0.012800
0.001426	6.080000	0.012800
0.001427	6.080000	0.012800
0.001428	6.080000	0.012800
0.001429	6.080000	0.012800
0.001430	6.080000	0.012800
0.001431	6.080000	0.012800
0.001432	6.080000	0.012800
0.001433	6.080000	0.012800
0.001434	6.080000	0.012800
0.001435	6.080000	0.012800
0.001436	6.080000	0.012800
0.001437	6.080000	0.012800
0.001438	6.080000	0.012800
0.001439	6.080000	0.012800
0.001440	6.080000	0.012800
0.001441	6.080000	0.012800
0.001442	6.080000	0.012800
0.001443	6.080000	0.012800
0.001444	6.080000	0.012800
0.001445	6.080000	0.012800
0.001446	6.080000	0.012800
0.001447	6.080000	0.012800
0.001448	6.080000	0.012800
0.001449	6.080000	0.012800
0.001450	6.080000	0.012800
0.001451	6.080000	0.012800
0.001452	6.080000	0.012800
0.001453	6.080000	0.012800
0.001454	6.080000	0.012800
0.001455	6.080000	0.012800
0.001456	6.080000	0.012800
0.001457	6.080000	0.012800
0.001458	6.080000	0.012800
0.001459	6.080000	0.012800
0.001460	6.080000	0.012800
0.001461	6.080000	0.012800
0.001462	6.080000	0.012800
0.001463	6.080000	0.012800
0.001464	6.080000	0.012800
0.001465	6.080000	0.012800
0.001466	6.080000	0.012800
0.001467	6.080000	0.012800
0.001468	6.080000	0.012800
0.001469	6.080000	0.012800
0.001470	6.080000	0.012800
0.001471	6.080000	0.012800
0.001472	6.080000	0.012800
0.001473	6.080000	0.012800
0.001474	6.080000	0.012800
0.001475	6.080000	0.012800
0.001476	6.080000	0.012800
0.001477	6.080000	0.012800
0.001478	6.080000	0.012800
0.001479	6.080000	0.012800
0.001480	6.080000	0.012800
0.001481	6.080000	0.012800
0.001482	6.080000	0.012800
0.001483	6.080000	0.012800
0.001484	6.080000	0.012800
0.001485	6.080000	0.012800
0.001486	6.080000	0.012800
0.001487	6.080000	0.012800
0.001488	6.080000	0.012800
0.001489	6.080000	0.012800
0.001490	6.080000	0.012800
0.001491	6.080000	0.012800
0.001492	6.080000	0.012800
0.001493	6.080000	0.012800
0.001494	6.080000	0.012800
0.001495	6.080000	0.012800
0.001496	6.080000	0.012800
0.001497	6.080000	0.012400
0.001498	6.080000	0.012800
0.001499	6.080000	0.012800
0.001500	6.080000	0.012400
0.001501	6.080000	0.012800
0.001502	6.080000	0.012800
0.001503	6.080000	0.012800
0.001504	6.080000	0.012800
0.001505	6.080000	0.012400
0.001506	6.080000	0.012800
0.001507	6.080000	0.012800
0.001508	6.080000	0.012800
0.001509	6.080000	0.012800
0.001510	6.080000	0.012800
0.001511	6.080000	0.012800
0.001512	6.080000	0.012800
0.001513	6.080000	0.012800
0.001514	6.080000	0.012800
0.001515	6.080000	0.012400
0.001516	6.080000	0.012800
0.001517	6.080000	0.012800
0.001518	6.080000	0.012800
0.001519	6.080000	0.012800
0.001520	6.080000	0.012800
0.001521	6.080000	0.012800
0.001522	6.080000	0.012800
0.001523	6.080000	0.012800
0.001524	6.080000	0.012800
0.001525	6.080000	0.012800
0.001526	6.080000	0.012800
0.001527	6.080000	0.012800
0.001528	6.080000	0.012800
0.001529	6.080000	0.012800
0.001530	6.080000	0.012800
0.001531	6.080000	0.012800
0.001532	6.080000	0.012800
0.001533	6.080000	0.012800
0.001534	6.080000	0.012800
0.001535	6.080000	0.012800
0.001536	6.080000	0.012800
0.001537	6.080000	0.012800
0.001538	6.080000	0.012800
0.001539	6.080000	0.012800
0.001540	6.080000	0.012800
0.001541	6.080000	0.012800
0.001542	6.080000	0.012800
0.001543	6.080000	0.012800
0.001544	6.080000	0.012800
0.001545	6.080000	0.012800
0.001546	6.080000	0.012800
0.001547	6.080000	0.012800
0.001548	6.080000	0.012400
0.001549	6.080000	0.012800
0.001550	6.080000	0.012800
0.001551	6.080000	0.012800
0.001552	6.080000	0.012800
0.001553	6.080000	0.012800
0.001554	6.080000	0.012800
0.001555	6.080000	0.012800
0.001556	6.080000	0.012400
0.001557	6.080000	0.012800
0.001558	6.080000	0.012400
0.001559	6.080000	0.012800
0.001560	6.080000	0.012800
0.001561	6.080000	0.012800
0.001562	6.080000	0.012800
0.001563	6.080000	0.012400
0.001564	6.080000	0.012800
0.001565	6.080000	0.012800
0.001566	6.080000	0.012800
0.001567	6.080000	0.012800
0.001568	6.080000	0.012800
0.001569	6.080000	0.012800
0.001570	6.080000	0.012800
0.001571	6.080000	0.012800
0.001572	6.080000	0.012800
0.001573	6.080000	0.012800
0.001574	6.080000	0.012800
0.001575	6.080000	0.012800
0.001576	6.080000	0.012800
0.001577	6.080000	0.012800
0.001578	6.080000	0.012800
0.001579	6.080000	0.012800
0.001580	6.080000	0.012800
0.001581	6.080000	0.012800
0.001582	6.080000	0.012800
0.001583	6.080000	0.012800
0.001584	6.080000	0.012400
0.001585	6.080000	0.012800
0.001586	6.080000	0.012800
0.001587	6.080000	0.012800
0.001588	6.080000	0.012800
0.001589	6.080000	0.012800
0.001590	6.080000	0.012400
0.001591	6.080000	0.012400
0.001592	6.080000	0.012400
0.001593	6.080000	0.012400
0.001594	6.080000	0.012400
0.001595	6.080000	0.012800
0.001596	6.080000	0.012800
0.001597	6.080000	0.012400
0.001598	6.080000	0.012800
0.001599	6.080000	0.012800
0.001600	6.080000	0.012800
0.001601	6.080000	0.012800
0.001602	6.080000	0.012400
0.001603	6.080000	0.012400
0.001604	6.080000	0.012800
0.001605	6.080000	0.012800
0.001606	6.080000	0.012800
0.001607	6.080000	0.012400
0.001608	6.080000	0.012400
0.001609	6.080000	0.012400
0.001610	6.080000	0.012400
0.001611	6.080000	0.012400
0.001612	6.080000	0.012800
0.001613	6.080000	0.012400
0.001614	6.080000	0.012800
0.001615	6.080000	0.012400
0.001616	6.080000	0.012400
0.001617	6.080000	0.012400
0.001618	6.080000	0.012800
0.001619	6.080000	0.012400
0.001620	6.080000	0.012400
0.001621	6.080000	0.012400
0.001622	6.080000	0.012400
0.001623	6.080000	0.012400
0.001624	6.080000	0.012800
0.001625	6.080000	0.012800
0.001626	6.080000	0.012400
0.001627	6.080000	0.012400
0.001628	6.080000	0.012800
0.001629	6.080000	0.012400
0.001630	6.080000	0.012400
0.001631	6.080000	0.012800
0.001632	6.080000	0.012400
0.001633	6.080000	0.012400
0.001634	6.080000	0.012800
0.001635	6.080000	0.012400
0.001636	6.080000	0.012400
0.001637	6.080000	0.012400
0.001638	6.080000	0.012400
0.001639	6.080000	0.012400
0.001640	6.080000	0.012800
0.001641	6.080000	0.012400
0.001642	6.080000	0.012400
0.001643	6.080000	0.012400
0.001644	6.080000	0.012400
0.001645	6.080000	0.012400
0.001646	6.080000	0.012400
0.001647	6.080000	0.012400
0.001648	6.080000	0.012400
0.001649	6.080000	0.012800
0.001650	6.080000	0.012400
0.001651	6.080000	0.012400
0.001652	6.080000	0.012800
0.001653	6.080000	0.012400
0.001654	6.080000	0.012400
0.001655	6.080000	0.012400
0.001656	6.080000	0.012400
0.001657	6.080000	0.012800
0.001658	6.080000	0.012400
0.001659	6.080000	0.012400
0.001660	6.080000	0.012400
0.001661	6.080000	0.012400
0.001662	6.080000	0.012400
0.001663	6.080000	0.012400
0.001664	6.000000	0.012400
0.001665	6.080000	0.012400
0.001666	6.080000	0.012400
0.001667	6.080000	0.012400
0.001668	6.080000	0.012400
0.001669	6.080000	0.012400
0.001670	6.080000	0.012400
0.001671	6.080000	0.012400
0.001672	6.000000	0.012400
0.001673	6.000000	0.012400
0.001674	6.080000	0.012400
0.001675	6.080000	0.012400
0.001676	6.000000	0.012400
0.001677	6.000000	0.012400
0.001678	6.080000	0.012400
0.001679	6.080000	0.012400
0.001680	6.080000	0.012400
0.001681	6.080000	0.012400
0.001682	6.000000	0.012400
0.001683	6.000000	0.012400
0.001684	6.080000	0.012400
0.001685	6.000000	0.012400
0.001686	6.080000	0.012400
0.001687	6.000000	0.012400
0.001688	6.000000	0.012400
0.001689	6.080000	0.012400
0.001690	6.000000	0.012400
0.001691	6.080000	0.012400
0.001692	6.080000	0.012400
0.001693	6.080000	0.012400
0.001694	6.080000	0.012400
0.001695	6.000000	0.012400
0.001696	6.080000	0.012400
0.001697	6.000000	0.012400
0.001698	6.000000	0.012400
0.001699	6.000000	0.012400
0.001700	6.000000	0.012400
0.001701	6.080000	0.012400
0.001702	6.000000	0.012400
0.001703	6.080000	0.012400
0.001704	6.080000	0.012400
0.001705	6.000000	0.012400
0.001706	6.000000	0.012400
0.001707	6.000000	0.012400
0.001708	6.000000	0.012400
0.001709	6.000000	0.012400
0.001710	6.000000	0.012400
0.001711	6.000000	0.012400
0.001712	6.000000	0.012400
0.001713	6.000000	0.012400
0.001714	6.080000	0.012400
0.001715	6.000000	0.012400
0.001716	6.000000	0.012400
0.001717	6.000000	0.012400
0.001718	6.000000	0.012400
0.001719	6.000000	0.012400
0.001720	6.000000	0.012400
0.001721	6.000000	0.012400
0.001722	6.000000	0.012400
0.001723	6.000000	0.012400
0.001724	6.000000	0.012400
0.001725	6.000000	0.012400
0.001726	6.080000	0.012400
0.001727	6.000000	0.012000
0.001728	6.000000	0.012400
0.001729	6.000000	0.012400
0.001730	6.000000	0.012400
0.001731	6.000000	0.012400
0.001732	6.000000	0.012400
0.001733	6.000000	0.012400
0.001734	6.000000	0.012400
0.001735	6.000000	0.012400
0.001736	6.000000	0.012400
0.001737	6.000000	0.012400
0.001738	6.000000	0.012400
0.001739	6.000000	0.012400
0.001740	6.000000	0.012400
0.001741	6.000000	0.012400
0.001742	6.000000	0.012400
0.001743	6.000000	0.012400
0.001744	6.000000	0.012400
0.001745	6.000000	0.012400
0.001746	6.000000	0.012400
0.001747	6.000000	0.012400
0.001748	6.000000	0.012400
0.001749	6.000000	0.012400
0.001750	6.000000	0.012400
0.001751	6.000000	0.012400
0.001752	6.000000	0.012400
0.001753	6.000000	0.012400
0.001754	6.000000	0.012400
0.001755	6.000000	0.012400
0.001756	6.000000	0.012400
0.001757	6.000000	0.012400
0.001758	6.000000	0.012400
0.001759	6.000000	0.012400
0.001760	6.000000	0.012400
0.001761	6.000000	0.012400
0.001762	6.000000	0.012400
0.001763	6.000000	0.012400
0.001764	6.000000	0.012400
0.001765	6.000000	0.012400
0.001766	6.000000	0.012400
0.001767	6.000000	0.012400
0.001768	6.000000	0.012400
0.001769	6.000000	0.012400
0.001770	6.000000	0.012000
0.001771	6.000000	0.012400
0.001772	6.000000	0.012400
0.001773	6.000000	0.012400
0.001774	6.000000	0.012400
0.001775	6.000000	0.012400
0.001776	6.000000	0.012400
0.001777	6.000000	0.012400
0.001778	6.000000	0.012000
0.001779	6.000000	0.012400
0.001780	6.000000	0.012000
0.001781	6.000000	0.012000
0.001782	6.000000	0.012000
0.001783	6.000000	0.012000
0.001784	6.000000	0.012000
0.001785	6.000000	0.012000
0.001786	6.000000	0.012000
0.001787	6.000000	0.012000
0.001788	6.000000	0.012400
0.001789	6.000000	0.012000
0.001790	6.000000	0.012000
0.001791	6.000000	0.012400
0.001792	6.000000	0.012000
0.001793	6.000000	0.012000
0.001794	6.000000	0.012400
0.001795	6.000000	0.012000
0.001796	6.000000	0.012000
0.001797	6.000000	0.012000
0.001798	6.000000	0.012000
0.001799	6.000000	0.012000
0.001800	6.000000	0.012400
0.001801	6.000000	0.012000
0.001802	6.000000	0.012000
0.001803	6.000000	0.012400
0.001804	6.000000	0.012000
0.001805	6.000000	0.012400
0.001806	6.000000	0.012000
0.001807	6.000000	0.012000
0.001808	6.000000	0.012400
0.001809	6.000000	0.012000
0.001810	6.000000	0.012000
0.001811	6.000000	0.012400
0.001812	6.000000	0.012000
0.001813	6.000000	0.012000
0.001814	6.000000	0.012000
0.001815	6.000000	0.012000
0.001816	6.000000	0.012000
0.001817	6.000000	0.012400
0.001818	6.000000	0.012000
0.001819	6.000000	0.012400
0.001820	6.000000	0.012000
0.001821	6.000000	0.012400
0.001822	6.000000	0.012000
0.001823	6.000000	0.012400
0.001824	6.000000	0.012000
0.001825	6.000000	0.012000
0.001826	6.000000	0.012000
0.001827	6.000000	0.012000
0.001828	6.000000	0.012000
0.001829	6.000000	0.012000
0.001830	6.000000	0.012400
0.001831	6.000000	0.012000
0.001832	6.000000	0.012400
0.001833	6.000000	0.012000
0.001834	6.000000	0.012000
0.001835	6.000000	0.012000
0.001836	6.000000	0.012000
0.001837	6.000000	0.012000
0.001838	6.000000	0.012000
0.001839	6.000000	0.012000
0.001840	6.000000	0.012000
0.001841	6.000000	0.012400
0.001842	6.000000	0.012400
0.001843	6.000000	0.012000
0.001844	6.000000	0.012000
0.001845	6.000000	0.012000
0.001846	6.000000	0.012000
0.001847	6.000000	0.012400
0.001848	6.000000	0.012000
0.001849	6.000000	0.012000
0.001850	6.000000	0.012000
0.001851	6.000000	0.012400
0.001852	6.000000	0.012000
0.001853	6.000000	0.012000
0.001854	6.000000	0.012000
0.001855	6.000000	0.012000
0.001856	6.000000	0.012000
0.001857	6.000000	0.012000
0.001858	6.000000	0.012000
0.001859	6.000000	0.012400
0.001860	6.000000	0.012000
0.001861	6.000000	0.012000
0.001862	6.000000	0.012000
0.001863	6.000000	0.012000
0.001864	6.000000	0.012000
0.001865	6.000000	0.012400
0.001866	6.000000	0.012000
0.001867	6.000000	0.012000
0.001868	6.000000	0.012000
0.001869	6.000000	0.012000
0.001870	6.000000	0.012000
0.001871	6.000000	0.012000
0.001872	6.000000	0.012000
0.001873	6.000000	0.012000
0.001874	6.000000	0.012000
0.001875	6.000000	0.012000
0.001876	6.000000	0.012000
0.001877	6.000000	0.012000
0.001878	6.000000	0.012000
0.001879	6.000000	0.012000
0.001880	6.000000	0.012000
0.001881	6.000000	0.012000
0.001882	6.000000	0.012000
0.001883	6.000000	0.012000
0.001884	6.000000	0.012000
0.001885	6.000000	0.012000
0.001886	6.000000	0.012000
0.001887	6.000000	0.012000
0.001888	6.000000	0.012000
0.001889	6.000000	0.012000
0.001890	6.000000	0.012000
0.001891	6.000000	0.012000
0.001892	6.000000	0.012000
0.001893	6.000000	0.012000
0.001894	6.000000	0.012000
0.001895	6.000000	0.012000
0.001896	6.000000	0.012000
0.001897	6.000000	0.012000
0.001898	6.000000	0.012000
0.001899	6.000000	0.012000
0.001900	6.000000	0.012000
0.001901	6.000000	0.012000
0.001902	6.000000	0.012000
0.001903	6.000000	0.012000
0.001904	6.000000	0.012000
0.001905	6.000000	0.012000
0.001906	6.000000	0.012000
0.001907	6.000000	0.012000
0.001908	6.000000	0.012000
0.001909	6.000000	0.012000
0.001910	6.000000	0.012000
0.001911	6.000000	0.012000
0.001912	6.000000	0.012000
0.001913	6.000000	0.012000
0.001914	6.000000	0.012000
0.001915	6.000000	0.012000
0.001916	6.000000	0.012000
0.001917	6.000000	0.012000
0.001918	6.000000	0.012000
0.001919	6.000000	0.012000
0.001920	6.000000	0.012000
0.001921	6.000000	0.012000
0.001922	6.000000	0.012000
0.001923	6.000000	0.012000
0.001924	6.000000	0.012000
0.001925	6.000000	0.012000
0.001926	6.000000	0.012000
0.001927	6.000000	0.012000
0.001928	6.000000	0.012000
0.001929	6.000000	0.012000
0.001930	6.000000	0.011600
0.001931	6.000000	0.012000
0.001932	6.000000	0.012000
0.001933	6.000000	0.012000
0.001934	6.000000	0.012000
0.001935	6.000000	0.012000
0.001936	6.000000	0.012000
0.001937	6.000000	0.012000
0.001938	6.000000	0.012000
0.001939	6.000000	0.011600
0.001940	6.000000	0.012000
0.001941	6.000000	0.011600
0.001942	6.000000	0.012000
0.001943	6.000000	0.012000
0.001944	6.000000	0.011600
0.001945	6.000000	0.011600
0.001946	6.000000	0.011600
0.001947	6.000000	0.011600
0.001948	6.000000	0.011600
0.001949	6.000000	0.012000
0.001950	6.000000	0.011600
0.001951	6.000000	0.012000
0.001952	6.000000	0.011600
0.001953	6.000000	0.012000
0.001954	6.000000	0.011600
0.001955	6.000000	0.011600
0.001956	6.000000	0.011600
0.001957	6.000000	0.012000
0.001958	6.000000	0.012000
0.001959	6.000000	0.012000
0.001960	6.000000	0.012000
0.001961	6.000000	0.011600
0.001962	6.000000	0.011600
0.001963	6.000000	0.011600
0.001964	6.000000	0.011600
0.001965	6.000000	0.012000
0.001966	6.000000	0.011600
0.001967	6.000000	0.011600
0.001968	6.000000	0.012000
0.001969	6.000000	0.012000
0.001970	6.000000	0.011600
0.001971	6.000000	0.011600
0.001972	6.000000	0.012000
0.001973	6.000000	0.011600
0.001974	6.000000	0.011600
0.001975	6.000000	0.012000
0.001976	6.000000	0.011600
0.001977	6.000000	0.011600
0.001978	6.000000	0.011600
0.001979	6.000000	0.012000
0.001980	6.000000	0.011600
0.001981	6.000000	0.011600
0.001982	6.000000	0.012000
0.001983	6.000000	0.011600
0.001984	6.000000	0.011600
0.001985	6.000000	0.012000
0.001986	6.000000	0.011600
0.001987	6.000000	0.011600
0.001988	6.000000	0.011600
0.001989	6.000000	0.011600
0.001990	6.000000	0.011600
0.001991	6.000000	0.011600
0.001992	6.000000	0.011600
0.001993	6.000000	0.011600
0.001994	6.000000	0.012000
0.001995	6.000000	0.011600
0.001996	6.000000	0.011600
0.001997	6.000000	0.011600
0.001998	6.000000	0.011600
0.001999	6.000000	0.012000
0.002000	6.000000	0.011600
0.002001	6.000000	0.011600
0.002002	6.000000	0.011600
0.002003	6.000000	0.011600
0.002004	6.000000	0.011600
0.002005	6.000000	0.011600
0.002006	6.000000	0.011600
0.002007	6.000000	0.011600
0.002008	6.000000	0.011600
0.002009	6.000000	0.012000
0.002010	6.000000	0.011600
0.002011	6.000000	0.011600
0.002012	6.000000	0.011600
0.002013	6.000000	0.011600
0.002014	6.000000	0.011600
0.002015	6.000000	0.011600
0.002016	6.000000	0.011600
0.002017	6.000000	0.011600
0.002018	6.000000	0.011600
0.002019	6.000000	0.011600
0.002020	6.000000	0.011600
0.002021	6.000000	0.011600
0.002022	6.000000	0.011600
0.002023	6.000000	0.011600
0.002024	6.000000	0.011600
0.002025	6.000000	0.011600
0.002026	6.000000	0.011600
0.002027	6.000000	0.011600
0.002028	6.000000	0.011600
0.002029	6.000000	0.011600
0.002030	6.000000	0.011600
0.002031	6.000000	0.011600
0.002032	5.920000	0.011600
0.002033	5.920000	0.011600
0.002034	5.920000	0.011600
0.002035	6.000000	0.011600
0.002036	6.000000	0.011600
0.002037	6.000000	0.011600
0.002038	6.000000	0.011600
0.002039	6.000000	0.011600
0.002040	6.000000	0.011600
0.002041	6.000000	0.011600
0.002042	6.000000	0.011600
0.002043	6.000000	0.011600
0.002044	6.000000	0.011600
0.002045	6.000000	0.011600
0.002046	6.000000	0.011600
0.002047	5.920000	0.011600
0.002048	6.000000	0.011600
0.002049	5.920000	0.011600
0.002050	6.000000	0.011600
0.002051	6.000000	0.011600
0.002052	6.000000	0.011600
0.002053	5.920000	0.011600
0.002054	6.000000	0.011600
0.002055	6.000000	0.011600
0.002056	5.920000	0.011600
0.002057	5.920000	0.011600
0.002058	6.000000	0.011600
0.002059	6.000000	0.011600
0.002060	5.920000	0.011600
0.002061	6.000000	0.011600
0.002062	5.920000	0.011600
0.002063	6.000000	0.011600
0.002064	6.000000	0.011600
0.002065	6.000000	0.011600
0.002066	6.000000	0.011600
0.002067	6.000000	0.011600
0.002068	6.000000	0.011600
0.002069	5.920000	0.011600
0.002070	5.920000	0.011600
0.002071	6.000000	0.011600
0.002072	5.920000	0.011600
0.002073	5.920000	0.011600
0.002074	6.000000	0.011600
0.002075	6.000000	0.011600
0.002076	5.920000	0.011600
0.002077	6.000000	0.011600
0.002078	6.000000	0.011600
0.002079	5.920000	0.011600
0.002080	5.920000	0.011600
0.002081	5.920000	0.011600
0.002082	5.920000	0.011200
0.002083	5.920000	0.011600
0.002084	5.920000	0.011600
0.002085	5.920000	0.011600
0.002086	5.920000	0.011200
0.002087	6.000000	0.011600
0.002088	5.920000	0.011600
0.002089	5.920000	0.011600
0.002090	5.920000	0.011200
0.002091	5.920000	0.011600
0.002092	5.920000	0.011600
0.002093	5.920000	0.011200
0.002094	5.920000	0.011200
0.002095	5.920000	0.011200
0.002096	5.920000	0.011200
0.002097	6.000000	0.011200
0.002098	5.920000	0.011600
0.002099	5.920000	0.011200
0.002100	5.920000	0.011600
0.002101	5.920000	0.011200
0.002102	5.920000	0.011200
0.002103	5.920000	0.011200
0.002104	5.920000	0.011200
0.002105	5.920000	0.011600
0.002106	5.920000	0.011200
0.002107	5.920000	0.011200
0.002108	5.920000	0.011200
0.002109	5.920000	0.011200
0.002110	5.920000	0.011200
0.002111	5.920000	0.011200
0.002112	5.920000	0.011200
0.002113	5.920000	0.011200
0.002114	5.920000	0.011200
0.002115	5.920000	0.011200
0.002116	5.920000	0.011200
0.002117	5.920000	0.011200
0.002118	5.920000	0.011200
0.002119	5.920000	0.011200
0.002120	5.920000	0.011200
0.002121	5.920000	0.011200
0.002122	5.920000	0.011200
0.002123	5.920000	0.011200
0.002124	5.920000	0.011200
0.002125	5.920000	0.011200
0.002126	5.920000	0.011200
0.002127	5.920000	0.011200
0.002128	5.920000	0.011200
0.002129	5.920000	0.011200
0.002130	5.920000	0.011200
0.002131	5.920000	0.011200
0.002132	5.920000	0.011200
0.002133	5.920000	0.010800
0.002134	5.920000	0.010800
0.002135	5.920000	0.010800
0.002136	5.920000	0.010800
0.002137	5.920000	0.010800
0.002138	5.920000	0.011200
0.002139	5.920000	0.010800
0.002140	5.920000	0.010800
0.002141	5.920000	0.010800
0.002142	5.920000	0.010800
0.002143	5.920000	0.010800
0.002144	5.920000	0.010800
0.002145	5.920000	0.011200
0.002146	5.920000	0.010800
0.002147	5.920000	0.010800
0.002148	5.920000	0.010800
0.002149	5.920000	0.010800
0.002150	5.920000	0.010800
0.002151	5.920000	0.010800
0.002152	5.920000	0.010800
0.002153	5.920000	0.010800
0.002154	5.920000	0.010800
0.002155	5.920000	0.010800
0.002156	5.920000	0.010800
0.002157	5.920000	0.010800
0.002158	5.920000	0.010800
0.002159	5.920000	0.010800
0.002160	5.920000	0.010800
0.002161	5.920000	0.010800
0.002162	5.920000	0.010800
0.002163	5.920000	0.010400
0.002164	5.920000	0.010400
0.002165	5.920000	0.010400
0.002166	5.920000	0.010800
0.002167	5.920000	0.010800
0.002168	5.920000	0.010800
0.002169	5.920000	0.010400
0.002170	5.920000	0.010400
0.002171	5.920000	0.010400
0.002172	5.920000	0.010400
0.002173	5.920000	0.010400
0.002174	5.920000	0.010400
0.002175	5.920000	0.010400
0.002176	5.920000	0.010400
0.002177	5.920000	0.010400
0.002178	5.920000	0.010400
0.002179	5.920000	0.010400
0.002180	5.920000	0.010400
0.002181	5.920000	0.010400
0.002182	5.920000	0.010400
0.002183	5.920000	0.010400
0.002184	5.920000	0.010400
0.002185	5.920000	0.010400
0.002186	5.920000	0.010400
0.002187	5.920000	0.010400
0.002188	5.920000	0.010000
0.002189	5.920000	0.010000
0.002190	5.920000	0.010000
0.002191	5.920000	0.010000
0.002192	5.920000	0.010000
0.002193	5.920000	0.010000
0.002194	5.920000	0.010000
0.002195	5.920000	0.010000
0.002196	5.920000	0.010000
0.002197	5.920000	0.010000
0.002198	5.920000	0.010000
0.002199	5.920000	0.010000
0.002200	5.920000	0.010000
0.002201	5.920000	0.009600
0.002202	5.920000	0.010000
0.002203	5.920000	0.009600
0.002204	5.920000	0.009600
0.002205	5.920000	0.009600
0.002206	5.920000	0.009600
0.002207	5.920000	0.009600
0.002208	5.920000	0.009600
0.002209	5.920000	0.009600
0.002210	5.920000	0.009600
0.002211	5.920000	0.009600
0.002212	5.920000	0.009600
0.002213	5.920000	0.009600
0.002214	5.920000	0.009600
0.002215	5.920000	0.009200
0.002216	5.920000	0.009200
0.002217	5.920000	0.009200
0.002218	5.920000	0.009200
0.002219	5.920000	0.009200
0.002220	5.920000	0.009200
0.002221	5.920000	0.009200
0.002222	5.920000	0.009200
0.002223	5.920000	0.009200
0.002224	5.920000	0.008800
0.002225	5.920000	0.008800
0.002226	5.920000	0.008800
0.002227	5.920000	0.008800
0.002228	5.920000	0.008800
0.002229	5.920000	0.008800
0.002230	5.920000	0.008800
0.002231	5.920000	0.008800
0.002232	5.920000	0.008800
0.002233	5.920000	0.008800
0.002234	5.920000	0.008400
0.002235	5.920000	0.008400
0.002236	5.920000	0.008400
0.002237	5.920000	0.008400
0.002238	5.920000	0.008400
0.002239	5.920000	0.008000
0.002240	5.920000	0.008000
0.002241	5.920000	0.008000
0.002242	5.920000	0.008000
0.002243	5.920000	0.008000
0.002244	5.920000	0.008000
0.002245	5.920000	0.007600
0.002246	5.920000	0.007600
0.002247	5.920000	0.007600
0.002248	5.920000	0.007600
0.002249	5.920000	0.007600
0.002250	5.920000	0.007600
0.002251	5.920000	0.007600
0.002252	5.920000	0.007200
0.002253	5.920000	0.007200
0.002254	5.920000	0.007200
0.002255	5.920000	0.007200
0.002256	5.920000	0.006800
0.002257	5.920000	0.006800
0.002258	5.920000	0.006800
0.002259	5.920000	0.006800
0.002260	5.920000	0.006400
0.002261	5.920000	0.006400
0.002262	5.920000	0.006000
0.002263	5.920000	0.006000
0.002264	5.920000	0.006000
0.002265	5.920000	0.006000
0.002266	5.920000	0.005600
0.002267	5.920000	0.005600
0.002268	5.920000	0.005200
0.002269	5.920000	0.005200
0.002270	5.920000	0.005200
0.002271	5.920000	0.004800
0.002272	5.920000	0.004800
0.002273	5.920000	0.004800
0.002274	5.920000	0.004400
0.002275	5.920000	0.004400
0.002276	5.920000	0.004000
0.002277	5.920000	0.004000
0.002278	5.920000	0.003600
0.002279	5.920000	0.003600
0.002280	5.920000	0.003200
0.002281	5.920000	0.002800
0.002282	5.920000	0.002800
0.002283	5.920000	0.002800
0.002284	5.920000	0.002400
0.002285	5.920000	0.002400
0.002286	5.920000	0.002000
0.002287	5.920000	0.001600
0.002288	5.920000	0.001600
0.002289	5.920000	0.001200
0.002290	5.920000	0.000800
0.002291	5.920000	0.000400
0.002292	5.920000	0.000400
0.002293	5.920000	0.000000
0.002294	5.920000	0.000000
0.002295	5.920000	-0.000800
0.002296	5.920000	-0.000800
0.002297	5.920000	-0.001200
0.002298	5.920000	-0.001600
0.002299	5.920000	-0.002000
0.002300	5.920000	-0.002000
0.002301	5.920000	-0.002400
0.002302	5.920000	-0.002800
0.002303	5.920000	-0.003200
0.002304	5.920000	-0.003200
0.002305	5.920000	-0.004000
0.002306	5.920000	-0.004000
0.002307	5.920000	-0.004400
0.002308	5.920000	-0.004800
0.002309	5.920000	-0.005200
0.002310	5.920000	-0.005600
0.002311	5.920000	-0.006000
0.002312	5.920000	-0.006400
0.002313	5.920000	-0.006800
0.002314	5.920000	-0.007200
0.002315	5.920000	-0.008000
0.002316	5.920000	-0.008400
0.002317	5.920000	-0.008800
0.002318	5.920000	-0.009200
0.002319	5.920000	-0.009600
0.002320	5.920000	-0.010000
0.002321	5.920000	-0.010400
0.002322	5.920000	-0.010800
0.002323	5.920000	-0.011200
0.002324	5.920000	-0.012000
0.002325	5.920000	-0.012400
0.002326	5.920000	-0.012800
0.002327	5.920000	-0.013200
0.002328	5.920000	-0.013600
0.002329	5.920000	-0.014400
0.002330	5.920000	-0.014800
0.002331	5.920000	-0.015200
0.002332	5.920000	-0.015600
0.002333	5.920000	-0.016000
0.002334	5.920000	-0.016400
0.002335	5.920000	-0.017200
0.002336	5.920000	-0.017600
0.002337	5.920000	-0.018000
0.002338	5.920000	-0.018800
0.002339	5.920000	-0.019200
0.002340	5.920000	-0.019600
0.002341	5.920000	-0.020400
0.002342	5.920000	-0.020800
0.002343	5.920000	-0.021200
0.002344	5.920000	-0.021600
0.002345	5.920000	-0.022400
0.002346	5.920000	-0.022800
0.002347	5.920000	-0.023600
0.002348	5.920000	-0.024000
0.002349	5.920000	-0.024400
0.002350	5.920000	-0.024800
0.002351	5.920000	-0.025600
0.002352	5.920000	-0.026000
0.002353	5.920000	-0.026400
0.002354	5.920000	-0.027200
0.002355	5.920000	-0.027600
0.002356	5.920000	-0.028000
0.002357	5.920000	-0.028800
0.002358	5.920000	-0.028800
0.002359	5.920000	-0.029600
0.002360	5.920000	-0.030000
0.002361	5.920000	-0.030400
0.002362	5.920000	-0.031200
0.002363	5.920000	-0.031600
0.002364	5.920000	-0.032000
0.002365	5.920000	-0.032400
0.002366	5.920000	-0.033200
0.002367	5.920000	-0.033600
0.002368	5.920000	-0.034000
0.002369	5.920000	-0.034400
0.002370	5.920000	-0.034800
0.002371	5.920000	-0.035200
0.002372	5.920000	-0.035600
0.002373	5.920000	-0.036400
0.002374	5.920000	-0.036800
0.002375	5.920000	-0.037200
0.002376	5.920000	-0.037600
0.002377	5.920000	-0.038000
0.002378	5.920000	-0.038400
0.002379	5.920000	-0.039200
0.002380	5.920000	-0.039200
0.002381	5.920000	-0.040000
0.002382	5.920000	-0.040000
0.002383	5.920000	-0.040800
0.002384	5.920000	-0.041200
0.002385	5.920000	-0.041600
0.002386	5.920000	-0.042000
0.002387	5.920000	-0.042400
0.002388	5.920000	-0.042800
0.002389	5.920000	-0.043200
0.002390	5.920000	-0.043600
0.002391	5.920000	-0.044000
0.002392	5.920000	-0.044400
0.002393	5.920000	-0.044800
0.002394	5.920000	-0.045200
0.002395	5.920000	-0.045200
0.002396	5.920000	-0.045600
0.002397	5.920000	-0.046000
0.002398	5.920000	-0.046400
0.002399	5.920000	-0.046800
0.002400	5.920000	-0.046800
0.002401	5.920000	-0.047200
0.002402	5.920000	-0.047600
0.002403	5.920000	-0.048000
0.002404	5.920000	-0.048400
0.002405	5.920000	-0.048400
0.002406	5.920000	-0.048800
0.002407	5.920000	-0.048800
0.002408	5.920000	-0.049200
0.002409	5.920000	-0.049200
0.002410	5.920000	-0.049600
0.002411	5.920000	-0.050000
0.002412	5.920000	-0.050000
0.002413	5.920000	-0.050400
0.002414	5.920000	-0.050800
0.002415	5.920000	-0.050800
0.002416	5.920000	-0.051200
0.002417	5.920000	-0.051200
0.002418	5.920000	-0.051600
0.002419	5.920000	-0.051600
0.002420	5.920000	-0.052000
0.002421	5.920000	-0.052000
0.002422	5.920000	-0.052400
0.002423	5.920000	-0.052400
0.002424	5.920000	-0.052800
0.002425	5.920000	-0.052800
0.002426	5.920000	-0.052800
0.002427	5.920000	-0.053200
0.002428	5.920000	-0.053200
0.002429	5.920000	-0.053200
0.002430	5.920000	-0.053600
0.002431	5.920000	-0.053600
0.002432	5.920000	-0.054000
0.002433	5.920000	-0.054000
0.002434	5.920000	-0.054000
0.002435	5.920000	-0.054400
0.002436	5.920000	-0.054400
0.002437	5.920000	-0.054400
0.002438	5.920000	-0.054800
0.002439	5.920000	-0.054800
0.002440	5.920000	-0.054800
0.002441	5.920000	-0.054800
0.002442	5.920000	-0.055200
0.002443	5.920000	-0.055200
0.002444	5.920000	-0.055200
0.002445	5.920000	-0.055200
0.002446	5.920000	-0.055200
0.002447	5.920000	-0.055600
0.002448	5.920000	-0.055600
0.002449	5.920000	-0.055600
0.002450	5.920000	-0.055600
0.002451	5.920000	-0.055600
0.002452	5.920000	-0.055600
0.002453	5.920000	-0.055600
0.002454	5.920000	-0.055600
0.002455	5.920000	-0.055600
0.002456	5.920000	-0.056000
0.002457	5.920000	-0.056000
0.002458	5.920000	-0.056000
0.002459	5.920000	-0.056000
0.002460	5.920000	-0.056000
0.002461	5.920000	-0.056000
0.002462	5.920000	-0.056000
0.002463	5.920000	-0.056000
0.002464	5.920000	-0.056000
0.002465	5.920000	-0.056000
0.002466	5.920000	-0.056000
0.002467	5.920000	-0.056000
0.002468	5.920000	-0.056000
0.002469	5.920000	-0.056000
0.002470	5.920000	-0.056000
0.002471	5.920000	-0.056000
0.002472	5.920000	-0.056000
0.002473	5.920000	-0.056000
0.002474	5.920000	-0.056000
0.002475	5.920000	-0.056000
0.002476	5.920000	-0.056000
0.002477	5.920000	-0.056000
0.002478	5.920000	-0.056000
0.002479	5.920000	-0.056000
0.002480	5.920000	-0.056000
0.002481	5.920000	-0.056000
0.002482	5.920000	-0.056000
0.002483	5.920000	-0.055600
0.002484	5.920000	-0.055600
0.002485	5.920000	-0.055600
0.002486	5.920000	-0.055600
0.002487	5.920000	-0.055600
0.002488	5.920000	-0.055600
0.002489	5.920000	-0.055600
0.002490	5.920000	-0.055600
0.002491	5.920000	-0.055600
0.002492	5.920000	-0.055200
0.002493	5.920000	-0.055200
0.002494	5.920000	-0.055200
0.002495	5.920000	-0.055200
0.002496	5.920000	-0.055600
0.002497	5.920000	-0.055200
0.002498	5.920000	-0.055200
0.002499	5.920000	-0.055200
