0.000000	2.480000
2.000000E-6	2.480000
4.000000E-6	2.480000
6.000000E-6	2.480000
8.000000E-6	2.480000
1.000000E-5	2.480000
1.200000E-5	2.480000
1.400000E-5	2.480000
1.600000E-5	2.480000
1.800000E-5	2.480000
2.000000E-5	2.480000
2.200000E-5	2.480000
2.400000E-5	2.480000
2.600000E-5	2.480000
2.800000E-5	2.480000
3.000000E-5	2.480000
3.200000E-5	2.480000
3.400000E-5	2.480000
3.600000E-5	2.480000
3.800000E-5	2.480000
4.000000E-5	2.480000
4.200000E-5	2.480000
4.400000E-5	2.480000
4.600000E-5	2.480000
4.800000E-5	2.480000
5.000000E-5	2.480000
5.200000E-5	2.480000
5.400000E-5	2.480000
5.600000E-5	2.480000
5.800000E-5	2.480000
6.000000E-5	2.480000
6.200000E-5	2.480000
6.400000E-5	2.480000
6.600000E-5	2.480000
6.800000E-5	2.480000
7.000000E-5	2.480000
7.200000E-5	2.480000
7.400000E-5	2.480000
7.600000E-5	2.480000
7.800000E-5	2.480000
8.000000E-5	2.480000
8.200000E-5	2.480000
8.400000E-5	2.480000
8.600000E-5	2.480000
8.800000E-5	2.480000
9.000000E-5	2.480000
9.200000E-5	2.480000
9.400000E-5	2.480000
9.600000E-5	2.480000
9.800000E-5	2.480000
0.000100	5.820000
0.000102	6.480000
0.000104	6.500000
0.000106	6.540000
0.000108	6.560000
0.000110	6.560000
0.000112	6.580000
0.000114	6.580000
0.000116	6.580000
0.000118	6.580000
0.000120	6.580000
0.000122	6.600000
0.000124	6.580000
0.000126	6.580000
0.000128	6.580000
0.000130	6.580000
0.000132	6.600000
0.000134	6.600000
0.000136	6.580000
0.000138	6.580000
0.000140	6.580000
0.000142	6.580000
0.000144	6.580000
0.000146	6.580000
0.000148	6.580000
0.000150	6.580000
0.000152	6.580000
0.000154	6.580000
0.000156	6.580000
0.000158	6.580000
0.000160	6.580000
0.000162	6.580000
0.000164	6.580000
0.000166	6.580000
0.000168	6.580000
0.000170	6.580000
0.000172	6.580000
0.000174	6.580000
0.000176	6.580000
0.000178	6.560000
0.000180	6.580000
0.000182	6.560000
0.000184	6.560000
0.000186	6.560000
0.000188	6.560000
0.000190	6.560000
0.000192	6.560000
0.000194	6.560000
0.000196	6.560000
0.000198	6.560000
0.000200	6.560000
0.000202	6.560000
0.000204	6.560000
0.000206	6.560000
0.000208	6.560000
0.000210	6.540000
0.000212	6.560000
0.000214	6.560000
0.000216	6.560000
0.000218	6.540000
0.000220	6.540000
0.000222	6.540000
0.000224	6.540000
0.000226	6.540000
0.000228	6.540000
0.000230	6.540000
0.000232	6.540000
0.000234	6.540000
0.000236	6.540000
0.000238	6.540000
0.000240	6.540000
0.000242	6.540000
0.000244	6.540000
0.000246	6.540000
0.000248	6.540000
0.000250	6.520000
0.000252	6.520000
0.000254	6.520000
0.000256	6.520000
0.000258	6.520000
0.000260	6.520000
0.000262	6.520000
0.000264	6.520000
0.000266	6.520000
0.000268	6.520000
0.000270	6.520000
0.000272	6.520000
0.000274	6.520000
0.000276	6.520000
0.000278	6.500000
0.000280	6.500000
0.000282	6.500000
0.000284	6.500000
0.000286	6.500000
0.000288	6.500000
0.000290	6.500000
0.000292	6.500000
0.000294	6.500000
0.000296	6.500000
0.000298	6.500000
0.000300	6.500000
0.000302	6.500000
0.000304	6.500000
0.000306	6.500000
0.000308	6.500000
0.000310	6.500000
0.000312	6.500000
0.000314	6.500000
0.000316	6.500000
0.000318	6.500000
0.000320	6.500000
0.000322	6.480000
0.000324	6.500000
0.000326	6.480000
0.000328	6.480000
0.000330	6.480000
0.000332	6.480000
0.000334	6.480000
0.000336	6.480000
0.000338	6.480000
0.000340	6.480000
0.000342	6.480000
0.000344	6.480000
0.000346	6.480000
0.000348	6.480000
0.000350	6.480000
0.000352	6.480000
0.000354	6.480000
0.000356	6.480000
0.000358	6.460000
0.000360	6.480000
0.000362	6.460000
0.000364	6.460000
0.000366	6.460000
0.000368	6.460000
0.000370	6.460000
0.000372	6.460000
0.000374	6.460000
0.000376	6.460000
0.000378	6.460000
0.000380	6.460000
0.000382	6.460000
0.000384	6.460000
0.000386	6.460000
0.000388	6.460000
0.000390	6.460000
0.000392	6.460000
0.000394	6.460000
0.000396	6.460000
0.000398	6.460000
0.000400	6.460000
0.000402	6.460000
0.000404	6.460000
0.000406	6.460000
0.000408	6.460000
0.000410	6.460000
0.000412	6.460000
0.000414	6.440000
0.000416	6.440000
0.000418	6.460000
0.000420	6.440000
0.000422	6.440000
0.000424	6.440000
0.000426	6.440000
0.000428	6.440000
0.000430	6.440000
0.000432	6.440000
0.000434	6.440000
0.000436	6.440000
0.000438	6.440000
0.000440	6.440000
0.000442	6.440000
0.000444	6.440000
0.000446	6.440000
0.000448	6.440000
0.000450	6.440000
0.000452	6.440000
0.000454	6.420000
0.000456	6.420000
0.000458	6.420000
0.000460	6.420000
0.000462	6.420000
0.000464	6.420000
0.000466	6.420000
0.000468	6.420000
0.000470	6.420000
0.000472	6.420000
0.000474	6.420000
0.000476	6.420000
0.000478	6.420000
0.000480	6.420000
0.000482	6.420000
0.000484	6.420000
0.000486	6.420000
0.000488	6.420000
0.000490	6.420000
0.000492	6.420000
0.000494	6.400000
0.000496	6.420000
0.000498	6.420000
0.000500	6.400000
0.000502	6.400000
0.000504	6.400000
0.000506	6.400000
0.000508	6.400000
0.000510	6.400000
0.000512	6.400000
0.000514	6.400000
0.000516	6.400000
0.000518	6.400000
0.000520	6.400000
0.000522	6.400000
0.000524	6.400000
0.000526	6.400000
0.000528	6.400000
0.000530	6.400000
0.000532	6.400000
0.000534	6.400000
0.000536	6.400000
0.000538	6.400000
0.000540	6.400000
0.000542	6.400000
0.000544	6.400000
0.000546	6.380000
0.000548	6.400000
0.000550	6.400000
0.000552	6.380000
0.000554	6.380000
0.000556	6.380000
0.000558	6.380000
0.000560	6.380000
0.000562	6.380000
0.000564	6.380000
0.000566	6.380000
0.000568	6.380000
0.000570	6.380000
0.000572	6.380000
0.000574	6.380000
0.000576	6.380000
0.000578	6.380000
0.000580	6.380000
0.000582	6.380000
0.000584	6.380000
0.000586	6.380000
0.000588	6.380000
0.000590	6.380000
0.000592	6.380000
0.000594	6.380000
0.000596	6.360000
0.000598	6.380000
0.000600	6.360000
0.000602	6.360000
0.000604	6.360000
0.000606	6.360000
0.000608	6.360000
0.000610	6.360000
0.000612	6.360000
0.000614	6.360000
0.000616	6.360000
0.000618	6.360000
0.000620	6.360000
0.000622	6.360000
0.000624	6.360000
0.000626	6.360000
0.000628	6.360000
0.000630	6.360000
0.000632	6.360000
0.000634	6.360000
0.000636	6.360000
0.000638	6.360000
0.000640	6.360000
0.000642	6.360000
0.000644	6.360000
0.000646	6.360000
0.000648	6.360000
0.000650	6.360000
0.000652	6.360000
0.000654	6.360000
0.000656	6.360000
0.000658	6.360000
0.000660	6.360000
0.000662	6.340000
0.000664	6.340000
0.000666	6.340000
0.000668	6.340000
0.000670	6.340000
0.000672	6.340000
0.000674	6.340000
0.000676	6.340000
0.000678	6.340000
0.000680	6.340000
0.000682	6.340000
0.000684	6.340000
0.000686	6.340000
0.000688	6.340000
0.000690	6.340000
0.000692	6.340000
0.000694	6.340000
0.000696	6.340000
0.000698	6.340000
0.000700	6.340000
0.000702	6.340000
0.000704	6.340000
0.000706	6.340000
0.000708	6.320000
0.000710	6.320000
0.000712	6.320000
0.000714	6.320000
0.000716	6.320000
0.000718	6.320000
0.000720	6.320000
0.000722	6.320000
0.000724	6.320000
0.000726	6.320000
0.000728	6.320000
0.000730	6.320000
0.000732	6.320000
0.000734	6.320000
0.000736	6.320000
0.000738	6.320000
0.000740	6.320000
0.000742	6.320000
0.000744	6.320000
0.000746	6.320000
0.000748	6.320000
0.000750	6.320000
0.000752	6.320000
0.000754	6.320000
0.000756	6.320000
0.000758	6.320000
0.000760	6.320000
0.000762	6.300000
0.000764	6.300000
0.000766	6.320000
0.000768	6.300000
0.000770	6.300000
0.000772	6.300000
0.000774	6.300000
0.000776	6.300000
0.000778	6.300000
0.000780	6.300000
0.000782	6.300000
0.000784	6.300000
0.000786	6.300000
0.000788	6.300000
0.000790	6.300000
0.000792	6.300000
0.000794	6.300000
0.000796	6.300000
0.000798	6.300000
0.000800	6.300000
0.000802	6.300000
0.000804	6.300000
0.000806	6.300000
0.000808	6.300000
0.000810	6.300000
0.000812	6.300000
0.000814	6.300000
0.000816	6.300000
0.000818	6.300000
0.000820	6.300000
0.000822	6.300000
0.000824	6.300000
0.000826	6.300000
0.000828	6.300000
0.000830	6.300000
0.000832	6.300000
0.000834	6.300000
0.000836	6.300000
0.000838	6.300000
0.000840	6.300000
0.000842	6.300000
0.000844	6.300000
0.000846	6.300000
0.000848	6.300000
0.000850	6.300000
0.000852	6.300000
0.000854	6.300000
0.000856	6.300000
0.000858	6.300000
0.000860	6.300000
0.000862	6.300000
0.000864	6.280000
0.000866	6.300000
0.000868	6.300000
0.000870	6.280000
0.000872	6.280000
0.000874	6.280000
0.000876	6.280000
0.000878	6.280000
0.000880	6.280000
0.000882	6.280000
0.000884	6.280000
0.000886	6.280000
0.000888	6.280000
0.000890	6.280000
0.000892	6.280000
0.000894	6.280000
0.000896	6.280000
0.000898	6.280000
0.000900	6.280000
0.000902	6.280000
0.000904	6.280000
0.000906	6.280000
0.000908	6.280000
0.000910	6.280000
0.000912	6.280000
0.000914	6.280000
0.000916	6.280000
0.000918	6.280000
0.000920	6.280000
0.000922	6.280000
0.000924	6.280000
0.000926	6.280000
0.000928	6.280000
0.000930	6.260000
0.000932	6.260000
0.000934	6.260000
0.000936	6.260000
0.000938	6.260000
0.000940	6.260000
0.000942	6.260000
0.000944	6.260000
0.000946	6.260000
0.000948	6.260000
0.000950	6.260000
0.000952	6.260000
0.000954	6.260000
0.000956	6.260000
0.000958	6.260000
0.000960	6.260000
0.000962	6.260000
0.000964	6.260000
0.000966	6.260000
0.000968	6.260000
0.000970	6.260000
0.000972	6.260000
0.000974	6.260000
0.000976	6.260000
0.000978	6.260000
0.000980	6.260000
0.000982	6.260000
0.000984	6.260000
0.000986	6.260000
0.000988	6.260000
0.000990	6.260000
0.000992	6.260000
0.000994	6.260000
0.000996	6.260000
0.000998	6.260000
0.001000	6.260000
0.001002	6.240000
0.001004	6.260000
0.001006	6.240000
0.001008	6.240000
0.001010	6.240000
0.001012	6.240000
0.001014	6.240000
0.001016	6.240000
0.001018	6.240000
0.001020	6.240000
0.001022	6.240000
0.001024	6.240000
0.001026	6.240000
0.001028	6.240000
0.001030	6.240000
0.001032	6.240000
0.001034	6.240000
0.001036	6.240000
0.001038	6.240000
0.001040	6.240000
0.001042	6.240000
0.001044	6.240000
0.001046	6.240000
0.001048	6.240000
0.001050	6.240000
0.001052	6.240000
0.001054	6.240000
0.001056	6.240000
0.001058	6.240000
0.001060	6.240000
0.001062	6.220000
0.001064	6.240000
0.001066	6.220000
0.001068	6.240000
0.001070	6.220000
0.001072	6.220000
0.001074	6.220000
0.001076	6.220000
0.001078	6.220000
0.001080	6.220000
0.001082	6.220000
0.001084	6.220000
0.001086	6.220000
0.001088	6.220000
0.001090	6.220000
0.001092	6.220000
0.001094	6.220000
0.001096	6.220000
0.001098	6.220000
0.001100	6.220000
0.001102	6.220000
0.001104	6.220000
0.001106	6.220000
0.001108	6.220000
0.001110	6.220000
0.001112	6.220000
0.001114	6.220000
0.001116	6.220000
0.001118	6.220000
0.001120	6.220000
0.001122	6.220000
0.001124	6.220000
0.001126	6.220000
0.001128	6.220000
0.001130	6.220000
0.001132	6.200000
0.001134	6.200000
0.001136	6.220000
0.001138	6.220000
0.001140	6.220000
0.001142	6.200000
0.001144	6.200000
0.001146	6.200000
0.001148	6.200000
0.001150	6.200000
0.001152	6.200000
0.001154	6.200000
0.001156	6.200000
0.001158	6.200000
0.001160	6.200000
0.001162	6.200000
0.001164	6.200000
0.001166	6.200000
0.001168	6.200000
0.001170	6.200000
0.001172	6.200000
0.001174	6.200000
0.001176	6.200000
0.001178	6.200000
0.001180	6.200000
0.001182	6.200000
0.001184	6.200000
0.001186	6.200000
0.001188	6.200000
0.001190	6.200000
0.001192	6.200000
0.001194	6.200000
0.001196	6.200000
0.001198	6.200000
0.001200	6.200000
0.001202	6.200000
0.001204	6.200000
0.001206	6.200000
0.001208	6.200000
0.001210	6.200000
0.001212	6.200000
0.001214	6.180000
0.001216	6.200000
0.001218	6.180000
0.001220	6.180000
0.001222	6.200000
0.001224	6.180000
0.001226	6.200000
0.001228	6.180000
0.001230	6.180000
0.001232	6.180000
0.001234	6.180000
0.001236	6.180000
0.001238	6.180000
0.001240	6.180000
0.001242	6.180000
0.001244	6.180000
0.001246	6.180000
0.001248	6.180000
0.001250	6.180000
0.001252	6.180000
0.001254	6.180000
0.001256	6.180000
0.001258	6.180000
0.001260	6.180000
0.001262	6.180000
0.001264	6.180000
0.001266	6.180000
0.001268	6.180000
0.001270	6.180000
0.001272	6.180000
0.001274	6.180000
0.001276	6.180000
0.001278	6.180000
0.001280	6.180000
0.001282	6.180000
0.001284	6.180000
0.001286	6.180000
0.001288	6.180000
0.001290	6.180000
0.001292	6.160000
0.001294	6.160000
0.001296	6.180000
0.001298	6.180000
0.001300	6.160000
0.001302	6.160000
0.001304	6.160000
0.001306	6.160000
0.001308	6.160000
0.001310	6.160000
0.001312	6.160000
0.001314	6.160000
0.001316	6.160000
0.001318	6.160000
0.001320	6.160000
0.001322	6.160000
0.001324	6.160000
0.001326	6.160000
0.001328	6.160000
0.001330	6.160000
0.001332	6.160000
0.001334	6.160000
0.001336	6.160000
0.001338	6.160000
0.001340	6.160000
0.001342	6.160000
0.001344	6.160000
0.001346	6.160000
0.001348	6.160000
0.001350	6.160000
0.001352	6.160000
0.001354	6.160000
0.001356	6.160000
0.001358	6.160000
0.001360	6.160000
0.001362	6.160000
0.001364	6.160000
0.001366	6.160000
0.001368	6.160000
0.001370	6.160000
0.001372	6.160000
0.001374	6.160000
0.001376	6.160000
0.001378	6.160000
0.001380	6.160000
0.001382	6.160000
0.001384	6.160000
0.001386	6.160000
0.001388	6.160000
0.001390	6.160000
0.001392	6.160000
0.001394	6.160000
0.001396	6.160000
0.001398	6.160000
0.001400	6.160000
0.001402	6.160000
0.001404	6.160000
0.001406	6.140000
0.001408	6.140000
0.001410	6.160000
0.001412	6.160000
0.001414	6.160000
0.001416	6.160000
0.001418	6.140000
0.001420	6.140000
0.001422	6.140000
0.001424	6.140000
0.001426	6.140000
0.001428	6.140000
0.001430	6.140000
0.001432	6.140000
0.001434	6.140000
0.001436	6.140000
0.001438	6.140000
0.001440	6.140000
0.001442	6.140000
0.001444	6.140000
0.001446	6.140000
0.001448	6.140000
0.001450	6.140000
0.001452	6.140000
0.001454	6.140000
0.001456	6.140000
0.001458	6.140000
0.001460	6.140000
0.001462	6.140000
0.001464	6.140000
0.001466	6.140000
0.001468	6.140000
0.001470	6.140000
0.001472	6.140000
0.001474	6.140000
0.001476	6.140000
0.001478	6.140000
0.001480	6.140000
0.001482	6.140000
0.001484	6.140000
0.001486	6.120000
0.001488	6.120000
0.001490	6.140000
0.001492	6.140000
0.001494	6.120000
0.001496	6.120000
0.001498	6.120000
0.001500	6.120000
0.001502	6.140000
0.001504	6.120000
0.001506	6.120000
0.001508	6.120000
0.001510	6.120000
0.001512	6.120000
0.001514	6.120000
0.001516	6.120000
0.001518	6.120000
0.001520	6.120000
0.001522	6.120000
0.001524	6.120000
0.001526	6.120000
0.001528	6.120000
0.001530	6.120000
0.001532	6.120000
0.001534	6.120000
0.001536	6.120000
0.001538	6.120000
0.001540	6.120000
0.001542	6.120000
0.001544	6.120000
0.001546	6.120000
0.001548	6.120000
0.001550	6.120000
0.001552	6.120000
0.001554	6.120000
0.001556	6.120000
0.001558	6.120000
0.001560	6.120000
0.001562	6.120000
0.001564	6.120000
0.001566	6.120000
0.001568	6.120000
0.001570	6.120000
0.001572	6.120000
0.001574	6.120000
0.001576	6.120000
0.001578	6.120000
0.001580	6.120000
0.001582	6.100000
0.001584	6.120000
0.001586	6.120000
0.001588	6.120000
0.001590	6.120000
0.001592	6.120000
0.001594	6.100000
0.001596	6.120000
0.001598	6.120000
0.001600	6.100000
0.001602	6.100000
0.001604	6.100000
0.001606	6.120000
0.001608	6.100000
0.001610	6.100000
0.001612	6.100000
0.001614	6.100000
0.001616	6.100000
0.001618	6.100000
0.001620	6.100000
0.001622	6.100000
0.001624	6.100000
0.001626	6.100000
0.001628	6.100000
0.001630	6.100000
0.001632	6.100000
0.001634	6.100000
0.001636	6.100000
0.001638	6.100000
0.001640	6.100000
0.001642	6.100000
0.001644	6.100000
0.001646	6.100000
0.001648	6.100000
0.001650	6.100000
0.001652	6.100000
0.001654	6.100000
0.001656	6.100000
0.001658	6.100000
0.001660	6.100000
0.001662	6.100000
0.001664	6.080000
0.001666	6.100000
0.001668	6.100000
0.001670	6.100000
0.001672	6.100000
0.001674	6.100000
0.001676	6.080000
0.001678	6.080000
0.001680	6.100000
0.001682	6.080000
0.001684	6.080000
0.001686	6.100000
0.001688	6.080000
0.001690	6.080000
0.001692	6.080000
0.001694	6.080000
0.001696	6.080000
0.001698	6.080000
0.001700	6.080000
0.001702	6.080000
0.001704	6.080000
0.001706	6.080000
0.001708	6.080000
0.001710	6.080000
0.001712	6.080000
0.001714	6.080000
0.001716	6.080000
0.001718	6.080000
0.001720	6.080000
0.001722	6.080000
0.001724	6.080000
0.001726	6.080000
0.001728	6.080000
0.001730	6.080000
0.001732	6.080000
0.001734	6.080000
0.001736	6.080000
0.001738	6.080000
0.001740	6.080000
0.001742	6.080000
0.001744	6.080000
0.001746	6.080000
0.001748	6.080000
0.001750	6.080000
0.001752	6.080000
0.001754	6.080000
0.001756	6.080000
0.001758	6.080000
0.001760	6.080000
0.001762	6.080000
0.001764	6.080000
0.001766	6.060000
0.001768	6.080000
0.001770	6.080000
0.001772	6.060000
0.001774	6.080000
0.001776	6.060000
0.001778	6.060000
0.001780	6.060000
0.001782	6.060000
0.001784	6.060000
0.001786	6.080000
0.001788	6.060000
0.001790	6.060000
0.001792	6.060000
0.001794	6.060000
0.001796	6.060000
0.001798	6.060000
0.001800	6.060000
0.001802	6.060000
0.001804	6.060000
0.001806	6.060000
0.001808	6.060000
0.001810	6.060000
0.001812	6.060000
0.001814	6.060000
0.001816	6.060000
0.001818	6.060000
0.001820	6.060000
0.001822	6.060000
0.001824	6.060000
0.001826	6.060000
0.001828	6.060000
0.001830	6.060000
0.001832	6.060000
0.001834	6.060000
0.001836	6.060000
0.001838	6.060000
0.001840	6.060000
0.001842	6.060000
0.001844	6.060000
0.001846	6.060000
0.001848	6.060000
0.001850	6.060000
0.001852	6.060000
0.001854	6.060000
0.001856	6.060000
0.001858	6.060000
0.001860	6.060000
0.001862	6.060000
0.001864	6.060000
0.001866	6.060000
0.001868	6.060000
0.001870	6.060000
0.001872	6.060000
0.001874	6.060000
0.001876	6.040000
0.001878	6.060000
0.001880	6.060000
0.001882	6.060000
0.001884	6.060000
0.001886	6.060000
0.001888	6.060000
0.001890	6.040000
0.001892	6.040000
0.001894	6.060000
0.001896	6.040000
0.001898	6.040000
0.001900	6.040000
0.001902	6.040000
0.001904	6.040000
0.001906	6.040000
0.001908	6.040000
0.001910	6.040000
0.001912	6.040000
0.001914	6.040000
0.001916	6.040000
0.001918	6.040000
0.001920	6.040000
0.001922	6.040000
0.001924	6.040000
0.001926	6.040000
0.001928	6.040000
0.001930	6.040000
0.001932	6.040000
0.001934	6.040000
0.001936	6.040000
0.001938	6.040000
0.001940	6.040000
0.001942	6.040000
0.001944	6.040000
0.001946	6.040000
0.001948	6.040000
0.001950	6.040000
0.001952	6.040000
0.001954	6.040000
0.001956	6.040000
0.001958	6.040000
0.001960	6.040000
0.001962	6.040000
0.001964	6.040000
0.001966	6.040000
0.001968	6.040000
0.001970	6.040000
0.001972	6.040000
0.001974	6.040000
0.001976	6.040000
0.001978	6.040000
0.001980	6.040000
0.001982	6.040000
0.001984	6.020000
0.001986	6.020000
0.001988	6.040000
0.001990	6.020000
0.001992	6.040000
0.001994	6.040000
0.001996	6.020000
0.001998	6.040000
0.002000	6.020000
0.002002	6.020000
0.002004	6.020000
0.002006	6.020000
0.002008	6.040000
0.002010	6.020000
0.002012	6.020000
0.002014	6.020000
0.002016	6.020000
0.002018	6.020000
0.002020	6.020000
0.002022	6.020000
0.002024	6.020000
0.002026	6.020000
0.002028	6.020000
0.002030	6.020000
0.002032	6.020000
0.002034	6.020000
0.002036	6.020000
0.002038	6.020000
0.002040	6.020000
0.002042	6.020000
0.002044	6.020000
0.002046	6.020000
0.002048	6.020000
0.002050	6.020000
0.002052	6.020000
0.002054	6.020000
0.002056	6.020000
0.002058	6.020000
0.002060	6.020000
0.002062	6.020000
0.002064	6.020000
0.002066	6.020000
0.002068	6.020000
0.002070	6.020000
0.002072	6.020000
0.002074	6.020000
0.002076	6.020000
0.002078	6.020000
0.002080	6.020000
0.002082	6.020000
0.002084	6.020000
0.002086	6.020000
0.002088	6.020000
0.002090	6.020000
0.002092	6.020000
0.002094	6.020000
0.002096	6.020000
0.002098	6.020000
0.002100	6.020000
0.002102	6.020000
0.002104	6.020000
0.002106	6.000000
0.002108	6.020000
0.002110	6.020000
0.002112	6.020000
0.002114	6.020000
0.002116	6.000000
0.002118	6.000000
0.002120	6.020000
0.002122	6.020000
0.002124	6.000000
0.002126	6.000000
0.002128	6.000000
0.002130	6.000000
0.002132	6.000000
0.002134	6.000000
0.002136	6.000000
0.002138	6.000000
0.002140	6.000000
0.002142	6.000000
0.002144	6.000000
0.002146	6.000000
0.002148	6.000000
0.002150	6.000000
0.002152	6.000000
0.002154	6.000000
0.002156	6.000000
0.002158	6.000000
0.002160	6.000000
0.002162	6.000000
0.002164	6.000000
0.002166	6.000000
0.002168	6.000000
0.002170	6.000000
0.002172	6.000000
0.002174	6.000000
0.002176	6.000000
0.002178	6.000000
0.002180	6.000000
0.002182	6.000000
0.002184	6.000000
0.002186	6.000000
0.002188	6.000000
0.002190	6.000000
0.002192	6.000000
0.002194	6.000000
0.002196	6.000000
0.002198	6.000000
0.002200	6.000000
0.002202	6.000000
0.002204	6.000000
0.002206	6.000000
0.002208	6.000000
0.002210	6.000000
0.002212	6.000000
0.002214	6.000000
0.002216	6.000000
0.002218	6.000000
0.002220	6.000000
0.002222	6.000000
0.002224	6.000000
0.002226	6.000000
0.002228	6.000000
0.002230	5.980000
0.002232	6.000000
0.002234	5.980000
0.002236	6.000000
0.002238	5.980000
0.002240	5.980000
0.002242	6.000000
0.002244	5.980000
0.002246	6.000000
0.002248	5.980000
0.002250	5.980000
0.002252	5.980000
0.002254	5.980000
0.002256	5.980000
0.002258	5.980000
0.002260	5.980000
0.002262	5.980000
0.002264	5.980000
0.002266	5.980000
0.002268	5.980000
0.002270	5.980000
0.002272	5.980000
0.002274	5.980000
0.002276	5.980000
0.002278	5.980000
0.002280	5.980000
0.002282	5.980000
0.002284	5.980000
0.002286	5.980000
0.002288	5.980000
0.002290	5.980000
0.002292	5.980000
0.002294	5.980000
0.002296	5.980000
0.002298	5.980000
0.002300	5.980000
0.002302	5.980000
0.002304	5.980000
0.002306	5.980000
0.002308	5.980000
0.002310	5.980000
0.002312	5.980000
0.002314	5.980000
0.002316	5.980000
0.002318	5.980000
0.002320	5.980000
0.002322	5.980000
0.002324	5.980000
0.002326	5.980000
0.002328	5.980000
0.002330	5.980000
0.002332	5.980000
0.002334	5.960000
0.002336	5.980000
0.002338	5.960000
0.002340	5.960000
0.002342	5.960000
0.002344	5.980000
0.002346	5.980000
0.002348	5.960000
0.002350	5.960000
0.002352	5.960000
0.002354	5.960000
0.002356	5.960000
0.002358	5.960000
0.002360	5.960000
0.002362	5.960000
0.002364	5.960000
0.002366	5.960000
0.002368	5.960000
0.002370	5.960000
0.002372	5.960000
0.002374	5.960000
0.002376	5.960000
0.002378	5.960000
0.002380	5.960000
0.002382	5.960000
0.002384	5.960000
0.002386	5.960000
0.002388	5.960000
0.002390	5.960000
0.002392	5.960000
0.002394	5.960000
0.002396	5.960000
0.002398	5.960000
0.002400	5.960000
0.002402	5.960000
0.002404	5.960000
0.002406	5.960000
0.002408	5.960000
0.002410	5.960000
0.002412	5.960000
0.002414	5.960000
0.002416	5.960000
0.002418	5.960000
0.002420	5.960000
0.002422	5.960000
0.002424	5.960000
0.002426	5.960000
0.002428	5.960000
0.002430	5.960000
0.002432	5.960000
0.002434	5.960000
0.002436	5.960000
0.002438	5.960000
0.002440	5.960000
0.002442	5.960000
0.002444	5.960000
0.002446	5.960000
0.002448	5.960000
0.002450	5.960000
0.002452	5.960000
0.002454	5.960000
0.002456	5.960000
0.002458	5.960000
0.002460	5.960000
0.002462	5.960000
0.002464	5.960000
0.002466	5.960000
0.002468	5.960000
0.002470	5.960000
0.002472	5.960000
0.002474	5.960000
0.002476	5.960000
0.002478	5.960000
0.002480	5.960000
0.002482	5.960000
0.002484	5.960000
0.002486	5.960000
0.002488	5.960000
0.002490	5.960000
0.002492	5.940000
0.002494	5.940000
0.002496	5.960000
0.002498	5.940000
0.002500	5.960000
0.002502	5.960000
0.002504	5.940000
0.002506	5.940000
0.002508	5.940000
0.002510	5.940000
0.002512	5.960000
0.002514	5.940000
0.002516	5.940000
0.002518	5.940000
0.002520	5.940000
0.002522	5.940000
0.002524	5.940000
0.002526	5.940000
0.002528	5.940000
0.002530	5.940000
0.002532	5.940000
0.002534	5.940000
0.002536	5.940000
0.002538	5.940000
0.002540	5.940000
0.002542	5.940000
0.002544	5.940000
0.002546	5.940000
0.002548	5.940000
0.002550	5.940000
0.002552	5.940000
0.002554	5.940000
0.002556	5.940000
0.002558	5.940000
0.002560	5.940000
0.002562	5.940000
0.002564	5.940000
0.002566	5.940000
0.002568	5.940000
0.002570	5.940000
0.002572	5.940000
0.002574	5.940000
0.002576	5.940000
0.002578	5.940000
0.002580	5.940000
0.002582	5.940000
0.002584	5.940000
0.002586	5.940000
0.002588	5.940000
0.002590	5.940000
0.002592	5.940000
0.002594	5.940000
0.002596	5.940000
0.002598	5.940000
0.002600	5.940000
0.002602	5.940000
0.002604	5.940000
0.002606	5.920000
0.002608	5.940000
0.002610	5.940000
0.002612	5.920000
0.002614	5.920000
0.002616	5.920000
0.002618	5.920000
0.002620	5.940000
0.002622	5.940000
0.002624	5.920000
0.002626	5.940000
0.002628	5.920000
0.002630	5.940000
0.002632	5.920000
0.002634	5.920000
0.002636	5.920000
0.002638	5.920000
0.002640	5.920000
0.002642	5.920000
0.002644	5.920000
0.002646	5.920000
0.002648	5.920000
0.002650	5.920000
0.002652	5.920000
0.002654	5.920000
0.002656	5.920000
0.002658	5.920000
0.002660	5.920000
0.002662	5.920000
0.002664	5.920000
0.002666	5.920000
0.002668	5.920000
0.002670	5.920000
0.002672	5.920000
0.002674	5.920000
0.002676	5.920000
0.002678	5.920000
0.002680	5.920000
0.002682	5.920000
0.002684	5.920000
0.002686	5.920000
0.002688	5.920000
0.002690	5.920000
0.002692	5.920000
0.002694	5.920000
0.002696	5.920000
0.002698	5.920000
0.002700	5.920000
0.002702	5.920000
0.002704	5.920000
0.002706	5.920000
0.002708	5.920000
0.002710	5.920000
0.002712	5.920000
0.002714	5.920000
0.002716	5.920000
0.002718	5.920000
0.002720	5.920000
0.002722	5.920000
0.002724	5.920000
0.002726	5.920000
0.002728	5.920000
0.002730	5.920000
0.002732	5.920000
0.002734	5.920000
0.002736	5.920000
0.002738	5.920000
0.002740	5.920000
0.002742	5.920000
0.002744	5.920000
0.002746	5.920000
0.002748	5.920000
0.002750	5.920000
0.002752	5.920000
0.002754	5.920000
0.002756	5.920000
0.002758	5.920000
0.002760	5.920000
0.002762	5.920000
0.002764	5.920000
0.002766	5.920000
0.002768	5.900000
0.002770	5.900000
0.002772	5.920000
0.002774	5.920000
0.002776	5.920000
0.002778	5.900000
0.002780	5.900000
0.002782	5.920000
0.002784	5.900000
0.002786	5.900000
0.002788	5.900000
0.002790	5.900000
0.002792	5.900000
0.002794	5.900000
0.002796	5.900000
0.002798	5.920000
0.002800	5.900000
0.002802	5.900000
0.002804	5.900000
0.002806	5.900000
0.002808	5.900000
0.002810	5.900000
0.002812	5.900000
0.002814	5.900000
0.002816	5.900000
0.002818	5.900000
0.002820	5.900000
0.002822	5.900000
0.002824	5.900000
0.002826	5.900000
0.002828	5.900000
0.002830	5.900000
0.002832	5.900000
0.002834	5.900000
0.002836	5.900000
0.002838	5.900000
0.002840	5.900000
0.002842	5.900000
0.002844	5.900000
0.002846	5.900000
0.002848	5.900000
0.002850	5.900000
0.002852	5.900000
0.002854	5.900000
0.002856	5.900000
0.002858	5.900000
0.002860	5.900000
0.002862	5.900000
0.002864	5.900000
0.002866	5.900000
0.002868	5.900000
0.002870	5.900000
0.002872	5.900000
0.002874	5.900000
0.002876	5.900000
0.002878	5.900000
0.002880	5.900000
0.002882	5.900000
0.002884	5.900000
0.002886	5.900000
0.002888	5.900000
0.002890	5.900000
0.002892	5.900000
0.002894	5.900000
0.002896	5.900000
0.002898	5.900000
0.002900	5.900000
0.002902	5.900000
0.002904	5.900000
0.002906	5.900000
0.002908	5.880000
0.002910	5.880000
0.002912	5.880000
0.002914	5.900000
0.002916	5.880000
0.002918	5.900000
0.002920	5.880000
0.002922	5.880000
0.002924	5.900000
0.002926	5.900000
0.002928	5.880000
0.002930	5.900000
0.002932	5.900000
0.002934	5.880000
0.002936	5.880000
0.002938	5.880000
0.002940	5.900000
0.002942	5.880000
0.002944	5.880000
0.002946	5.880000
0.002948	5.880000
0.002950	5.880000
0.002952	5.880000
0.002954	5.880000
0.002956	5.880000
0.002958	5.880000
0.002960	5.880000
0.002962	5.880000
0.002964	5.880000
0.002966	5.880000
0.002968	5.880000
0.002970	5.880000
0.002972	5.880000
0.002974	5.880000
0.002976	5.880000
0.002978	5.880000
0.002980	5.880000
0.002982	5.880000
0.002984	5.880000
0.002986	5.880000
0.002988	5.880000
0.002990	5.880000
0.002992	5.880000
0.002994	5.880000
0.002996	5.880000
0.002998	5.880000
0.003000	5.880000
0.003002	5.880000
0.003004	5.880000
0.003006	5.880000
0.003008	5.880000
0.003010	5.880000
0.003012	5.880000
0.003014	5.880000
0.003016	5.880000
0.003018	5.880000
0.003020	5.880000
0.003022	5.880000
0.003024	5.880000
0.003026	5.880000
0.003028	5.880000
0.003030	5.880000
0.003032	5.880000
0.003034	5.880000
0.003036	5.880000
0.003038	5.880000
0.003040	5.880000
0.003042	5.880000
0.003044	5.880000
0.003046	5.880000
0.003048	5.880000
0.003050	5.860000
0.003052	5.880000
0.003054	5.880000
0.003056	5.880000
0.003058	5.880000
0.003060	5.860000
0.003062	5.880000
0.003064	5.860000
0.003066	5.880000
0.003068	5.880000
0.003070	5.880000
0.003072	5.880000
0.003074	5.880000
0.003076	5.880000
0.003078	5.880000
0.003080	5.860000
0.003082	5.860000
0.003084	5.880000
0.003086	5.860000
0.003088	5.860000
0.003090	5.860000
0.003092	5.860000
0.003094	5.860000
0.003096	5.860000
0.003098	5.860000
0.003100	5.860000
0.003102	5.860000
0.003104	5.860000
0.003106	5.860000
0.003108	5.860000
0.003110	5.860000
0.003112	5.860000
0.003114	5.860000
0.003116	5.860000
0.003118	5.860000
0.003120	5.860000
0.003122	5.860000
0.003124	5.860000
0.003126	5.860000
0.003128	5.860000
0.003130	5.860000
0.003132	5.860000
0.003134	5.860000
0.003136	5.860000
0.003138	5.860000
0.003140	5.860000
0.003142	5.860000
0.003144	5.860000
0.003146	5.860000
0.003148	5.860000
0.003150	5.860000
0.003152	5.860000
0.003154	5.860000
0.003156	5.860000
0.003158	5.860000
0.003160	5.860000
0.003162	5.860000
0.003164	5.860000
0.003166	5.860000
0.003168	5.860000
0.003170	5.860000
0.003172	5.860000
0.003174	5.860000
0.003176	5.860000
0.003178	5.860000
0.003180	5.860000
0.003182	5.860000
0.003184	5.860000
0.003186	5.860000
0.003188	5.860000
0.003190	5.860000
0.003192	5.860000
0.003194	5.860000
0.003196	5.860000
0.003198	5.860000
0.003200	5.860000
0.003202	5.860000
0.003204	5.860000
0.003206	5.860000
0.003208	5.860000
0.003210	5.860000
0.003212	5.860000
0.003214	5.860000
0.003216	5.860000
0.003218	5.860000
0.003220	5.860000
0.003222	5.860000
0.003224	5.860000
0.003226	5.860000
0.003228	5.860000
0.003230	5.860000
0.003232	5.860000
0.003234	5.860000
0.003236	5.860000
0.003238	5.860000
0.003240	5.860000
0.003242	5.860000
0.003244	5.860000
0.003246	5.860000
0.003248	5.860000
0.003250	5.860000
0.003252	5.840000
0.003254	5.860000
0.003256	5.860000
0.003258	5.860000
0.003260	5.860000
0.003262	5.860000
0.003264	5.860000
0.003266	5.860000
0.003268	5.860000
0.003270	5.860000
0.003272	5.840000
0.003274	5.840000
0.003276	5.840000
0.003278	5.840000
0.003280	5.840000
0.003282	5.840000
0.003284	5.840000
0.003286	5.840000
0.003288	5.840000
0.003290	5.860000
0.003292	5.840000
0.003294	5.860000
0.003296	5.840000
0.003298	5.840000
0.003300	5.840000
0.003302	5.840000
0.003304	5.840000
0.003306	5.840000
0.003308	5.840000
0.003310	5.840000
0.003312	5.840000
0.003314	5.840000
0.003316	5.840000
0.003318	5.840000
0.003320	5.840000
0.003322	5.840000
0.003324	5.840000
0.003326	5.840000
0.003328	5.840000
0.003330	5.840000
0.003332	5.840000
0.003334	5.840000
0.003336	5.840000
0.003338	5.840000
0.003340	5.840000
0.003342	5.840000
0.003344	5.840000
0.003346	5.840000
0.003348	5.840000
0.003350	5.840000
0.003352	5.840000
0.003354	5.840000
0.003356	5.840000
0.003358	5.840000
0.003360	5.840000
0.003362	5.840000
0.003364	5.840000
0.003366	5.840000
0.003368	5.840000
0.003370	5.840000
0.003372	5.840000
0.003374	5.840000
0.003376	5.840000
0.003378	5.840000
0.003380	5.840000
0.003382	5.840000
0.003384	5.840000
0.003386	5.840000
0.003388	5.840000
0.003390	5.840000
0.003392	5.840000
0.003394	5.840000
0.003396	5.840000
0.003398	5.840000
0.003400	5.840000
0.003402	5.840000
0.003404	5.840000
0.003406	5.840000
0.003408	5.840000
0.003410	5.840000
0.003412	5.840000
0.003414	5.840000
0.003416	5.840000
0.003418	5.820000
0.003420	5.820000
0.003422	5.820000
0.003424	5.840000
0.003426	5.820000
0.003428	5.820000
0.003430	5.820000
0.003432	5.840000
0.003434	5.840000
0.003436	5.840000
0.003438	5.840000
0.003440	5.840000
0.003442	5.840000
0.003444	5.820000
0.003446	5.820000
0.003448	5.820000
0.003450	5.820000
0.003452	5.820000
0.003454	5.820000
0.003456	5.820000
0.003458	5.820000
0.003460	5.820000
0.003462	5.820000
0.003464	5.820000
0.003466	5.820000
0.003468	5.820000
0.003470	5.820000
0.003472	5.820000
0.003474	5.820000
0.003476	5.820000
0.003478	5.820000
0.003480	5.820000
0.003482	5.820000
0.003484	5.820000
0.003486	5.820000
0.003488	5.820000
0.003490	5.820000
0.003492	5.820000
0.003494	5.820000
0.003496	5.820000
0.003498	5.820000
0.003500	5.820000
0.003502	5.820000
0.003504	5.820000
0.003506	5.820000
0.003508	5.820000
0.003510	5.820000
0.003512	5.820000
0.003514	5.820000
0.003516	5.820000
0.003518	5.820000
0.003520	5.820000
0.003522	5.820000
0.003524	5.820000
0.003526	5.820000
0.003528	5.820000
0.003530	5.820000
0.003532	5.820000
0.003534	5.820000
0.003536	5.820000
0.003538	5.820000
0.003540	5.820000
0.003542	5.820000
0.003544	5.820000
0.003546	5.820000
0.003548	5.820000
0.003550	5.820000
0.003552	5.820000
0.003554	5.820000
0.003556	5.820000
0.003558	5.820000
0.003560	5.820000
0.003562	5.820000
0.003564	5.820000
0.003566	5.820000
0.003568	5.820000
0.003570	5.820000
0.003572	5.820000
0.003574	5.820000
0.003576	5.820000
0.003578	5.820000
0.003580	5.820000
0.003582	5.820000
0.003584	5.820000
0.003586	5.820000
0.003588	5.820000
0.003590	5.820000
0.003592	5.820000
0.003594	5.820000
0.003596	5.820000
0.003598	5.820000
0.003600	5.820000
0.003602	5.820000
0.003604	5.820000
0.003606	5.820000
0.003608	5.820000
0.003610	5.820000
0.003612	5.820000
0.003614	5.820000
0.003616	5.820000
0.003618	5.820000
0.003620	5.820000
0.003622	5.820000
0.003624	5.820000
0.003626	5.820000
0.003628	5.800000
0.003630	5.820000
0.003632	5.820000
0.003634	5.820000
0.003636	5.820000
0.003638	5.820000
0.003640	5.820000
0.003642	5.820000
0.003644	5.800000
0.003646	5.820000
0.003648	5.820000
0.003650	5.800000
0.003652	5.800000
0.003654	5.800000
0.003656	5.800000
0.003658	5.800000
0.003660	5.800000
0.003662	5.800000
0.003664	5.800000
0.003666	5.800000
0.003668	5.800000
0.003670	5.800000
0.003672	5.800000
0.003674	5.800000
0.003676	5.820000
0.003678	5.800000
0.003680	5.800000
0.003682	5.800000
0.003684	5.800000
0.003686	5.800000
0.003688	5.800000
0.003690	5.800000
0.003692	5.800000
0.003694	5.800000
0.003696	5.800000
0.003698	5.800000
0.003700	5.800000
0.003702	5.800000
0.003704	5.800000
0.003706	5.800000
0.003708	5.800000
0.003710	5.800000
0.003712	5.800000
0.003714	5.800000
0.003716	5.800000
0.003718	5.800000
0.003720	5.800000
0.003722	5.800000
0.003724	5.800000
0.003726	5.800000
0.003728	5.800000
0.003730	5.800000
0.003732	5.800000
0.003734	5.800000
0.003736	5.800000
0.003738	5.800000
0.003740	5.800000
0.003742	5.800000
0.003744	5.800000
0.003746	5.800000
0.003748	5.800000
0.003750	5.800000
0.003752	5.800000
0.003754	5.800000
0.003756	5.800000
0.003758	5.800000
0.003760	5.800000
0.003762	5.800000
0.003764	5.800000
0.003766	5.800000
0.003768	5.800000
0.003770	5.800000
0.003772	5.800000
0.003774	5.800000
0.003776	5.800000
0.003778	5.800000
0.003780	5.800000
0.003782	5.800000
0.003784	5.800000
0.003786	5.800000
0.003788	5.800000
0.003790	5.800000
0.003792	5.800000
0.003794	5.800000
0.003796	5.800000
0.003798	5.800000
0.003800	5.800000
0.003802	5.800000
0.003804	5.800000
0.003806	5.800000
0.003808	5.800000
0.003810	5.800000
0.003812	5.800000
0.003814	5.800000
0.003816	5.800000
0.003818	5.800000
0.003820	5.800000
0.003822	5.800000
0.003824	5.800000
0.003826	5.800000
0.003828	5.800000
0.003830	5.800000
0.003832	5.800000
0.003834	5.800000
0.003836	5.800000
0.003838	5.800000
0.003840	5.800000
0.003842	5.800000
0.003844	5.800000
0.003846	5.800000
0.003848	5.800000
0.003850	5.800000
0.003852	5.800000
0.003854	5.800000
0.003856	5.800000
0.003858	5.800000
0.003860	5.800000
0.003862	5.800000
0.003864	5.800000
0.003866	5.800000
0.003868	5.800000
0.003870	5.800000
0.003872	5.800000
0.003874	5.800000
0.003876	5.800000
0.003878	5.800000
0.003880	5.780000
0.003882	5.800000
0.003884	5.800000
0.003886	5.800000
0.003888	5.800000
0.003890	5.800000
0.003892	5.800000
0.003894	5.780000
0.003896	5.800000
0.003898	5.800000
0.003900	5.800000
0.003902	5.800000
0.003904	5.800000
0.003906	5.780000
0.003908	5.780000
0.003910	5.780000
0.003912	5.800000
0.003914	5.780000
0.003916	5.780000
0.003918	5.780000
0.003920	5.780000
0.003922	5.780000
0.003924	5.800000
0.003926	5.780000
0.003928	5.800000
0.003930	5.780000
0.003932	5.780000
0.003934	5.780000
0.003936	5.780000
0.003938	5.780000
0.003940	5.780000
0.003942	5.780000
0.003944	5.780000
0.003946	5.780000
0.003948	5.780000
0.003950	5.780000
0.003952	5.780000
0.003954	5.780000
0.003956	5.780000
0.003958	5.780000
0.003960	5.780000
0.003962	5.780000
0.003964	5.780000
0.003966	5.780000
0.003968	5.780000
0.003970	5.780000
0.003972	5.780000
0.003974	5.780000
0.003976	5.780000
0.003978	5.780000
0.003980	5.780000
0.003982	5.780000
0.003984	5.780000
0.003986	5.780000
0.003988	5.780000
0.003990	5.780000
0.003992	5.780000
0.003994	5.780000
0.003996	5.780000
0.003998	5.780000
0.004000	5.780000
0.004002	5.780000
0.004004	5.780000
0.004006	5.780000
0.004008	5.780000
0.004010	5.780000
0.004012	5.780000
0.004014	5.780000
0.004016	5.780000
0.004018	5.780000
0.004020	5.780000
0.004022	5.780000
0.004024	5.780000
0.004026	5.780000
0.004028	5.780000
0.004030	5.780000
0.004032	5.780000
0.004034	5.780000
0.004036	5.780000
0.004038	5.780000
0.004040	5.780000
0.004042	5.780000
0.004044	5.780000
0.004046	5.780000
0.004048	5.780000
0.004050	5.780000
0.004052	5.780000
0.004054	5.780000
0.004056	5.780000
0.004058	5.780000
0.004060	5.780000
0.004062	5.780000
0.004064	5.780000
0.004066	5.780000
0.004068	5.780000
0.004070	5.780000
0.004072	5.780000
0.004074	5.780000
0.004076	5.780000
0.004078	5.780000
0.004080	5.780000
0.004082	5.780000
0.004084	5.780000
0.004086	5.780000
0.004088	5.780000
0.004090	5.780000
0.004092	5.780000
0.004094	5.780000
0.004096	5.780000
0.004098	5.780000
0.004100	5.780000
0.004102	5.760000
0.004104	5.760000
0.004106	5.780000
0.004108	5.780000
0.004110	5.780000
0.004112	5.760000
0.004114	5.780000
0.004116	5.780000
0.004118	5.780000
0.004120	5.780000
0.004122	5.760000
0.004124	5.780000
0.004126	5.780000
0.004128	5.760000
0.004130	5.760000
0.004132	5.760000
0.004134	5.760000
0.004136	5.760000
0.004138	5.760000
0.004140	5.760000
0.004142	5.780000
0.004144	5.760000
0.004146	5.780000
0.004148	5.760000
0.004150	5.760000
0.004152	5.760000
0.004154	5.760000
0.004156	5.760000
0.004158	5.760000
0.004160	5.760000
0.004162	5.760000
0.004164	5.760000
0.004166	5.760000
0.004168	5.760000
0.004170	5.760000
0.004172	5.760000
0.004174	5.760000
0.004176	5.760000
0.004178	5.760000
0.004180	5.760000
0.004182	5.780000
0.004184	5.760000
0.004186	5.760000
0.004188	5.760000
0.004190	5.760000
0.004192	5.760000
0.004194	5.760000
0.004196	5.760000
0.004198	5.760000
0.004200	5.760000
0.004202	5.760000
0.004204	5.760000
0.004206	5.760000
0.004208	5.760000
0.004210	5.760000
0.004212	5.760000
0.004214	5.760000
0.004216	5.760000
0.004218	5.760000
0.004220	5.760000
0.004222	5.760000
0.004224	5.760000
0.004226	5.760000
0.004228	5.760000
0.004230	5.760000
0.004232	5.760000
0.004234	5.760000
0.004236	5.760000
0.004238	5.760000
0.004240	5.760000
0.004242	5.760000
0.004244	5.760000
0.004246	5.760000
0.004248	5.760000
0.004250	5.760000
0.004252	5.760000
0.004254	5.760000
0.004256	5.760000
0.004258	5.760000
0.004260	5.760000
0.004262	5.760000
0.004264	5.760000
0.004266	5.760000
0.004268	5.760000
0.004270	5.760000
0.004272	5.760000
0.004274	5.760000
0.004276	5.760000
0.004278	5.760000
0.004280	5.760000
0.004282	5.760000
0.004284	5.760000
0.004286	5.760000
0.004288	5.760000
0.004290	5.760000
0.004292	5.760000
0.004294	5.760000
0.004296	5.760000
0.004298	5.760000
0.004300	5.760000
0.004302	5.760000
0.004304	5.760000
0.004306	5.760000
0.004308	5.760000
0.004310	5.760000
0.004312	5.760000
0.004314	5.760000
0.004316	5.760000
0.004318	5.760000
0.004320	5.760000
0.004322	5.760000
0.004324	5.760000
0.004326	5.760000
0.004328	5.760000
0.004330	5.760000
0.004332	5.760000
0.004334	5.760000
0.004336	5.760000
0.004338	5.760000
0.004340	5.760000
0.004342	5.760000
0.004344	5.760000
0.004346	5.760000
0.004348	5.760000
0.004350	5.760000
0.004352	5.760000
0.004354	5.760000
0.004356	5.760000
0.004358	5.760000
0.004360	5.760000
0.004362	5.760000
0.004364	5.760000
0.004366	5.760000
0.004368	5.760000
0.004370	5.760000
0.004372	5.760000
0.004374	5.760000
0.004376	5.760000
0.004378	5.760000
0.004380	5.760000
0.004382	5.740000
0.004384	5.760000
0.004386	5.760000
0.004388	5.760000
0.004390	5.760000
0.004392	5.760000
0.004394	5.760000
0.004396	5.760000
0.004398	5.740000
0.004400	5.760000
0.004402	5.760000
0.004404	5.740000
0.004406	5.760000
0.004408	5.760000
0.004410	5.760000
0.004412	5.740000
0.004414	5.740000
0.004416	5.740000
0.004418	5.760000
0.004420	5.740000
0.004422	5.740000
0.004424	5.760000
0.004426	5.740000
0.004428	5.740000
0.004430	5.740000
0.004432	5.760000
0.004434	5.740000
0.004436	5.740000
0.004438	5.740000
0.004440	5.740000
0.004442	5.740000
0.004444	5.740000
0.004446	5.740000
0.004448	5.740000
0.004450	5.740000
0.004452	5.740000
0.004454	5.740000
0.004456	5.740000
0.004458	5.740000
0.004460	5.740000
0.004462	5.740000
0.004464	5.740000
0.004466	5.740000
0.004468	5.740000
0.004470	5.740000
0.004472	5.740000
0.004474	5.740000
0.004476	5.740000
0.004478	5.740000
0.004480	5.740000
0.004482	5.740000
0.004484	5.740000
0.004486	5.740000
0.004488	5.740000
0.004490	5.740000
0.004492	5.740000
0.004494	5.740000
0.004496	5.740000
0.004498	5.740000
0.004500	5.740000
0.004502	5.740000
0.004504	5.740000
0.004506	5.740000
0.004508	5.740000
0.004510	5.740000
0.004512	5.740000
0.004514	5.740000
0.004516	5.740000
0.004518	5.740000
0.004520	5.740000
0.004522	5.740000
0.004524	5.740000
0.004526	5.740000
0.004528	5.740000
0.004530	5.740000
0.004532	5.740000
0.004534	5.740000
0.004536	5.740000
0.004538	5.740000
0.004540	5.740000
0.004542	5.740000
0.004544	5.740000
0.004546	5.740000
0.004548	5.740000
0.004550	5.740000
0.004552	5.740000
0.004554	5.740000
0.004556	5.740000
0.004558	5.740000
0.004560	5.740000
0.004562	5.740000
0.004564	5.740000
0.004566	5.740000
0.004568	5.740000
0.004570	5.740000
0.004572	5.740000
0.004574	5.740000
0.004576	5.740000
0.004578	5.740000
0.004580	5.740000
0.004582	5.740000
0.004584	5.740000
0.004586	5.740000
0.004588	5.740000
0.004590	5.740000
0.004592	5.740000
0.004594	5.740000
0.004596	5.740000
0.004598	5.740000
0.004600	5.740000
0.004602	5.740000
0.004604	5.740000
0.004606	5.740000
0.004608	5.740000
0.004610	5.740000
0.004612	5.740000
0.004614	5.740000
0.004616	5.740000
0.004618	5.740000
0.004620	5.740000
0.004622	5.740000
0.004624	5.740000
0.004626	5.740000
0.004628	5.740000
0.004630	5.740000
0.004632	5.740000
0.004634	5.740000
0.004636	5.740000
0.004638	5.740000
0.004640	5.740000
0.004642	5.720000
0.004644	5.740000
0.004646	5.720000
0.004648	5.740000
0.004650	5.720000
0.004652	5.740000
0.004654	5.720000
0.004656	5.740000
0.004658	5.740000
0.004660	5.740000
0.004662	5.720000
0.004664	5.720000
0.004666	5.740000
0.004668	5.740000
0.004670	5.720000
0.004672	5.720000
0.004674	5.720000
0.004676	5.740000
0.004678	5.720000
0.004680	5.740000
0.004682	5.740000
0.004684	5.740000
0.004686	5.720000
0.004688	5.720000
0.004690	5.740000
0.004692	5.720000
0.004694	5.740000
0.004696	5.720000
0.004698	5.720000
0.004700	5.720000
0.004702	5.720000
0.004704	5.720000
0.004706	5.720000
0.004708	5.720000
0.004710	5.720000
0.004712	5.720000
0.004714	5.720000
0.004716	5.720000
0.004718	5.720000
0.004720	5.720000
0.004722	5.720000
0.004724	5.720000
0.004726	5.720000
0.004728	5.720000
0.004730	5.720000
0.004732	5.720000
0.004734	5.720000
0.004736	5.720000
0.004738	5.720000
0.004740	5.720000
0.004742	5.720000
0.004744	5.720000
0.004746	5.720000
0.004748	5.720000
0.004750	5.720000
0.004752	5.720000
0.004754	5.720000
0.004756	5.720000
0.004758	5.720000
0.004760	5.720000
0.004762	5.720000
0.004764	5.720000
0.004766	5.720000
0.004768	5.720000
0.004770	5.720000
0.004772	5.720000
0.004774	5.720000
0.004776	5.720000
0.004778	5.720000
0.004780	5.720000
0.004782	5.720000
0.004784	5.720000
0.004786	5.720000
0.004788	5.720000
0.004790	5.720000
0.004792	5.720000
0.004794	5.720000
0.004796	5.720000
0.004798	5.720000
0.004800	5.720000
0.004802	5.720000
0.004804	5.720000
0.004806	5.720000
0.004808	5.720000
0.004810	5.720000
0.004812	5.720000
0.004814	5.720000
0.004816	5.720000
0.004818	5.720000
0.004820	5.720000
0.004822	5.720000
0.004824	5.720000
0.004826	5.720000
0.004828	5.720000
0.004830	5.720000
0.004832	5.720000
0.004834	5.720000
0.004836	5.720000
0.004838	5.720000
0.004840	5.720000
0.004842	5.720000
0.004844	5.720000
0.004846	5.720000
0.004848	5.720000
0.004850	5.720000
0.004852	5.720000
0.004854	5.720000
0.004856	5.720000
0.004858	5.720000
0.004860	5.720000
0.004862	5.720000
0.004864	5.720000
0.004866	5.720000
0.004868	5.720000
0.004870	5.720000
0.004872	5.720000
0.004874	5.720000
0.004876	5.720000
0.004878	5.720000
0.004880	5.720000
0.004882	5.720000
0.004884	5.720000
0.004886	5.720000
0.004888	5.720000
0.004890	5.720000
0.004892	5.720000
0.004894	5.720000
0.004896	5.720000
0.004898	5.720000
0.004900	5.720000
0.004902	5.720000
0.004904	5.720000
0.004906	5.720000
0.004908	5.720000
0.004910	5.720000
0.004912	5.720000
0.004914	5.720000
0.004916	5.720000
0.004918	5.720000
0.004920	5.720000
0.004922	5.720000
0.004924	5.720000
0.004926	5.720000
0.004928	5.720000
0.004930	5.720000
0.004932	5.720000
0.004934	5.720000
0.004936	5.720000
0.004938	5.720000
0.004940	5.720000
0.004942	5.720000
0.004944	5.720000
0.004946	5.720000
0.004948	5.720000
0.004950	5.720000
0.004952	5.720000
0.004954	5.720000
0.004956	5.720000
0.004958	5.720000
0.004960	5.720000
0.004962	5.720000
0.004964	5.720000
0.004966	5.720000
0.004968	5.720000
0.004970	5.720000
0.004972	5.720000
0.004974	5.700000
0.004976	5.720000
0.004978	5.720000
0.004980	5.700000
0.004982	5.720000
0.004984	5.720000
0.004986	5.720000
0.004988	5.700000
0.004990	5.720000
0.004992	5.720000
0.004994	5.720000
0.004996	5.720000
0.004998	5.700000
