0.000000	2.480000
1.000000E-5	2.480000
2.000000E-5	2.480000
3.000000E-5	2.480000
4.000000E-5	2.480000
5.000000E-5	2.480000
6.000000E-5	2.480000
7.000000E-5	2.480000
8.000000E-5	2.480000
9.000000E-5	2.480000
0.000100	2.480000
0.000110	2.480000
0.000120	2.480000
0.000130	2.480000
0.000140	2.480000
0.000150	2.480000
0.000160	2.480000
0.000170	2.480000
0.000180	2.480000
0.000190	2.480000
0.000200	2.480000
0.000210	2.480000
0.000220	2.480000
0.000230	2.480000
0.000240	2.480000
0.000250	2.480000
0.000260	2.480000
0.000270	2.480000
0.000280	2.480000
0.000290	2.480000
0.000300	2.480000
0.000310	2.480000
0.000320	2.480000
0.000330	2.480000
0.000340	2.480000
0.000350	2.480000
0.000360	2.480000
0.000370	2.480000
0.000380	2.480000
0.000390	2.480000
0.000400	2.480000
0.000410	2.480000
0.000420	2.480000
0.000430	2.480000
0.000440	2.480000
0.000450	2.480000
0.000460	2.480000
0.000470	2.480000
0.000480	2.480000
0.000490	2.480000
0.000500	2.480000
0.000510	2.480000
0.000520	2.480000
0.000530	2.480000
0.000540	2.480000
0.000550	2.480000
0.000560	2.480000
0.000570	2.480000
0.000580	2.480000
0.000590	2.480000
0.000600	2.480000
0.000610	2.480000
0.000620	2.480000
0.000630	2.480000
0.000640	2.480000
0.000650	2.480000
0.000660	2.480000
0.000670	2.480000
0.000680	2.480000
0.000690	2.480000
0.000700	2.480000
0.000710	2.480000
0.000720	2.480000
0.000730	2.480000
0.000740	2.480000
0.000750	2.480000
0.000760	2.480000
0.000770	2.480000
0.000780	2.480000
0.000790	2.480000
0.000800	2.480000
0.000810	2.480000
0.000820	2.480000
0.000830	2.480000
0.000840	2.480000
0.000850	2.480000
0.000860	2.480000
0.000870	2.480000
0.000880	2.480000
0.000890	2.480000
0.000900	2.480000
0.000910	2.480000
0.000920	2.480000
0.000930	2.480000
0.000940	2.480000
0.000950	2.480000
0.000960	2.480000
0.000970	2.480000
0.000980	2.480000
0.000990	2.480000
0.001000	2.480000
0.001010	2.480000
0.001020	2.480000
0.001030	2.480000
0.001040	2.480000
0.001050	2.480000
0.001060	2.480000
0.001070	2.480000
0.001080	2.480000
0.001090	2.480000
0.001100	2.480000
0.001110	2.480000
0.001120	2.480000
0.001130	2.480000
0.001140	2.480000
0.001150	2.480000
0.001160	2.480000
0.001170	2.480000
0.001180	2.480000
0.001190	2.480000
0.001200	2.480000
0.001210	2.480000
0.001220	2.480000
0.001230	2.480000
0.001240	2.480000
0.001250	2.480000
0.001260	2.480000
0.001270	2.480000
0.001280	2.480000
0.001290	2.480000
0.001300	2.480000
0.001310	2.480000
0.001320	2.480000
0.001330	2.480000
0.001340	2.480000
0.001350	2.480000
0.001360	2.480000
0.001370	2.480000
0.001380	2.480000
0.001390	2.480000
0.001400	2.480000
0.001410	2.480000
0.001420	2.480000
0.001430	2.480000
0.001440	2.480000
0.001450	2.480000
0.001460	2.480000
0.001470	2.480000
0.001480	2.480000
0.001490	2.480000
0.001500	2.480000
0.001510	2.480000
0.001520	2.480000
0.001530	2.480000
0.001540	2.480000
0.001550	2.480000
0.001560	2.480000
0.001570	2.480000
0.001580	2.480000
0.001590	2.480000
0.001600	2.480000
0.001610	2.480000
0.001620	2.480000
0.001630	2.480000
0.001640	2.480000
0.001650	2.480000
0.001660	2.480000
0.001670	2.480000
0.001680	2.480000
0.001690	2.480000
0.001700	2.480000
0.001710	2.480000
0.001720	2.480000
0.001730	2.480000
0.001740	2.480000
0.001750	2.480000
0.001760	2.480000
0.001770	2.480000
0.001780	2.480000
0.001790	2.480000
0.001800	2.480000
0.001810	2.480000
0.001820	2.480000
0.001830	2.480000
0.001840	2.480000
0.001850	2.480000
0.001860	2.480000
0.001870	2.480000
0.001880	2.480000
0.001890	2.480000
0.001900	2.480000
0.001910	2.480000
0.001920	2.480000
0.001930	2.480000
0.001940	2.480000
0.001950	2.480000
0.001960	2.480000
0.001970	2.480000
0.001980	2.480000
0.001990	2.480000
0.002000	2.480000
0.002010	2.480000
0.002020	2.480000
0.002030	2.480000
0.002040	2.480000
0.002050	2.480000
0.002060	2.480000
0.002070	2.480000
0.002080	2.480000
0.002090	2.480000
0.002100	2.480000
0.002110	2.480000
0.002120	2.480000
0.002130	2.480000
0.002140	2.480000
0.002150	2.480000
0.002160	2.480000
0.002170	2.480000
0.002180	2.480000
0.002190	2.480000
0.002200	2.480000
0.002210	2.480000
0.002220	2.480000
0.002230	2.480000
0.002240	2.480000
0.002250	2.480000
0.002260	2.480000
0.002270	2.480000
0.002280	2.480000
0.002290	2.480000
0.002300	2.480000
0.002310	2.480000
0.002320	2.480000
0.002330	2.480000
0.002340	2.480000
0.002350	2.480000
0.002360	2.480000
0.002370	2.480000
0.002380	2.480000
0.002390	2.480000
0.002400	2.480000
0.002410	2.480000
0.002420	2.480000
0.002430	2.480000
0.002440	2.480000
0.002450	2.480000
0.002460	2.480000
0.002470	2.480000
0.002480	2.480000
0.002490	2.480000
0.002500	2.480000
0.002510	2.480000
0.002520	2.480000
0.002530	2.480000
0.002540	2.480000
0.002550	2.480000
0.002560	2.480000
0.002570	2.480000
0.002580	2.480000
0.002590	2.480000
0.002600	2.480000
0.002610	2.480000
0.002620	2.480000
0.002630	2.480000
0.002640	2.480000
0.002650	2.480000
0.002660	2.480000
0.002670	2.480000
0.002680	2.480000
0.002690	2.480000
0.002700	2.480000
0.002710	2.480000
0.002720	2.480000
0.002730	2.480000
0.002740	2.480000
0.002750	2.480000
0.002760	2.480000
0.002770	2.480000
0.002780	2.480000
0.002790	2.480000
0.002800	2.480000
0.002810	2.480000
0.002820	2.480000
0.002830	2.480000
0.002840	2.480000
0.002850	2.480000
0.002860	2.480000
0.002870	2.480000
0.002880	2.480000
0.002890	2.480000
0.002900	2.480000
0.002910	2.480000
0.002920	2.480000
0.002930	2.480000
0.002940	2.480000
0.002950	2.480000
0.002960	2.480000
0.002970	2.480000
0.002980	2.480000
0.002990	2.480000
0.003000	2.480000
0.003010	2.480000
0.003020	2.480000
0.003030	2.480000
0.003040	2.480000
0.003050	2.480000
0.003060	2.480000
0.003070	2.480000
0.003080	2.480000
0.003090	2.480000
0.003100	2.480000
0.003110	2.480000
0.003120	2.480000
0.003130	2.480000
0.003140	2.480000
0.003150	2.480000
0.003160	2.480000
0.003170	2.480000
0.003180	2.480000
0.003190	2.480000
0.003200	2.480000
0.003210	2.480000
0.003220	2.480000
0.003230	2.480000
0.003240	2.480000
0.003250	2.480000
0.003260	2.480000
0.003270	2.480000
0.003280	2.480000
0.003290	2.480000
0.003300	2.480000
0.003310	2.480000
0.003320	2.480000
0.003330	2.480000
0.003340	2.480000
0.003350	2.480000
0.003360	2.480000
0.003370	2.480000
0.003380	2.480000
0.003390	2.480000
0.003400	2.480000
0.003410	2.480000
0.003420	2.480000
0.003430	2.480000
0.003440	2.480000
0.003450	2.480000
0.003460	2.480000
0.003470	2.480000
0.003480	2.480000
0.003490	2.480000
0.003500	2.480000
0.003510	2.480000
0.003520	2.480000
0.003530	2.480000
0.003540	2.480000
0.003550	2.480000
0.003560	2.480000
0.003570	2.480000
0.003580	2.480000
0.003590	2.480000
0.003600	2.480000
0.003610	2.480000
0.003620	2.480000
0.003630	2.480000
0.003640	2.480000
0.003650	2.480000
0.003660	2.480000
0.003670	2.480000
0.003680	2.480000
0.003690	2.480000
0.003700	2.480000
0.003710	2.480000
0.003720	2.480000
0.003730	2.480000
0.003740	2.480000
0.003750	2.480000
0.003760	2.480000
0.003770	2.480000
0.003780	2.480000
0.003790	2.480000
0.003800	2.480000
0.003810	2.480000
0.003820	2.480000
0.003830	2.480000
0.003840	2.480000
0.003850	2.480000
0.003860	2.480000
0.003870	2.480000
0.003880	2.480000
0.003890	2.480000
0.003900	2.480000
0.003910	2.480000
0.003920	2.480000
0.003930	2.480000
0.003940	2.480000
0.003950	2.480000
0.003960	2.480000
0.003970	2.480000
0.003980	2.480000
0.003990	2.480000
0.004000	6.340000
0.004010	6.580000
0.004020	6.580000
0.004030	6.580000
0.004040	6.580000
0.004050	6.580000
0.004060	6.580000
0.004070	6.580000
0.004080	6.560000
0.004090	6.560000
0.004100	6.560000
0.004110	6.540000
0.004120	6.540000
0.004130	6.540000
0.004140	6.540000
0.004150	6.520000
0.004160	6.520000
0.004170	6.520000
0.004180	6.500000
0.004190	6.500000
0.004200	6.500000
0.004210	6.500000
0.004220	6.480000
0.004230	6.480000
0.004240	6.480000
0.004250	6.460000
0.004260	6.460000
0.004270	6.460000
0.004280	6.460000
0.004290	6.460000
0.004300	6.460000
0.004310	6.460000
0.004320	6.440000
0.004330	6.440000
0.004340	6.440000
0.004350	6.440000
0.004360	6.420000
0.004370	6.420000
0.004380	6.420000
0.004390	6.400000
0.004400	6.400000
0.004410	6.400000
0.004420	6.400000
0.004430	6.400000
0.004440	6.400000
0.004450	6.380000
0.004460	6.380000
0.004470	6.380000
0.004480	6.380000
0.004490	6.380000
0.004500	6.380000
0.004510	6.360000
0.004520	6.360000
0.004530	6.360000
0.004540	6.360000
0.004550	6.360000
0.004560	6.360000
0.004570	6.340000
0.004580	6.340000
0.004590	6.340000
0.004600	6.340000
0.004610	6.320000
0.004620	6.320000
0.004630	6.320000
0.004640	6.320000
0.004650	6.320000
0.004660	6.300000
0.004670	6.300000
0.004680	6.300000
0.004690	6.300000
0.004700	6.300000
0.004710	6.300000
0.004720	6.300000
0.004730	6.300000
0.004740	6.300000
0.004750	6.300000
0.004760	6.280000
0.004770	6.280000
0.004780	6.280000
0.004790	6.280000
0.004800	6.280000
0.004810	6.280000
0.004820	6.260000
0.004830	6.260000
0.004840	6.260000
0.004850	6.260000
0.004860	6.260000
0.004870	6.260000
0.004880	6.260000
0.004890	6.260000
0.004900	6.260000
0.004910	6.240000
0.004920	6.240000
0.004930	6.240000
0.004940	6.240000
0.004950	6.240000
0.004960	6.240000
0.004970	6.240000
0.004980	6.220000
0.004990	6.220000
0.005000	6.220000
0.005010	6.220000
0.005020	6.220000
0.005030	6.220000
0.005040	6.200000
0.005050	6.200000
0.005060	6.200000
0.005070	6.200000
0.005080	6.200000
0.005090	6.200000
0.005100	6.200000
0.005110	6.200000
0.005120	6.180000
0.005130	6.180000
0.005140	6.180000
0.005150	6.180000
0.005160	6.180000
0.005170	6.180000
0.005180	6.180000
0.005190	6.160000
0.005200	6.160000
0.005210	6.160000
0.005220	6.160000
0.005230	6.160000
0.005240	6.160000
0.005250	6.160000
0.005260	6.160000
0.005270	6.160000
0.005280	6.160000
0.005290	6.160000
0.005300	6.160000
0.005310	6.160000
0.005320	6.140000
0.005330	6.140000
0.005340	6.140000
0.005350	6.140000
0.005360	6.140000
0.005370	6.140000
0.005380	6.140000
0.005390	6.120000
0.005400	6.140000
0.005410	6.120000
0.005420	6.120000
0.005430	6.120000
0.005440	6.120000
0.005450	6.120000
0.005460	6.120000
0.005470	6.120000
0.005480	6.120000
0.005490	6.100000
0.005500	6.100000
0.005510	6.100000
0.005520	6.100000
0.005530	6.100000
0.005540	6.100000
0.005550	6.100000
0.005560	6.100000
0.005570	6.080000
0.005580	6.080000
0.005590	6.080000
0.005600	6.080000
0.005610	6.080000
0.005620	6.080000
0.005630	6.080000
0.005640	6.080000
0.005650	6.080000
0.005660	6.080000
0.005670	6.060000
0.005680	6.060000
0.005690	6.060000
0.005700	6.060000
0.005710	6.060000
0.005720	6.060000
0.005730	6.060000
0.005740	6.060000
0.005750	6.060000
0.005760	6.060000
0.005770	6.060000
0.005780	6.060000
0.005790	6.060000
0.005800	6.040000
0.005810	6.040000
0.005820	6.040000
0.005830	6.040000
0.005840	6.040000
0.005850	6.040000
0.005860	6.040000
0.005870	6.040000
0.005880	6.040000
0.005890	6.020000
0.005900	6.020000
0.005910	6.020000
0.005920	6.020000
0.005930	6.020000
0.005940	6.020000
0.005950	6.020000
0.005960	6.020000
0.005970	6.020000
0.005980	6.020000
0.005990	6.020000
0.006000	6.020000
0.006010	6.020000
0.006020	6.000000
0.006030	6.000000
0.006040	6.000000
0.006050	6.000000
0.006060	6.000000
0.006070	6.000000
0.006080	6.000000
0.006090	6.000000
0.006100	6.000000
0.006110	6.000000
0.006120	6.000000
0.006130	6.000000
0.006140	5.980000
0.006150	5.980000
0.006160	5.980000
0.006170	5.980000
0.006180	5.980000
0.006190	5.980000
0.006200	5.980000
0.006210	5.980000
0.006220	5.960000
0.006230	5.960000
0.006240	5.980000
0.006250	5.960000
0.006260	5.960000
0.006270	5.960000
0.006280	5.960000
0.006290	5.960000
0.006300	5.960000
0.006310	5.960000
0.006320	5.960000
0.006330	5.960000
0.006340	5.960000
0.006350	5.960000
0.006360	5.960000
0.006370	5.960000
0.006380	5.960000
0.006390	5.960000
0.006400	5.940000
0.006410	5.940000
0.006420	5.940000
0.006430	5.940000
0.006440	5.940000
0.006450	5.940000
0.006460	5.940000
0.006470	5.940000
0.006480	5.940000
0.006490	5.940000
0.006500	5.940000
0.006510	5.940000
0.006520	5.920000
0.006530	5.940000
0.006540	5.920000
0.006550	5.920000
0.006560	5.920000
0.006570	5.920000
0.006580	5.920000
0.006590	5.920000
0.006600	5.920000
0.006610	5.920000
0.006620	5.920000
0.006630	5.920000
0.006640	5.920000
0.006650	5.920000
0.006660	5.920000
0.006670	5.920000
0.006680	5.900000
0.006690	5.900000
0.006700	5.900000
0.006710	5.900000
0.006720	5.900000
0.006730	5.900000
0.006740	5.900000
0.006750	5.900000
0.006760	5.900000
0.006770	5.900000
0.006780	5.900000
0.006790	5.900000
0.006800	5.900000
0.006810	5.880000
0.006820	5.900000
0.006830	5.900000
0.006840	5.880000
0.006850	5.880000
0.006860	5.880000
0.006870	5.880000
0.006880	5.880000
0.006890	5.880000
0.006900	5.880000
0.006910	5.880000
0.006920	5.880000
0.006930	5.880000
0.006940	5.880000
0.006950	5.880000
0.006960	5.880000
0.006970	5.860000
0.006980	5.860000
0.006990	5.860000
0.007000	5.860000
0.007010	5.860000
0.007020	5.860000
0.007030	5.860000
0.007040	5.860000
0.007050	5.860000
0.007060	5.860000
0.007070	5.860000
0.007080	5.860000
0.007090	5.860000
0.007100	5.860000
0.007110	5.860000
0.007120	5.860000
0.007130	5.860000
0.007140	5.860000
0.007150	5.840000
0.007160	5.840000
0.007170	5.840000
0.007180	5.840000
0.007190	5.840000
0.007200	5.840000
0.007210	5.840000
0.007220	5.840000
0.007230	5.840000
0.007240	5.840000
0.007250	5.840000
0.007260	5.840000
0.007270	5.840000
0.007280	5.840000
0.007290	5.840000
0.007300	5.840000
0.007310	5.840000
0.007320	5.840000
0.007330	5.820000
0.007340	5.840000
0.007350	5.820000
0.007360	5.820000
0.007370	5.820000
0.007380	5.820000
0.007390	5.820000
0.007400	5.820000
0.007410	5.820000
0.007420	5.820000
0.007430	5.820000
0.007440	5.820000
0.007450	5.820000
0.007460	5.820000
0.007470	5.820000
0.007480	5.820000
0.007490	5.820000
0.007500	5.820000
0.007510	5.820000
0.007520	5.820000
0.007530	5.820000
0.007540	5.800000
0.007550	5.800000
0.007560	5.800000
0.007570	5.800000
0.007580	5.800000
0.007590	5.800000
0.007600	5.800000
0.007610	5.800000
0.007620	5.800000
0.007630	5.800000
0.007640	5.800000
0.007650	5.800000
0.007660	5.800000
0.007670	5.800000
0.007680	5.800000
0.007690	5.800000
0.007700	5.800000
0.007710	5.800000
0.007720	5.800000
0.007730	5.800000
0.007740	5.800000
0.007750	5.800000
0.007760	5.800000
0.007770	5.800000
0.007780	5.800000
0.007790	5.800000
0.007800	5.800000
0.007810	5.800000
0.007820	5.800000
0.007830	5.780000
0.007840	5.780000
0.007850	5.780000
0.007860	5.780000
0.007870	5.780000
0.007880	5.780000
0.007890	5.780000
0.007900	5.780000
0.007910	5.780000
0.007920	5.780000
0.007930	5.780000
0.007940	5.780000
0.007950	5.780000
0.007960	5.780000
0.007970	5.780000
0.007980	5.780000
0.007990	5.780000
0.008000	5.780000
0.008010	5.780000
0.008020	5.780000
0.008030	5.780000
0.008040	5.760000
0.008050	5.760000
0.008060	5.760000
0.008070	5.760000
0.008080	5.760000
0.008090	5.760000
0.008100	5.760000
0.008110	5.760000
0.008120	5.760000
0.008130	5.760000
0.008140	5.760000
0.008150	5.760000
0.008160	5.760000
0.008170	5.760000
0.008180	5.760000
0.008190	5.760000
0.008200	5.760000
0.008210	5.760000
0.008220	5.760000
0.008230	5.760000
0.008240	5.760000
0.008250	5.760000
0.008260	5.760000
0.008270	5.760000
0.008280	5.760000
0.008290	5.760000
0.008300	5.740000
0.008310	5.760000
0.008320	5.740000
0.008330	5.740000
0.008340	5.760000
0.008350	5.740000
0.008360	5.740000
0.008370	5.740000
0.008380	5.740000
0.008390	5.740000
0.008400	5.740000
0.008410	5.740000
0.008420	5.740000
0.008430	5.740000
0.008440	5.740000
0.008450	5.740000
0.008460	5.740000
0.008470	5.740000
0.008480	5.740000
0.008490	5.740000
0.008500	5.740000
0.008510	5.740000
0.008520	5.740000
0.008530	5.740000
0.008540	5.740000
0.008550	5.720000
0.008560	5.740000
0.008570	5.720000
0.008580	5.720000
0.008590	5.720000
0.008600	5.720000
0.008610	5.720000
0.008620	5.720000
0.008630	5.720000
0.008640	5.720000
0.008650	5.720000
0.008660	5.720000
0.008670	5.720000
0.008680	5.720000
0.008690	5.720000
0.008700	5.720000
0.008710	5.720000
0.008720	5.720000
0.008730	5.720000
0.008740	5.720000
0.008750	5.720000
0.008760	5.720000
0.008770	5.720000
0.008780	5.720000
0.008790	5.720000
0.008800	5.720000
0.008810	5.720000
0.008820	5.720000
0.008830	5.720000
0.008840	5.720000
0.008850	5.720000
0.008860	5.720000
0.008870	5.700000
0.008880	5.700000
0.008890	5.700000
0.008900	5.720000
0.008910	5.720000
0.008920	5.720000
0.008930	5.700000
0.008940	5.700000
0.008950	5.700000
0.008960	5.700000
0.008970	5.700000
0.008980	5.700000
0.008990	5.700000
0.009000	5.700000
0.009010	5.700000
0.009020	5.700000
0.009030	5.700000
0.009040	5.700000
0.009050	5.700000
0.009060	5.700000
0.009070	5.700000
0.009080	5.700000
0.009090	5.700000
0.009100	5.700000
0.009110	5.700000
0.009120	5.700000
0.009130	5.700000
0.009140	5.700000
0.009150	5.700000
0.009160	5.700000
0.009170	5.700000
0.009180	5.700000
0.009190	5.680000
0.009200	5.700000
0.009210	5.700000
0.009220	5.680000
0.009230	5.680000
0.009240	5.680000
0.009250	5.680000
0.009260	5.700000
0.009270	5.680000
0.009280	5.680000
0.009290	5.680000
0.009300	5.680000
0.009310	5.680000
0.009320	5.680000
0.009330	5.680000
0.009340	5.680000
0.009350	5.680000
0.009360	5.680000
0.009370	5.680000
0.009380	5.680000
0.009390	5.680000
0.009400	5.680000
0.009410	5.680000
0.009420	5.680000
0.009430	5.680000
0.009440	5.680000
0.009450	5.680000
0.009460	5.680000
0.009470	5.680000
0.009480	5.680000
0.009490	5.680000
0.009500	5.680000
0.009510	5.680000
0.009520	5.680000
0.009530	5.680000
0.009540	5.680000
0.009550	5.680000
0.009560	5.680000
0.009570	5.660000
0.009580	5.680000
0.009590	5.680000
0.009600	5.660000
0.009610	5.680000
0.009620	5.660000
0.009630	5.660000
0.009640	5.660000
0.009650	5.660000
0.009660	5.660000
0.009670	5.660000
0.009680	5.660000
0.009690	5.660000
0.009700	5.660000
0.009710	5.660000
0.009720	5.660000
0.009730	5.660000
0.009740	5.660000
0.009750	5.660000
0.009760	5.660000
0.009770	5.660000
0.009780	5.660000
0.009790	5.660000
0.009800	5.660000
0.009810	5.660000
0.009820	5.660000
0.009830	5.660000
0.009840	5.660000
0.009850	5.660000
0.009860	5.660000
0.009870	5.660000
0.009880	5.660000
0.009890	5.660000
0.009900	5.660000
0.009910	5.660000
0.009920	5.660000
0.009930	5.660000
0.009940	5.660000
0.009950	5.660000
0.009960	5.660000
0.009970	5.660000
0.009980	5.660000
0.009990	5.660000
0.010000	5.660000
0.010010	5.660000
0.010020	5.660000
0.010030	5.660000
0.010040	5.660000
0.010050	5.660000
0.010060	5.660000
0.010070	5.640000
0.010080	5.640000
0.010090	5.660000
0.010100	5.640000
0.010110	5.640000
0.010120	5.660000
0.010130	5.640000
0.010140	5.660000
0.010150	5.640000
0.010160	5.640000
0.010170	5.640000
0.010180	5.640000
0.010190	5.640000
0.010200	5.640000
0.010210	5.640000
0.010220	5.640000
0.010230	5.640000
0.010240	5.640000
0.010250	5.640000
0.010260	5.640000
0.010270	5.640000
0.010280	5.640000
0.010290	5.640000
0.010300	5.640000
0.010310	5.640000
0.010320	5.640000
0.010330	5.640000
0.010340	5.640000
0.010350	5.640000
0.010360	5.640000
0.010370	5.640000
0.010380	5.640000
0.010390	5.640000
0.010400	5.640000
0.010410	5.640000
0.010420	5.640000
0.010430	5.640000
0.010440	5.640000
0.010450	5.640000
0.010460	5.640000
0.010470	5.640000
0.010480	5.640000
0.010490	5.640000
0.010500	5.640000
0.010510	5.640000
0.010520	5.640000
0.010530	5.640000
0.010540	5.640000
0.010550	5.640000
0.010560	5.640000
0.010570	5.640000
0.010580	5.640000
0.010590	5.620000
0.010600	5.620000
0.010610	5.620000
0.010620	5.620000
0.010630	5.620000
0.010640	5.620000
0.010650	5.620000
0.010660	5.620000
0.010670	5.620000
0.010680	5.620000
0.010690	5.620000
0.010700	5.620000
0.010710	5.620000
0.010720	5.620000
0.010730	5.620000
0.010740	5.620000
0.010750	5.620000
0.010760	5.620000
0.010770	5.620000
0.010780	5.620000
0.010790	5.620000
0.010800	5.620000
0.010810	5.620000
0.010820	5.620000
0.010830	5.620000
0.010840	5.620000
0.010850	5.620000
0.010860	5.620000
0.010870	5.620000
0.010880	5.620000
0.010890	5.620000
0.010900	5.620000
0.010910	5.620000
0.010920	5.620000
0.010930	5.620000
0.010940	5.620000
0.010950	5.620000
0.010960	5.620000
0.010970	5.620000
0.010980	5.620000
0.010990	5.620000
0.011000	5.620000
0.011010	5.620000
0.011020	5.620000
0.011030	5.620000
0.011040	5.620000
0.011050	5.620000
0.011060	5.620000
0.011070	5.620000
0.011080	5.620000
0.011090	5.620000
0.011100	5.620000
0.011110	5.620000
0.011120	5.620000
0.011130	5.620000
0.011140	5.620000
0.011150	5.620000
0.011160	5.620000
0.011170	5.620000
0.011180	5.620000
0.011190	5.620000
0.011200	5.620000
0.011210	5.620000
0.011220	5.620000
0.011230	5.620000
0.011240	5.620000
0.011250	5.620000
0.011260	5.620000
0.011270	5.620000
0.011280	5.620000
0.011290	5.620000
0.011300	5.620000
0.011310	5.620000
0.011320	5.620000
0.011330	5.620000
0.011340	5.620000
0.011350	5.620000
0.011360	5.620000
0.011370	5.620000
0.011380	5.620000
0.011390	5.620000
0.011400	5.620000
0.011410	5.620000
0.011420	5.620000
0.011430	5.620000
0.011440	5.620000
0.011450	5.620000
0.011460	5.620000
0.011470	5.620000
0.011480	5.620000
0.011490	5.620000
0.011500	5.620000
0.011510	5.620000
0.011520	5.620000
0.011530	5.600000
0.011540	5.600000
0.011550	5.620000
0.011560	5.600000
0.011570	5.620000
0.011580	5.600000
0.011590	5.620000
0.011600	5.600000
0.011610	5.600000
0.011620	5.600000
0.011630	5.600000
0.011640	5.620000
0.011650	5.600000
0.011660	5.600000
0.011670	5.600000
0.011680	5.600000
0.011690	5.600000
0.011700	5.600000
0.011710	5.600000
0.011720	5.600000
0.011730	5.600000
0.011740	5.600000
0.011750	5.600000
0.011760	5.600000
0.011770	5.600000
0.011780	5.600000
0.011790	5.600000
0.011800	5.600000
0.011810	5.600000
0.011820	5.600000
0.011830	5.600000
0.011840	5.600000
0.011850	5.600000
0.011860	5.600000
0.011870	5.600000
0.011880	5.600000
0.011890	5.600000
0.011900	5.600000
0.011910	5.600000
0.011920	5.600000
0.011930	5.600000
0.011940	5.600000
0.011950	5.600000
0.011960	5.600000
0.011970	5.600000
0.011980	5.600000
0.011990	5.600000
0.012000	5.600000
0.012010	5.600000
0.012020	5.600000
0.012030	5.600000
0.012040	5.600000
0.012050	5.600000
0.012060	5.600000
0.012070	5.600000
0.012080	5.600000
0.012090	5.600000
0.012100	5.600000
0.012110	5.600000
0.012120	5.600000
0.012130	5.600000
0.012140	5.600000
0.012150	5.600000
0.012160	5.600000
0.012170	5.600000
0.012180	5.600000
0.012190	5.600000
0.012200	5.600000
0.012210	5.600000
0.012220	5.600000
0.012230	5.600000
0.012240	5.600000
0.012250	5.600000
0.012260	5.600000
0.012270	5.600000
0.012280	5.600000
0.012290	5.600000
0.012300	5.600000
0.012310	5.600000
0.012320	5.600000
0.012330	5.580000
0.012340	5.580000
0.012350	5.600000
0.012360	5.600000
0.012370	5.600000
0.012380	5.580000
0.012390	5.580000
0.012400	5.600000
0.012410	5.600000
0.012420	5.600000
0.012430	5.600000
0.012440	5.600000
0.012450	5.580000
0.012460	5.600000
0.012470	5.600000
0.012480	5.580000
0.012490	5.580000
0.012500	5.580000
0.012510	5.580000
0.012520	5.580000
0.012530	5.580000
0.012540	5.580000
0.012550	5.580000
0.012560	5.580000
0.012570	5.580000
0.012580	5.580000
0.012590	5.580000
0.012600	5.580000
0.012610	5.580000
0.012620	5.580000
0.012630	5.580000
0.012640	5.580000
0.012650	5.580000
0.012660	5.580000
0.012670	5.580000
0.012680	5.580000
0.012690	5.580000
0.012700	5.580000
0.012710	5.580000
0.012720	5.580000
0.012730	5.580000
0.012740	5.580000
0.012750	5.580000
0.012760	5.580000
0.012770	5.580000
0.012780	5.580000
0.012790	5.580000
0.012800	5.580000
0.012810	5.580000
0.012820	5.580000
0.012830	5.580000
0.012840	5.580000
0.012850	5.580000
0.012860	5.580000
0.012870	5.580000
0.012880	5.580000
0.012890	5.580000
0.012900	5.580000
0.012910	5.580000
0.012920	5.580000
0.012930	5.580000
0.012940	5.580000
0.012950	5.580000
0.012960	5.580000
0.012970	5.580000
0.012980	5.580000
0.012990	5.580000
0.013000	5.580000
0.013010	5.580000
0.013020	5.580000
0.013030	5.580000
0.013040	5.580000
0.013050	5.580000
0.013060	5.580000
0.013070	5.580000
0.013080	5.580000
0.013090	5.580000
0.013100	5.580000
0.013110	5.580000
0.013120	5.580000
0.013130	5.580000
0.013140	5.580000
0.013150	5.580000
0.013160	5.580000
0.013170	5.580000
0.013180	5.580000
0.013190	5.580000
0.013200	5.580000
0.013210	5.580000
0.013220	5.580000
0.013230	5.580000
0.013240	5.580000
0.013250	5.580000
0.013260	5.580000
0.013270	5.580000
0.013280	5.580000
0.013290	5.580000
0.013300	5.580000
0.013310	5.580000
0.013320	5.580000
0.013330	5.580000
0.013340	5.580000
0.013350	5.580000
0.013360	5.580000
0.013370	5.580000
0.013380	5.580000
0.013390	5.580000
0.013400	5.580000
0.013410	5.580000
0.013420	5.580000
0.013430	5.580000
0.013440	5.580000
0.013450	5.580000
0.013460	5.580000
0.013470	5.580000
0.013480	5.580000
0.013490	5.580000
0.013500	5.580000
0.013510	5.580000
0.013520	5.580000
0.013530	5.580000
0.013540	5.580000
0.013550	5.580000
0.013560	5.580000
0.013570	5.580000
0.013580	5.580000
0.013590	5.580000
0.013600	5.580000
0.013610	5.580000
0.013620	5.580000
0.013630	5.580000
0.013640	5.580000
0.013650	5.580000
0.013660	5.580000
0.013670	5.580000
0.013680	5.580000
0.013690	5.580000
0.013700	5.580000
0.013710	5.580000
0.013720	5.580000
0.013730	5.580000
0.013740	5.580000
0.013750	5.580000
0.013760	5.580000
0.013770	5.580000
0.013780	5.580000
0.013790	5.580000
0.013800	5.580000
0.013810	5.580000
0.013820	5.580000
0.013830	5.580000
0.013840	5.580000
0.013850	5.580000
0.013860	5.580000
0.013870	5.580000
0.013880	5.580000
0.013890	5.580000
0.013900	5.580000
0.013910	5.580000
0.013920	5.560000
0.013930	5.580000
0.013940	5.580000
0.013950	5.580000
0.013960	5.580000
0.013970	5.580000
0.013980	5.580000
0.013990	5.580000
0.014000	5.580000
0.014010	5.560000
0.014020	5.560000
0.014030	5.580000
0.014040	5.580000
0.014050	5.580000
0.014060	5.580000
0.014070	5.580000
0.014080	5.560000
0.014090	5.580000
0.014100	5.580000
0.014110	5.560000
0.014120	5.560000
0.014130	5.580000
0.014140	5.580000
0.014150	5.580000
0.014160	5.580000
0.014170	5.560000
0.014180	5.560000
0.014190	5.560000
0.014200	5.580000
0.014210	5.580000
0.014220	5.560000
0.014230	5.560000
0.014240	5.560000
0.014250	5.580000
0.014260	5.560000
0.014270	5.580000
0.014280	5.560000
0.014290	5.560000
0.014300	5.560000
0.014310	5.560000
0.014320	5.560000
0.014330	5.560000
0.014340	5.560000
0.014350	5.560000
0.014360	5.560000
0.014370	5.560000
0.014380	5.560000
0.014390	5.560000
0.014400	5.560000
0.014410	5.560000
0.014420	5.560000
0.014430	5.560000
0.014440	5.560000
0.014450	5.560000
0.014460	5.580000
0.014470	5.560000
0.014480	5.560000
0.014490	5.560000
0.014500	5.560000
0.014510	5.560000
0.014520	5.560000
0.014530	5.560000
0.014540	5.560000
0.014550	5.560000
0.014560	5.560000
0.014570	5.560000
0.014580	5.560000
0.014590	5.560000
0.014600	5.560000
0.014610	5.560000
0.014620	5.560000
0.014630	5.560000
0.014640	5.560000
0.014650	5.560000
0.014660	5.560000
0.014670	5.560000
0.014680	5.560000
0.014690	5.560000
0.014700	5.560000
0.014710	5.560000
0.014720	5.560000
0.014730	5.560000
0.014740	5.560000
0.014750	5.560000
0.014760	5.560000
0.014770	5.560000
0.014780	5.560000
0.014790	5.560000
0.014800	5.560000
0.014810	5.560000
0.014820	5.560000
0.014830	5.560000
0.014840	5.560000
0.014850	5.560000
0.014860	5.560000
0.014870	5.560000
0.014880	5.560000
0.014890	5.560000
0.014900	5.560000
0.014910	5.560000
0.014920	5.560000
0.014930	5.560000
0.014940	5.560000
0.014950	5.560000
0.014960	5.560000
0.014970	5.560000
0.014980	5.560000
0.014990	5.560000
0.015000	5.560000
0.015010	5.560000
0.015020	5.560000
0.015030	5.560000
0.015040	5.560000
0.015050	5.560000
0.015060	5.560000
0.015070	5.560000
0.015080	5.560000
0.015090	5.560000
0.015100	5.560000
0.015110	5.560000
0.015120	5.560000
0.015130	5.560000
0.015140	5.560000
0.015150	5.560000
0.015160	5.560000
0.015170	5.560000
0.015180	5.560000
0.015190	5.560000
0.015200	5.560000
0.015210	5.560000
0.015220	5.560000
0.015230	5.560000
0.015240	5.560000
0.015250	5.560000
0.015260	5.560000
0.015270	5.560000
0.015280	5.560000
0.015290	5.560000
0.015300	5.560000
0.015310	5.560000
0.015320	5.560000
0.015330	5.560000
0.015340	5.560000
0.015350	5.560000
0.015360	5.560000
0.015370	5.560000
0.015380	5.560000
0.015390	5.560000
0.015400	5.560000
0.015410	5.560000
0.015420	5.560000
0.015430	5.560000
0.015440	5.560000
0.015450	5.560000
0.015460	5.560000
0.015470	5.560000
0.015480	5.560000
0.015490	5.560000
0.015500	5.560000
0.015510	5.560000
0.015520	5.560000
0.015530	5.560000
0.015540	5.560000
0.015550	5.560000
0.015560	5.560000
0.015570	5.560000
0.015580	5.560000
0.015590	5.560000
0.015600	5.560000
0.015610	5.560000
0.015620	5.560000
0.015630	5.560000
0.015640	5.560000
0.015650	5.560000
0.015660	5.560000
0.015670	5.560000
0.015680	5.560000
0.015690	5.560000
0.015700	5.560000
0.015710	5.560000
0.015720	5.560000
0.015730	5.560000
0.015740	5.560000
0.015750	5.560000
0.015760	5.560000
0.015770	5.560000
0.015780	5.560000
0.015790	5.560000
0.015800	5.560000
0.015810	5.560000
0.015820	5.560000
0.015830	5.560000
0.015840	5.560000
0.015850	5.560000
0.015860	5.560000
0.015870	5.560000
0.015880	5.560000
0.015890	5.560000
0.015900	5.560000
0.015910	5.560000
0.015920	5.560000
0.015930	5.560000
0.015940	5.560000
0.015950	5.540000
0.015960	5.560000
0.015970	5.560000
0.015980	5.540000
0.015990	5.540000
0.016000	5.560000
0.016010	5.560000
0.016020	5.560000
0.016030	5.560000
0.016040	5.560000
0.016050	5.560000
0.016060	5.560000
0.016070	5.560000
0.016080	5.560000
0.016090	5.540000
0.016100	5.560000
0.016110	5.540000
0.016120	5.560000
0.016130	5.560000
0.016140	5.560000
0.016150	5.540000
0.016160	5.560000
0.016170	5.560000
0.016180	5.560000
0.016190	5.560000
0.016200	5.540000
0.016210	5.560000
0.016220	5.560000
0.016230	5.560000
0.016240	5.560000
0.016250	5.560000
0.016260	5.560000
0.016270	5.560000
0.016280	5.560000
0.016290	5.560000
0.016300	5.560000
0.016310	5.560000
0.016320	5.560000
0.016330	5.540000
0.016340	5.560000
0.016350	5.560000
0.016360	5.560000
0.016370	5.560000
0.016380	5.560000
0.016390	5.560000
0.016400	5.560000
0.016410	5.540000
0.016420	5.560000
0.016430	5.560000
0.016440	5.560000
0.016450	5.540000
0.016460	5.540000
0.016470	5.560000
0.016480	5.540000
0.016490	5.560000
0.016500	5.560000
0.016510	5.560000
0.016520	5.540000
0.016530	5.560000
0.016540	5.540000
0.016550	5.560000
0.016560	5.540000
0.016570	5.540000
0.016580	5.560000
0.016590	5.540000
0.016600	5.560000
0.016610	5.540000
0.016620	5.540000
0.016630	5.560000
0.016640	5.560000
0.016650	5.560000
0.016660	5.540000
0.016670	5.540000
0.016680	5.540000
0.016690	5.560000
0.016700	5.540000
0.016710	5.560000
0.016720	5.540000
0.016730	5.540000
0.016740	5.560000
0.016750	5.540000
0.016760	5.540000
0.016770	5.540000
0.016780	5.540000
0.016790	5.540000
0.016800	5.540000
0.016810	5.540000
0.016820	5.560000
0.016830	5.560000
0.016840	5.540000
0.016850	5.560000
0.016860	5.540000
0.016870	5.560000
0.016880	5.540000
0.016890	5.540000
0.016900	5.540000
0.016910	5.540000
0.016920	5.540000
0.016930	5.540000
0.016940	5.540000
0.016950	5.560000
0.016960	5.560000
0.016970	5.540000
0.016980	5.540000
0.016990	5.540000
0.017000	5.540000
0.017010	5.540000
0.017020	5.540000
0.017030	5.560000
0.017040	5.540000
0.017050	5.540000
0.017060	5.540000
0.017070	5.560000
0.017080	5.560000
0.017090	5.540000
0.017100	5.540000
0.017110	5.540000
0.017120	5.560000
0.017130	5.540000
0.017140	5.540000
0.017150	5.540000
0.017160	5.540000
0.017170	5.540000
0.017180	5.540000
0.017190	5.540000
0.017200	5.540000
0.017210	5.540000
0.017220	5.540000
0.017230	5.540000
0.017240	5.540000
0.017250	5.540000
0.017260	5.540000
0.017270	5.540000
0.017280	5.540000
0.017290	5.560000
0.017300	5.540000
0.017310	5.540000
0.017320	5.540000
0.017330	5.540000
0.017340	5.540000
0.017350	5.540000
0.017360	5.540000
0.017370	5.540000
0.017380	5.540000
0.017390	5.540000
0.017400	5.560000
0.017410	5.540000
0.017420	5.540000
0.017430	5.540000
0.017440	5.540000
0.017450	5.540000
0.017460	5.540000
0.017470	5.540000
0.017480	5.540000
0.017490	5.540000
0.017500	5.540000
0.017510	5.540000
0.017520	5.540000
0.017530	5.540000
0.017540	5.540000
0.017550	5.540000
0.017560	5.540000
0.017570	5.540000
0.017580	5.540000
0.017590	5.540000
0.017600	5.540000
0.017610	5.540000
0.017620	5.540000
0.017630	5.540000
0.017640	5.540000
0.017650	5.560000
0.017660	5.540000
0.017670	5.540000
0.017680	5.540000
0.017690	5.540000
0.017700	5.540000
0.017710	5.540000
0.017720	5.540000
0.017730	5.560000
0.017740	5.540000
0.017750	5.540000
0.017760	5.540000
0.017770	5.540000
0.017780	5.540000
0.017790	5.540000
0.017800	5.540000
0.017810	5.540000
0.017820	5.540000
0.017830	5.540000
0.017840	5.540000
0.017850	5.540000
0.017860	5.540000
0.017870	5.540000
0.017880	5.540000
0.017890	5.540000
0.017900	5.540000
0.017910	5.540000
0.017920	5.540000
0.017930	5.540000
0.017940	5.540000
0.017950	5.540000
0.017960	5.540000
0.017970	5.540000
0.017980	5.540000
0.017990	5.540000
0.018000	5.540000
0.018010	5.540000
0.018020	5.540000
0.018030	5.540000
0.018040	5.540000
0.018050	5.540000
0.018060	5.540000
0.018070	5.540000
0.018080	5.540000
0.018090	5.540000
0.018100	5.540000
0.018110	5.540000
0.018120	5.540000
0.018130	5.540000
0.018140	5.540000
0.018150	5.540000
0.018160	5.540000
0.018170	5.540000
0.018180	5.540000
0.018190	5.540000
0.018200	5.540000
0.018210	5.540000
0.018220	5.540000
0.018230	5.540000
0.018240	5.540000
0.018250	5.540000
0.018260	5.540000
0.018270	5.540000
0.018280	5.540000
0.018290	5.540000
0.018300	5.540000
0.018310	5.540000
0.018320	5.540000
0.018330	5.540000
0.018340	5.540000
0.018350	5.540000
0.018360	5.540000
0.018370	5.540000
0.018380	5.540000
0.018390	5.540000
0.018400	5.540000
0.018410	5.540000
0.018420	5.540000
0.018430	5.540000
0.018440	5.540000
0.018450	5.540000
0.018460	5.540000
0.018470	5.540000
0.018480	5.540000
0.018490	5.540000
0.018500	5.540000
0.018510	5.540000
0.018520	5.540000
0.018530	5.540000
0.018540	5.540000
0.018550	5.540000
0.018560	5.540000
0.018570	5.540000
0.018580	5.540000
0.018590	5.540000
0.018600	5.540000
0.018610	5.540000
0.018620	5.540000
0.018630	5.540000
0.018640	5.540000
0.018650	5.540000
0.018660	5.540000
0.018670	5.540000
0.018680	5.540000
0.018690	5.540000
0.018700	5.540000
0.018710	5.540000
0.018720	5.540000
0.018730	5.540000
0.018740	5.540000
0.018750	5.540000
0.018760	5.540000
0.018770	5.540000
0.018780	5.540000
0.018790	5.540000
0.018800	5.540000
0.018810	5.540000
0.018820	5.540000
0.018830	5.540000
0.018840	5.540000
0.018850	5.540000
0.018860	5.540000
0.018870	5.540000
0.018880	5.540000
0.018890	5.540000
0.018900	5.540000
0.018910	5.540000
0.018920	5.540000
0.018930	5.540000
0.018940	5.540000
0.018950	5.540000
0.018960	5.540000
0.018970	5.540000
0.018980	5.540000
0.018990	5.540000
0.019000	5.540000
0.019010	5.540000
0.019020	5.540000
0.019030	5.540000
0.019040	5.540000
0.019050	5.540000
0.019060	5.540000
0.019070	5.540000
0.019080	5.540000
0.019090	5.540000
0.019100	5.540000
0.019110	5.540000
0.019120	5.540000
0.019130	5.540000
0.019140	5.540000
0.019150	5.540000
0.019160	5.540000
0.019170	5.540000
0.019180	5.540000
0.019190	5.540000
0.019200	5.540000
0.019210	5.540000
0.019220	5.540000
0.019230	5.540000
0.019240	5.540000
0.019250	5.540000
0.019260	5.540000
0.019270	5.540000
0.019280	5.540000
0.019290	5.540000
0.019300	5.540000
0.019310	5.540000
0.019320	5.540000
0.019330	5.540000
0.019340	5.540000
0.019350	5.540000
0.019360	5.540000
0.019370	5.540000
0.019380	5.540000
0.019390	5.540000
0.019400	5.540000
0.019410	5.540000
0.019420	5.540000
0.019430	5.540000
0.019440	5.540000
0.019450	5.540000
0.019460	5.540000
0.019470	5.540000
0.019480	5.540000
0.019490	5.540000
0.019500	5.540000
0.019510	5.540000
0.019520	5.540000
0.019530	5.540000
0.019540	5.540000
0.019550	5.540000
0.019560	5.540000
0.019570	5.540000
0.019580	5.540000
0.019590	5.540000
0.019600	5.540000
0.019610	5.540000
0.019620	5.540000
0.019630	5.540000
0.019640	5.540000
0.019650	5.540000
0.019660	5.540000
0.019670	5.540000
0.019680	5.540000
0.019690	5.540000
0.019700	5.540000
0.019710	5.540000
0.019720	5.540000
0.019730	5.540000
0.019740	5.540000
0.019750	5.540000
0.019760	5.540000
0.019770	5.540000
0.019780	5.540000
0.019790	5.540000
0.019800	5.540000
0.019810	5.540000
0.019820	5.540000
0.019830	5.540000
0.019840	5.540000
0.019850	5.540000
0.019860	5.540000
0.019870	5.540000
0.019880	5.540000
0.019890	5.540000
0.019900	5.540000
0.019910	5.540000
0.019920	5.540000
0.019930	5.540000
0.019940	5.540000
0.019950	5.540000
0.019960	5.540000
0.019970	5.540000
0.019980	5.540000
0.019990	5.540000
0.020000	5.540000
0.020010	5.540000
0.020020	5.540000
0.020030	5.540000
0.020040	5.540000
0.020050	5.540000
0.020060	5.540000
0.020070	5.540000
0.020080	5.540000
0.020090	5.540000
0.020100	5.540000
0.020110	5.540000
0.020120	5.540000
0.020130	5.540000
0.020140	5.540000
0.020150	5.540000
0.020160	5.540000
0.020170	5.540000
0.020180	5.540000
0.020190	5.540000
0.020200	5.540000
0.020210	5.540000
0.020220	5.540000
0.020230	5.540000
0.020240	5.540000
0.020250	5.540000
0.020260	5.540000
0.020270	5.540000
0.020280	5.540000
0.020290	5.540000
0.020300	5.540000
0.020310	5.540000
0.020320	5.540000
0.020330	5.540000
0.020340	5.540000
0.020350	5.540000
0.020360	5.540000
0.020370	5.540000
0.020380	5.540000
0.020390	5.540000
0.020400	5.540000
0.020410	5.540000
0.020420	5.540000
0.020430	5.540000
0.020440	5.540000
0.020450	5.540000
0.020460	5.540000
0.020470	5.540000
0.020480	5.540000
0.020490	5.540000
0.020500	5.540000
0.020510	5.540000
0.020520	5.540000
0.020530	5.540000
0.020540	5.540000
0.020550	5.540000
0.020560	5.540000
0.020570	5.540000
0.020580	5.540000
0.020590	5.540000
0.020600	5.540000
0.020610	5.540000
0.020620	5.540000
0.020630	5.540000
0.020640	5.540000
0.020650	5.540000
0.020660	4.600000
0.020670	2.480000
0.020680	2.480000
0.020690	2.480000
0.020700	2.480000
0.020710	2.480000
0.020720	2.480000
0.020730	2.480000
0.020740	2.480000
0.020750	2.480000
0.020760	2.480000
0.020770	2.480000
0.020780	2.480000
0.020790	2.480000
0.020800	2.480000
0.020810	2.480000
0.020820	2.480000
0.020830	2.480000
0.020840	2.480000
0.020850	2.480000
0.020860	2.480000
0.020870	2.480000
0.020880	2.480000
0.020890	2.480000
0.020900	2.480000
0.020910	2.480000
0.020920	2.480000
0.020930	2.480000
0.020940	2.480000
0.020950	2.480000
0.020960	2.480000
0.020970	2.480000
0.020980	2.480000
0.020990	2.480000
0.021000	2.480000
0.021010	2.480000
0.021020	2.480000
0.021030	2.480000
0.021040	2.480000
0.021050	2.480000
0.021060	2.480000
0.021070	2.480000
0.021080	2.480000
0.021090	2.480000
0.021100	2.480000
0.021110	2.480000
0.021120	2.480000
0.021130	2.480000
0.021140	2.480000
0.021150	2.480000
0.021160	2.480000
0.021170	2.480000
0.021180	2.480000
0.021190	2.480000
0.021200	2.480000
0.021210	2.480000
0.021220	2.480000
0.021230	2.480000
0.021240	2.480000
0.021250	2.480000
0.021260	2.480000
0.021270	2.480000
0.021280	2.480000
0.021290	2.480000
0.021300	2.480000
0.021310	2.480000
0.021320	2.480000
0.021330	2.480000
0.021340	2.480000
0.021350	2.480000
0.021360	2.480000
0.021370	2.480000
0.021380	2.480000
0.021390	2.480000
0.021400	2.480000
0.021410	2.480000
0.021420	2.480000
0.021430	2.480000
0.021440	2.480000
0.021450	2.480000
0.021460	2.480000
0.021470	2.480000
0.021480	2.480000
0.021490	2.480000
0.021500	2.480000
0.021510	2.480000
0.021520	2.480000
0.021530	2.480000
0.021540	2.480000
0.021550	2.480000
0.021560	2.480000
0.021570	2.480000
0.021580	2.480000
0.021590	2.480000
0.021600	2.480000
0.021610	2.480000
0.021620	2.480000
0.021630	2.480000
0.021640	2.480000
0.021650	2.480000
0.021660	2.480000
0.021670	2.480000
0.021680	2.480000
0.021690	2.480000
0.021700	2.480000
0.021710	2.480000
0.021720	2.480000
0.021730	2.480000
0.021740	2.480000
0.021750	2.480000
0.021760	2.480000
0.021770	2.480000
0.021780	2.480000
0.021790	2.480000
0.021800	2.480000
0.021810	2.480000
0.021820	2.480000
0.021830	2.480000
0.021840	2.480000
0.021850	2.480000
0.021860	2.480000
0.021870	2.480000
0.021880	2.480000
0.021890	2.480000
0.021900	2.480000
0.021910	2.480000
0.021920	2.480000
0.021930	2.480000
0.021940	2.480000
0.021950	2.480000
0.021960	2.480000
0.021970	2.480000
0.021980	2.480000
0.021990	2.480000
0.022000	2.480000
0.022010	2.480000
0.022020	2.480000
0.022030	2.480000
0.022040	2.480000
0.022050	2.480000
0.022060	2.480000
0.022070	2.480000
0.022080	2.480000
0.022090	2.480000
0.022100	2.480000
0.022110	2.480000
0.022120	2.480000
0.022130	2.480000
0.022140	2.480000
0.022150	2.480000
0.022160	2.480000
0.022170	2.480000
0.022180	2.480000
0.022190	2.480000
0.022200	2.480000
0.022210	2.480000
0.022220	2.480000
0.022230	2.480000
0.022240	2.480000
0.022250	2.480000
0.022260	2.480000
0.022270	2.480000
0.022280	2.480000
0.022290	2.480000
0.022300	2.480000
0.022310	2.480000
0.022320	2.480000
0.022330	2.480000
0.022340	2.480000
0.022350	2.480000
0.022360	2.480000
0.022370	2.480000
0.022380	2.480000
0.022390	2.480000
0.022400	2.480000
0.022410	2.480000
0.022420	2.480000
0.022430	2.480000
0.022440	2.480000
0.022450	2.480000
0.022460	2.480000
0.022470	2.480000
0.022480	2.480000
0.022490	2.480000
0.022500	2.480000
0.022510	2.480000
0.022520	2.480000
0.022530	2.480000
0.022540	2.480000
0.022550	2.480000
0.022560	2.480000
0.022570	2.480000
0.022580	2.480000
0.022590	2.480000
0.022600	2.480000
0.022610	2.480000
0.022620	2.480000
0.022630	2.480000
0.022640	2.480000
0.022650	2.480000
0.022660	2.480000
0.022670	2.480000
0.022680	2.480000
0.022690	2.480000
0.022700	2.480000
0.022710	2.480000
0.022720	2.480000
0.022730	2.480000
0.022740	2.480000
0.022750	2.480000
0.022760	2.480000
0.022770	2.480000
0.022780	2.480000
0.022790	2.480000
0.022800	2.480000
0.022810	2.480000
0.022820	2.480000
0.022830	2.480000
0.022840	2.480000
0.022850	2.480000
0.022860	2.480000
0.022870	2.480000
0.022880	2.480000
0.022890	2.480000
0.022900	2.480000
0.022910	2.480000
0.022920	2.480000
0.022930	2.480000
0.022940	2.480000
0.022950	2.480000
0.022960	2.480000
0.022970	2.480000
0.022980	2.480000
0.022990	2.480000
0.023000	2.480000
0.023010	2.480000
0.023020	2.480000
0.023030	2.480000
0.023040	2.480000
0.023050	2.480000
0.023060	2.480000
0.023070	2.480000
0.023080	2.480000
0.023090	2.480000
0.023100	2.480000
0.023110	2.480000
0.023120	2.480000
0.023130	2.480000
0.023140	2.480000
0.023150	2.480000
0.023160	2.480000
0.023170	2.480000
0.023180	2.480000
0.023190	2.480000
0.023200	2.480000
0.023210	2.480000
0.023220	2.480000
0.023230	2.480000
0.023240	2.480000
0.023250	2.480000
0.023260	2.480000
0.023270	2.480000
0.023280	2.480000
0.023290	2.480000
0.023300	2.480000
0.023310	2.480000
0.023320	2.480000
0.023330	2.480000
0.023340	2.480000
0.023350	2.480000
0.023360	2.480000
0.023370	2.480000
0.023380	2.480000
0.023390	2.480000
0.023400	2.480000
0.023410	2.480000
0.023420	2.480000
0.023430	2.480000
0.023440	2.480000
0.023450	2.480000
0.023460	2.480000
0.023470	2.480000
0.023480	2.480000
0.023490	2.480000
0.023500	2.480000
0.023510	2.480000
0.023520	2.480000
0.023530	2.480000
0.023540	2.480000
0.023550	2.480000
0.023560	2.480000
0.023570	2.480000
0.023580	2.480000
0.023590	2.480000
0.023600	2.480000
0.023610	2.480000
0.023620	2.480000
0.023630	2.480000
0.023640	2.480000
0.023650	2.480000
0.023660	2.480000
0.023670	2.480000
0.023680	2.480000
0.023690	2.480000
0.023700	2.480000
0.023710	2.480000
0.023720	2.480000
0.023730	2.480000
0.023740	2.480000
0.023750	2.480000
0.023760	2.480000
0.023770	2.480000
0.023780	2.480000
0.023790	2.480000
0.023800	2.480000
0.023810	2.480000
0.023820	2.480000
0.023830	2.480000
0.023840	2.480000
0.023850	2.480000
0.023860	2.480000
0.023870	2.480000
0.023880	2.480000
0.023890	2.480000
0.023900	2.480000
0.023910	2.480000
0.023920	2.480000
0.023930	2.480000
0.023940	2.480000
0.023950	2.480000
0.023960	2.480000
0.023970	2.480000
0.023980	2.480000
0.023990	2.480000
0.024000	2.480000
0.024010	2.480000
0.024020	2.480000
0.024030	2.480000
0.024040	2.480000
0.024050	2.480000
0.024060	2.480000
0.024070	2.480000
0.024080	2.480000
0.024090	2.480000
0.024100	2.480000
0.024110	2.480000
0.024120	2.480000
0.024130	2.480000
0.024140	2.480000
0.024150	2.480000
0.024160	2.480000
0.024170	2.480000
0.024180	2.480000
0.024190	2.480000
0.024200	2.480000
0.024210	2.480000
0.024220	2.480000
0.024230	2.480000
0.024240	2.480000
0.024250	2.480000
0.024260	2.480000
0.024270	2.480000
0.024280	2.480000
0.024290	2.480000
0.024300	2.480000
0.024310	2.480000
0.024320	2.480000
0.024330	2.480000
0.024340	2.480000
0.024350	2.480000
0.024360	2.480000
0.024370	2.480000
0.024380	2.480000
0.024390	2.480000
0.024400	2.480000
0.024410	2.480000
0.024420	2.480000
0.024430	2.480000
0.024440	2.480000
0.024450	2.480000
0.024460	2.480000
0.024470	2.480000
0.024480	2.480000
0.024490	2.480000
0.024500	2.480000
0.024510	2.480000
0.024520	2.480000
0.024530	2.480000
0.024540	2.480000
0.024550	2.480000
0.024560	2.480000
0.024570	2.480000
0.024580	2.480000
0.024590	2.480000
0.024600	2.480000
0.024610	2.480000
0.024620	2.480000
0.024630	2.480000
0.024640	2.480000
0.024650	2.480000
0.024660	2.480000
0.024670	2.480000
0.024680	2.480000
0.024690	2.480000
0.024700	2.480000
0.024710	2.480000
0.024720	2.480000
0.024730	2.480000
0.024740	2.480000
0.024750	2.480000
0.024760	2.480000
0.024770	2.480000
0.024780	2.480000
0.024790	2.480000
0.024800	2.480000
0.024810	2.480000
0.024820	2.480000
0.024830	2.480000
0.024840	2.480000
0.024850	2.480000
0.024860	2.480000
0.024870	2.480000
0.024880	2.480000
0.024890	2.480000
0.024900	2.480000
0.024910	2.480000
0.024920	2.480000
0.024930	2.480000
0.024940	2.480000
0.024950	2.480000
0.024960	2.480000
0.024970	2.480000
0.024980	2.480000
0.024990	2.480000
