0.000000	2.480000
4.000000E-6	2.480000
8.000000E-6	2.480000
1.200000E-5	2.480000
1.600000E-5	2.480000
2.000000E-5	2.480000
2.400000E-5	2.480000
2.800000E-5	2.480000
3.200000E-5	2.480000
3.600000E-5	2.480000
4.000000E-5	2.480000
4.400000E-5	2.480000
4.800000E-5	2.480000
5.200000E-5	2.480000
5.600000E-5	2.480000
6.000000E-5	2.480000
6.400000E-5	2.480000
6.800000E-5	2.480000
7.200000E-5	2.480000
7.600000E-5	2.480000
8.000000E-5	2.480000
8.400000E-5	2.480000
8.800000E-5	2.480000
9.200000E-5	2.480000
9.600000E-5	2.480000
0.000100	2.480000
0.000104	2.480000
0.000108	2.480000
0.000112	2.480000
0.000116	2.480000
0.000120	2.480000
0.000124	2.480000
0.000128	2.480000
0.000132	2.480000
0.000136	2.480000
0.000140	2.480000
0.000144	2.480000
0.000148	2.480000
0.000152	2.480000
0.000156	2.480000
0.000160	2.480000
0.000164	2.480000
0.000168	2.480000
0.000172	2.480000
0.000176	2.480000
0.000180	2.480000
0.000184	2.480000
0.000188	2.480000
0.000192	2.480000
0.000196	2.480000
0.000200	2.480000
0.000204	2.480000
0.000208	2.480000
0.000212	2.480000
0.000216	2.480000
0.000220	2.480000
0.000224	2.480000
0.000228	2.480000
0.000232	2.480000
0.000236	2.480000
0.000240	2.480000
0.000244	2.480000
0.000248	2.480000
0.000252	2.480000
0.000256	2.480000
0.000260	2.480000
0.000264	2.480000
0.000268	2.480000
0.000272	2.480000
0.000276	2.480000
0.000280	2.480000
0.000284	2.480000
0.000288	2.480000
0.000292	2.480000
0.000296	2.480000
0.000300	2.480000
0.000304	2.480000
0.000308	2.480000
0.000312	2.480000
0.000316	2.480000
0.000320	2.480000
0.000324	2.480000
0.000328	2.480000
0.000332	2.480000
0.000336	2.480000
0.000340	2.480000
0.000344	2.480000
0.000348	2.480000
0.000352	2.480000
0.000356	2.480000
0.000360	2.480000
0.000364	2.480000
0.000368	2.480000
0.000372	2.480000
0.000376	2.480000
0.000380	2.480000
0.000384	2.480000
0.000388	2.480000
0.000392	2.480000
0.000396	2.480000
0.000400	2.480000
0.000404	2.480000
0.000408	2.480000
0.000412	2.480000
0.000416	2.480000
0.000420	2.480000
0.000424	2.480000
0.000428	2.480000
0.000432	2.480000
0.000436	2.480000
0.000440	2.480000
0.000444	2.480000
0.000448	2.480000
0.000452	2.480000
0.000456	2.480000
0.000460	2.480000
0.000464	2.480000
0.000468	2.480000
0.000472	2.480000
0.000476	2.480000
0.000480	2.480000
0.000484	2.480000
0.000488	2.480000
0.000492	2.480000
0.000496	2.480000
0.000500	2.480000
0.000504	2.480000
0.000508	2.480000
0.000512	2.480000
0.000516	2.480000
0.000520	2.480000
0.000524	2.480000
0.000528	2.480000
0.000532	2.480000
0.000536	2.480000
0.000540	2.480000
0.000544	2.480000
0.000548	2.480000
0.000552	2.480000
0.000556	2.480000
0.000560	2.480000
0.000564	2.480000
0.000568	2.480000
0.000572	2.480000
0.000576	2.480000
0.000580	2.480000
0.000584	2.480000
0.000588	2.480000
0.000592	2.480000
0.000596	2.480000
0.000600	2.480000
0.000604	2.480000
0.000608	2.480000
0.000612	2.480000
0.000616	2.480000
0.000620	2.480000
0.000624	2.480000
0.000628	2.480000
0.000632	2.480000
0.000636	2.480000
0.000640	2.480000
0.000644	2.480000
0.000648	2.480000
0.000652	2.480000
0.000656	2.480000
0.000660	2.480000
0.000664	2.480000
0.000668	2.480000
0.000672	2.480000
0.000676	2.480000
0.000680	2.480000
0.000684	2.480000
0.000688	2.480000
0.000692	2.480000
0.000696	2.480000
0.000700	2.480000
0.000704	2.480000
0.000708	2.480000
0.000712	2.480000
0.000716	2.480000
0.000720	2.480000
0.000724	2.480000
0.000728	2.480000
0.000732	2.480000
0.000736	2.480000
0.000740	2.480000
0.000744	2.480000
0.000748	2.480000
0.000752	2.480000
0.000756	2.480000
0.000760	2.480000
0.000764	2.480000
0.000768	2.480000
0.000772	2.480000
0.000776	2.480000
0.000780	2.480000
0.000784	2.480000
0.000788	2.480000
0.000792	2.480000
0.000796	2.480000
0.000800	2.480000
0.000804	2.480000
0.000808	2.480000
0.000812	2.480000
0.000816	2.480000
0.000820	2.480000
0.000824	2.480000
0.000828	2.480000
0.000832	2.480000
0.000836	2.480000
0.000840	2.480000
0.000844	2.480000
0.000848	2.480000
0.000852	2.480000
0.000856	2.480000
0.000860	2.480000
0.000864	2.480000
0.000868	2.480000
0.000872	2.480000
0.000876	2.480000
0.000880	2.480000
0.000884	2.480000
0.000888	2.480000
0.000892	2.480000
0.000896	2.480000
0.000900	2.480000
0.000904	2.480000
0.000908	2.480000
0.000912	2.480000
0.000916	2.480000
0.000920	2.480000
0.000924	2.480000
0.000928	2.480000
0.000932	2.480000
0.000936	2.480000
0.000940	2.480000
0.000944	2.480000
0.000948	2.480000
0.000952	2.480000
0.000956	2.480000
0.000960	2.480000
0.000964	2.480000
0.000968	2.480000
0.000972	2.480000
0.000976	2.480000
0.000980	2.480000
0.000984	2.480000
0.000988	2.480000
0.000992	2.480000
0.000996	2.480000
0.001000	2.480000
0.001004	2.480000
0.001008	2.480000
0.001012	2.480000
0.001016	2.480000
0.001020	2.480000
0.001024	2.480000
0.001028	2.480000
0.001032	2.480000
0.001036	2.480000
0.001040	6.260000
0.001044	6.540000
0.001048	6.560000
0.001052	6.580000
0.001056	6.600000
0.001060	6.580000
0.001064	6.600000
0.001068	6.580000
0.001072	6.600000
0.001076	6.580000
0.001080	6.580000
0.001084	6.580000
0.001088	6.580000
0.001092	6.580000
0.001096	6.580000
0.001100	6.580000
0.001104	6.580000
0.001108	6.580000
0.001112	6.580000
0.001116	6.580000
0.001120	6.580000
0.001124	6.560000
0.001128	6.560000
0.001132	6.560000
0.001136	6.560000
0.001140	6.560000
0.001144	6.560000
0.001148	6.560000
0.001152	6.560000
0.001156	6.560000
0.001160	6.560000
0.001164	6.540000
0.001168	6.540000
0.001172	6.540000
0.001176	6.540000
0.001180	6.540000
0.001184	6.520000
0.001188	6.540000
0.001192	6.520000
0.001196	6.520000
0.001200	6.520000
0.001204	6.520000
0.001208	6.520000
0.001212	6.520000
0.001216	6.520000
0.001220	6.520000
0.001224	6.500000
0.001228	6.500000
0.001232	6.500000
0.001236	6.500000
0.001240	6.500000
0.001244	6.500000
0.001248	6.500000
0.001252	6.500000
0.001256	6.500000
0.001260	6.480000
0.001264	6.480000
0.001268	6.480000
0.001272	6.480000
0.001276	6.480000
0.001280	6.480000
0.001284	6.480000
0.001288	6.480000
0.001292	6.480000
0.001296	6.460000
0.001300	6.460000
0.001304	6.460000
0.001308	6.460000
0.001312	6.460000
0.001316	6.460000
0.001320	6.460000
0.001324	6.460000
0.001328	6.460000
0.001332	6.460000
0.001336	6.460000
0.001340	6.460000
0.001344	6.460000
0.001348	6.460000
0.001352	6.460000
0.001356	6.460000
0.001360	6.440000
0.001364	6.440000
0.001368	6.440000
0.001372	6.440000
0.001376	6.440000
0.001380	6.440000
0.001384	6.440000
0.001388	6.440000
0.001392	6.440000
0.001396	6.420000
0.001400	6.420000
0.001404	6.420000
0.001408	6.420000
0.001412	6.420000
0.001416	6.420000
0.001420	6.420000
0.001424	6.420000
0.001428	6.420000
0.001432	6.420000
0.001436	6.420000
0.001440	6.420000
0.001444	6.400000
0.001448	6.400000
0.001452	6.400000
0.001456	6.400000
0.001460	6.400000
0.001464	6.400000
0.001468	6.400000
0.001472	6.400000
0.001476	6.400000
0.001480	6.400000
0.001484	6.400000
0.001488	6.380000
0.001492	6.380000
0.001496	6.400000
0.001500	6.380000
0.001504	6.380000
0.001508	6.380000
0.001512	6.380000
0.001516	6.380000
0.001520	6.380000
0.001524	6.380000
0.001528	6.380000
0.001532	6.380000
0.001536	6.380000
0.001540	6.360000
0.001544	6.360000
0.001548	6.360000
0.001552	6.360000
0.001556	6.360000
0.001560	6.360000
0.001564	6.360000
0.001568	6.360000
0.001572	6.360000
0.001576	6.360000
0.001580	6.360000
0.001584	6.360000
0.001588	6.360000
0.001592	6.360000
0.001596	6.360000
0.001600	6.360000
0.001604	6.360000
0.001608	6.340000
0.001612	6.340000
0.001616	6.340000
0.001620	6.340000
0.001624	6.340000
0.001628	6.340000
0.001632	6.340000
0.001636	6.340000
0.001640	6.340000
0.001644	6.340000
0.001648	6.340000
0.001652	6.340000
0.001656	6.320000
0.001660	6.320000
0.001664	6.320000
0.001668	6.320000
0.001672	6.320000
0.001676	6.320000
0.001680	6.320000
0.001684	6.320000
0.001688	6.320000
0.001692	6.320000
0.001696	6.320000
0.001700	6.320000
0.001704	6.320000
0.001708	6.320000
0.001712	6.300000
0.001716	6.300000
0.001720	6.300000
0.001724	6.300000
0.001728	6.300000
0.001732	6.300000
0.001736	6.300000
0.001740	6.300000
0.001744	6.300000
0.001748	6.300000
0.001752	6.300000
0.001756	6.300000
0.001760	6.300000
0.001764	6.300000
0.001768	6.300000
0.001772	6.300000
0.001776	6.300000
0.001780	6.300000
0.001784	6.300000
0.001788	6.300000
0.001792	6.300000
0.001796	6.300000
0.001800	6.300000
0.001804	6.280000
0.001808	6.280000
0.001812	6.280000
0.001816	6.280000
0.001820	6.280000
0.001824	6.280000
0.001828	6.280000
0.001832	6.280000
0.001836	6.280000
0.001840	6.280000
0.001844	6.280000
0.001848	6.280000
0.001852	6.280000
0.001856	6.280000
0.001860	6.280000
0.001864	6.280000
0.001868	6.280000
0.001872	6.260000
0.001876	6.260000
0.001880	6.260000
0.001884	6.260000
0.001888	6.260000
0.001892	6.260000
0.001896	6.260000
0.001900	6.260000
0.001904	6.260000
0.001908	6.260000
0.001912	6.260000
0.001916	6.260000
0.001920	6.260000
0.001924	6.260000
0.001928	6.260000
0.001932	6.260000
0.001936	6.260000
0.001940	6.260000
0.001944	6.260000
0.001948	6.240000
0.001952	6.240000
0.001956	6.240000
0.001960	6.240000
0.001964	6.240000
0.001968	6.240000
0.001972	6.240000
0.001976	6.240000
0.001980	6.240000
0.001984	6.240000
0.001988	6.240000
0.001992	6.240000
0.001996	6.240000
0.002000	6.240000
0.002004	6.240000
0.002008	6.220000
0.002012	6.220000
0.002016	6.220000
0.002020	6.220000
0.002024	6.220000
0.002028	6.220000
0.002032	6.220000
0.002036	6.220000
0.002040	6.220000
0.002044	6.220000
0.002048	6.220000
0.002052	6.220000
0.002056	6.220000
0.002060	6.220000
0.002064	6.220000
0.002068	6.220000
0.002072	6.200000
0.002076	6.200000
0.002080	6.200000
0.002084	6.200000
0.002088	6.200000
0.002092	6.200000
0.002096	6.200000
0.002100	6.200000
0.002104	6.200000
0.002108	6.200000
0.002112	6.200000
0.002116	6.200000
0.002120	6.200000
0.002124	6.200000
0.002128	6.200000
0.002132	6.200000
0.002136	6.200000
0.002140	6.200000
0.002144	6.200000
0.002148	6.200000
0.002152	6.200000
0.002156	6.200000
0.002160	6.200000
0.002164	6.200000
0.002168	6.180000
0.002172	6.180000
0.002176	6.180000
0.002180	6.180000
0.002184	6.180000
0.002188	6.180000
0.002192	6.180000
0.002196	6.180000
0.002200	6.180000
0.002204	6.180000
0.002208	6.180000
0.002212	6.180000
0.002216	6.180000
0.002220	6.180000
0.002224	6.180000
0.002228	6.180000
0.002232	6.180000
0.002236	6.180000
0.002240	6.180000
0.002244	6.160000
0.002248	6.160000
0.002252	6.160000
0.002256	6.160000
0.002260	6.160000
0.002264	6.160000
0.002268	6.160000
0.002272	6.160000
0.002276	6.160000
0.002280	6.160000
0.002284	6.160000
0.002288	6.160000
0.002292	6.160000
0.002296	6.160000
0.002300	6.160000
0.002304	6.160000
0.002308	6.160000
0.002312	6.160000
0.002316	6.160000
0.002320	6.160000
0.002324	6.160000
0.002328	6.160000
0.002332	6.160000
0.002336	6.160000
0.002340	6.160000
0.002344	6.160000
0.002348	6.140000
0.002352	6.160000
0.002356	6.160000
0.002360	6.140000
0.002364	6.140000
0.002368	6.160000
0.002372	6.140000
0.002376	6.140000
0.002380	6.140000
0.002384	6.140000
0.002388	6.140000
0.002392	6.140000
0.002396	6.140000
0.002400	6.140000
0.002404	6.140000
0.002408	6.140000
0.002412	6.140000
0.002416	6.140000
0.002420	6.140000
0.002424	6.140000
0.002428	6.140000
0.002432	6.120000
0.002436	6.120000
0.002440	6.120000
0.002444	6.120000
0.002448	6.120000
0.002452	6.120000
0.002456	6.120000
0.002460	6.120000
0.002464	6.120000
0.002468	6.120000
0.002472	6.120000
0.002476	6.120000
0.002480	6.120000
0.002484	6.120000
0.002488	6.120000
0.002492	6.120000
0.002496	6.120000
0.002500	6.120000
0.002504	6.120000
0.002508	6.120000
0.002512	6.120000
0.002516	6.120000
0.002520	6.120000
0.002524	6.120000
0.002528	6.120000
0.002532	6.120000
0.002536	6.120000
0.002540	6.120000
0.002544	6.120000
0.002548	6.100000
0.002552	6.100000
0.002556	6.100000
0.002560	6.100000
0.002564	6.100000
0.002568	6.100000
0.002572	6.100000
0.002576	6.100000
0.002580	6.100000
0.002584	6.100000
0.002588	6.100000
0.002592	6.100000
0.002596	6.100000
0.002600	6.100000
0.002604	6.080000
0.002608	6.100000
0.002612	6.100000
0.002616	6.100000
0.002620	6.080000
0.002624	6.080000
0.002628	6.080000
0.002632	6.080000
0.002636	6.080000
0.002640	6.080000
0.002644	6.080000
0.002648	6.080000
0.002652	6.080000
0.002656	6.080000
0.002660	6.080000
0.002664	6.080000
0.002668	6.080000
0.002672	6.080000
0.002676	6.080000
0.002680	6.080000
0.002684	6.080000
0.002688	6.080000
0.002692	6.080000
0.002696	6.080000
0.002700	6.080000
0.002704	6.080000
0.002708	6.060000
0.002712	6.080000
0.002716	6.080000
0.002720	6.080000
0.002724	6.080000
0.002728	6.060000
0.002732	6.060000
0.002736	6.060000
0.002740	6.060000
0.002744	6.060000
0.002748	6.060000
0.002752	6.060000
0.002756	6.060000
0.002760	6.060000
0.002764	6.060000
0.002768	6.060000
0.002772	6.060000
0.002776	6.060000
0.002780	6.060000
0.002784	6.060000
0.002788	6.060000
0.002792	6.060000
0.002796	6.060000
0.002800	6.060000
0.002804	6.060000
0.002808	6.060000
0.002812	6.060000
0.002816	6.060000
0.002820	6.060000
0.002824	6.060000
0.002828	6.060000
0.002832	6.040000
0.002836	6.040000
0.002840	6.040000
0.002844	6.060000
0.002848	6.040000
0.002852	6.040000
0.002856	6.040000
0.002860	6.040000
0.002864	6.040000
0.002868	6.040000
0.002872	6.040000
0.002876	6.040000
0.002880	6.040000
0.002884	6.040000
0.002888	6.040000
0.002892	6.040000
0.002896	6.040000
0.002900	6.040000
0.002904	6.040000
0.002908	6.040000
0.002912	6.040000
0.002916	6.040000
0.002920	6.040000
0.002924	6.040000
0.002928	6.020000
0.002932	6.040000
0.002936	6.020000
0.002940	6.020000
0.002944	6.020000
0.002948	6.020000
0.002952	6.020000
0.002956	6.020000
0.002960	6.020000
0.002964	6.020000
0.002968	6.020000
0.002972	6.020000
0.002976	6.020000
0.002980	6.020000
0.002984	6.020000
0.002988	6.020000
0.002992	6.020000
0.002996	6.020000
0.003000	6.020000
0.003004	6.020000
0.003008	6.020000
0.003012	6.020000
0.003016	6.020000
0.003020	6.020000
0.003024	6.020000
0.003028	6.020000
0.003032	6.020000
0.003036	6.020000
0.003040	6.020000
0.003044	6.020000
0.003048	6.020000
0.003052	6.020000
0.003056	6.000000
0.003060	6.020000
0.003064	6.020000
0.003068	6.000000
0.003072	6.000000
0.003076	6.000000
0.003080	6.020000
0.003084	6.000000
0.003088	6.000000
0.003092	6.000000
0.003096	6.000000
0.003100	6.000000
0.003104	6.000000
0.003108	6.000000
0.003112	6.000000
0.003116	6.000000
0.003120	6.000000
0.003124	6.000000
0.003128	6.000000
0.003132	6.000000
0.003136	6.000000
0.003140	6.000000
0.003144	6.000000
0.003148	6.000000
0.003152	6.000000
0.003156	6.000000
0.003160	6.000000
0.003164	6.000000
0.003168	6.000000
0.003172	6.000000
0.003176	6.000000
0.003180	6.000000
0.003184	5.980000
0.003188	5.980000
0.003192	5.980000
0.003196	5.980000
0.003200	5.980000
0.003204	5.980000
0.003208	5.980000
0.003212	5.980000
0.003216	5.980000
0.003220	5.980000
0.003224	5.980000
0.003228	5.980000
0.003232	5.980000
0.003236	5.980000
0.003240	5.980000
0.003244	5.980000
0.003248	5.980000
0.003252	5.980000
0.003256	5.980000
0.003260	5.980000
0.003264	5.980000
0.003268	5.980000
0.003272	5.980000
0.003276	5.960000
0.003280	5.960000
0.003284	5.980000
0.003288	5.960000
0.003292	5.960000
0.003296	5.960000
0.003300	5.960000
0.003304	5.960000
0.003308	5.980000
0.003312	5.960000
0.003316	5.960000
0.003320	5.960000
0.003324	5.960000
0.003328	5.960000
0.003332	5.960000
0.003336	5.960000
0.003340	5.960000
0.003344	5.960000
0.003348	5.960000
0.003352	5.960000
0.003356	5.960000
0.003360	5.960000
0.003364	5.960000
0.003368	5.960000
0.003372	5.960000
0.003376	5.960000
0.003380	5.960000
0.003384	5.960000
0.003388	5.960000
0.003392	5.960000
0.003396	5.960000
0.003400	5.960000
0.003404	5.960000
0.003408	5.960000
0.003412	5.960000
0.003416	5.960000
0.003420	5.960000
0.003424	5.960000
0.003428	5.960000
0.003432	5.960000
0.003436	5.940000
0.003440	5.940000
0.003444	5.940000
0.003448	5.960000
0.003452	5.940000
0.003456	5.940000
0.003460	5.940000
0.003464	5.940000
0.003468	5.940000
0.003472	5.940000
0.003476	5.940000
0.003480	5.940000
0.003484	5.940000
0.003488	5.940000
0.003492	5.940000
0.003496	5.940000
0.003500	5.940000
0.003504	5.940000
0.003508	5.940000
0.003512	5.940000
0.003516	5.940000
0.003520	5.940000
0.003524	5.940000
0.003528	5.940000
0.003532	5.940000
0.003536	5.940000
0.003540	5.940000
0.003544	5.940000
0.003548	5.920000
0.003552	5.940000
0.003556	5.940000
0.003560	5.940000
0.003564	5.940000
0.003568	5.940000
0.003572	5.920000
0.003576	5.940000
0.003580	5.920000
0.003584	5.920000
0.003588	5.920000
0.003592	5.920000
0.003596	5.920000
0.003600	5.920000
0.003604	5.920000
0.003608	5.920000
0.003612	5.920000
0.003616	5.920000
0.003620	5.920000
0.003624	5.920000
0.003628	5.920000
0.003632	5.920000
0.003636	5.920000
0.003640	5.920000
0.003644	5.920000
0.003648	5.920000
0.003652	5.920000
0.003656	5.920000
0.003660	5.920000
0.003664	5.920000
0.003668	5.920000
0.003672	5.920000
0.003676	5.920000
0.003680	5.920000
0.003684	5.920000
0.003688	5.920000
0.003692	5.920000
0.003696	5.920000
0.003700	5.920000
0.003704	5.920000
0.003708	5.920000
0.003712	5.920000
0.003716	5.900000
0.003720	5.900000
0.003724	5.920000
0.003728	5.900000
0.003732	5.900000
0.003736	5.900000
0.003740	5.900000
0.003744	5.900000
0.003748	5.900000
0.003752	5.900000
0.003756	5.900000
0.003760	5.900000
0.003764	5.900000
0.003768	5.900000
0.003772	5.900000
0.003776	5.900000
0.003780	5.900000
0.003784	5.900000
0.003788	5.900000
0.003792	5.900000
0.003796	5.900000
0.003800	5.900000
0.003804	5.900000
0.003808	5.900000
0.003812	5.900000
0.003816	5.900000
0.003820	5.900000
0.003824	5.900000
0.003828	5.900000
0.003832	5.900000
0.003836	5.900000
0.003840	5.900000
0.003844	5.900000
0.003848	5.900000
0.003852	5.900000
0.003856	5.900000
0.003860	5.900000
0.003864	5.900000
0.003868	5.900000
0.003872	5.900000
0.003876	5.880000
0.003880	5.900000
0.003884	5.880000
0.003888	5.880000
0.003892	5.880000
0.003896	5.880000
0.003900	5.880000
0.003904	5.880000
0.003908	5.880000
0.003912	5.880000
0.003916	5.880000
0.003920	5.880000
0.003924	5.880000
0.003928	5.880000
0.003932	5.880000
0.003936	5.880000
0.003940	5.880000
0.003944	5.880000
0.003948	5.880000
0.003952	5.880000
0.003956	5.880000
0.003960	5.880000
0.003964	5.880000
0.003968	5.880000
0.003972	5.880000
0.003976	5.880000
0.003980	5.880000
0.003984	5.880000
0.003988	5.880000
0.003992	5.880000
0.003996	5.880000
0.004000	5.880000
0.004004	5.880000
0.004008	5.860000
0.004012	5.880000
0.004016	5.880000
0.004020	5.880000
0.004024	5.880000
0.004028	5.880000
0.004032	5.860000
0.004036	5.880000
0.004040	5.860000
0.004044	5.860000
0.004048	5.860000
0.004052	5.860000
0.004056	5.860000
0.004060	5.860000
0.004064	5.860000
0.004068	5.860000
0.004072	5.860000
0.004076	5.860000
0.004080	5.860000
0.004084	5.860000
0.004088	5.860000
0.004092	5.860000
0.004096	5.860000
0.004100	5.860000
0.004104	5.860000
0.004108	5.860000
0.004112	5.860000
0.004116	5.860000
0.004120	5.860000
0.004124	5.860000
0.004128	5.860000
0.004132	5.860000
0.004136	5.860000
0.004140	5.860000
0.004144	5.860000
0.004148	5.860000
0.004152	5.860000
0.004156	5.860000
0.004160	5.860000
0.004164	5.860000
0.004168	5.860000
0.004172	5.860000
0.004176	5.860000
0.004180	5.860000
0.004184	5.860000
0.004188	5.860000
0.004192	5.860000
0.004196	5.860000
0.004200	5.860000
0.004204	5.860000
0.004208	5.860000
0.004212	5.860000
0.004216	5.860000
0.004220	5.860000
0.004224	5.840000
0.004228	5.860000
0.004232	5.840000
0.004236	5.840000
0.004240	5.840000
0.004244	5.840000
0.004248	5.840000
0.004252	5.840000
0.004256	5.840000
0.004260	5.840000
0.004264	5.840000
0.004268	5.840000
0.004272	5.840000
0.004276	5.840000
0.004280	5.840000
0.004284	5.840000
0.004288	5.840000
0.004292	5.840000
0.004296	5.840000
0.004300	5.840000
0.004304	5.840000
0.004308	5.840000
0.004312	5.840000
0.004316	5.840000
0.004320	5.840000
0.004324	5.840000
0.004328	5.840000
0.004332	5.840000
0.004336	5.840000
0.004340	5.840000
0.004344	5.840000
0.004348	5.840000
0.004352	5.840000
0.004356	5.840000
0.004360	5.840000
0.004364	5.840000
0.004368	5.840000
0.004372	5.820000
0.004376	5.840000
0.004380	5.820000
0.004384	5.840000
0.004388	5.820000
0.004392	5.820000
0.004396	5.820000
0.004400	5.820000
0.004404	5.820000
0.004408	5.820000
0.004412	5.820000
0.004416	5.820000
0.004420	5.820000
0.004424	5.820000
0.004428	5.820000
0.004432	5.820000
0.004436	5.820000
0.004440	5.820000
0.004444	5.820000
0.004448	5.820000
0.004452	5.820000
0.004456	5.820000
0.004460	5.820000
0.004464	5.820000
0.004468	5.820000
0.004472	5.820000
0.004476	5.820000
0.004480	5.820000
0.004484	5.820000
0.004488	5.820000
0.004492	5.820000
0.004496	5.820000
0.004500	5.820000
0.004504	5.820000
0.004508	5.820000
0.004512	5.820000
0.004516	5.820000
0.004520	5.820000
0.004524	5.820000
0.004528	5.820000
0.004532	5.820000
0.004536	5.820000
0.004540	5.820000
0.004544	5.820000
0.004548	5.820000
0.004552	5.820000
0.004556	5.820000
0.004560	5.820000
0.004564	5.820000
0.004568	5.820000
0.004572	5.820000
0.004576	5.800000
0.004580	5.820000
0.004584	5.820000
0.004588	5.800000
0.004592	5.800000
0.004596	5.800000
0.004600	5.820000
0.004604	5.800000
0.004608	5.800000
0.004612	5.800000
0.004616	5.800000
0.004620	5.800000
0.004624	5.800000
0.004628	5.800000
0.004632	5.800000
0.004636	5.800000
0.004640	5.800000
0.004644	5.800000
0.004648	5.800000
0.004652	5.800000
0.004656	5.800000
0.004660	5.800000
0.004664	5.800000
0.004668	5.800000
0.004672	5.800000
0.004676	5.800000
0.004680	5.800000
0.004684	5.800000
0.004688	5.800000
0.004692	5.800000
0.004696	5.800000
0.004700	5.800000
0.004704	5.800000
0.004708	5.800000
0.004712	5.800000
0.004716	5.800000
0.004720	5.800000
0.004724	5.800000
0.004728	5.800000
0.004732	5.800000
0.004736	5.800000
0.004740	5.800000
0.004744	5.800000
0.004748	5.800000
0.004752	5.800000
0.004756	5.800000
0.004760	5.800000
0.004764	5.800000
0.004768	5.800000
0.004772	5.800000
0.004776	5.800000
0.004780	5.800000
0.004784	5.800000
0.004788	5.800000
0.004792	5.800000
0.004796	5.800000
0.004800	5.800000
0.004804	5.800000
0.004808	5.800000
0.004812	5.800000
0.004816	5.800000
0.004820	5.800000
0.004824	5.800000
0.004828	5.800000
0.004832	5.800000
0.004836	5.800000
0.004840	5.800000
0.004844	5.800000
0.004848	5.780000
0.004852	5.780000
0.004856	5.800000
0.004860	5.780000
0.004864	5.780000
0.004868	5.780000
0.004872	5.780000
0.004876	5.780000
0.004880	5.780000
0.004884	5.780000
0.004888	5.780000
0.004892	5.780000
0.004896	5.780000
0.004900	5.780000
0.004904	5.780000
0.004908	5.780000
0.004912	5.780000
0.004916	5.780000
0.004920	5.780000
0.004924	5.780000
0.004928	5.780000
0.004932	5.780000
0.004936	5.780000
0.004940	5.780000
0.004944	5.780000
0.004948	5.780000
0.004952	5.780000
0.004956	5.780000
0.004960	5.780000
0.004964	5.780000
0.004968	5.780000
0.004972	5.780000
0.004976	5.780000
0.004980	5.780000
0.004984	5.780000
0.004988	5.780000
0.004992	5.780000
0.004996	5.780000
0.005000	5.780000
0.005004	5.780000
0.005008	5.780000
0.005012	5.780000
0.005016	5.780000
0.005020	5.780000
0.005024	5.780000
0.005028	5.780000
0.005032	5.760000
0.005036	5.780000
0.005040	5.780000
0.005044	5.780000
0.005048	5.780000
0.005052	5.760000
0.005056	5.780000
0.005060	5.780000
0.005064	5.780000
0.005068	5.760000
0.005072	5.760000
0.005076	5.760000
0.005080	5.760000
0.005084	5.760000
0.005088	5.760000
0.005092	5.760000
0.005096	5.760000
0.005100	5.760000
0.005104	5.780000
0.005108	5.760000
0.005112	5.760000
0.005116	5.760000
0.005120	5.760000
0.005124	5.760000
0.005128	5.760000
0.005132	5.760000
0.005136	5.760000
0.005140	5.760000
0.005144	5.760000
0.005148	5.760000
0.005152	5.760000
0.005156	5.760000
0.005160	5.760000
0.005164	5.760000
0.005168	5.760000
0.005172	5.760000
0.005176	5.760000
0.005180	5.760000
0.005184	5.760000
0.005188	5.760000
0.005192	5.760000
0.005196	5.760000
0.005200	5.760000
0.005204	5.760000
0.005208	5.760000
0.005212	5.760000
0.005216	5.760000
0.005220	5.760000
0.005224	5.760000
0.005228	5.760000
0.005232	5.760000
0.005236	5.760000
0.005240	5.760000
0.005244	5.760000
0.005248	5.760000
0.005252	5.760000
0.005256	5.760000
0.005260	5.760000
0.005264	5.760000
0.005268	5.760000
0.005272	5.760000
0.005276	5.760000
0.005280	5.760000
0.005284	5.760000
0.005288	5.760000
0.005292	5.760000
0.005296	5.760000
0.005300	5.760000
0.005304	5.760000
0.005308	5.760000
0.005312	5.760000
0.005316	5.760000
0.005320	5.740000
0.005324	5.760000
0.005328	5.760000
0.005332	5.760000
0.005336	5.760000
0.005340	5.760000
0.005344	5.760000
0.005348	5.740000
0.005352	5.740000
0.005356	5.760000
0.005360	5.760000
0.005364	5.740000
0.005368	5.740000
0.005372	5.740000
0.005376	5.760000
0.005380	5.740000
0.005384	5.760000
0.005388	5.740000
0.005392	5.740000
0.005396	5.740000
0.005400	5.740000
0.005404	5.740000
0.005408	5.740000
0.005412	5.740000
0.005416	5.740000
0.005420	5.740000
0.005424	5.740000
0.005428	5.740000
0.005432	5.740000
0.005436	5.740000
0.005440	5.740000
0.005444	5.740000
0.005448	5.740000
0.005452	5.740000
0.005456	5.740000
0.005460	5.740000
0.005464	5.740000
0.005468	5.740000
0.005472	5.740000
0.005476	5.740000
0.005480	5.740000
0.005484	5.740000
0.005488	5.740000
0.005492	5.740000
0.005496	5.740000
0.005500	5.740000
0.005504	5.740000
0.005508	5.740000
0.005512	5.740000
0.005516	5.740000
0.005520	5.740000
0.005524	5.740000
0.005528	5.740000
0.005532	5.740000
0.005536	5.740000
0.005540	5.740000
0.005544	5.740000
0.005548	5.740000
0.005552	5.740000
0.005556	5.740000
0.005560	5.740000
0.005564	5.740000
0.005568	5.740000
0.005572	5.740000
0.005576	5.740000
0.005580	5.740000
0.005584	5.740000
0.005588	5.740000
0.005592	5.740000
0.005596	5.740000
0.005600	5.720000
0.005604	5.720000
0.005608	5.720000
0.005612	5.740000
0.005616	5.740000
0.005620	5.720000
0.005624	5.740000
0.005628	5.740000
0.005632	5.740000
0.005636	5.720000
0.005640	5.720000
0.005644	5.720000
0.005648	5.720000
0.005652	5.720000
0.005656	5.720000
0.005660	5.720000
0.005664	5.720000
0.005668	5.720000
0.005672	5.720000
0.005676	5.720000
0.005680	5.720000
0.005684	5.720000
0.005688	5.720000
0.005692	5.720000
0.005696	5.720000
0.005700	5.720000
0.005704	5.720000
0.005708	5.720000
0.005712	5.720000
0.005716	5.720000
0.005720	5.720000
0.005724	5.720000
0.005728	5.720000
0.005732	5.720000
0.005736	5.720000
0.005740	5.720000
0.005744	5.720000
0.005748	5.720000
0.005752	5.720000
0.005756	5.720000
0.005760	5.720000
0.005764	5.720000
0.005768	5.720000
0.005772	5.720000
0.005776	5.720000
0.005780	5.720000
0.005784	5.720000
0.005788	5.720000
0.005792	5.720000
0.005796	5.720000
0.005800	5.720000
0.005804	5.720000
0.005808	5.720000
0.005812	5.720000
0.005816	5.720000
0.005820	5.720000
0.005824	5.720000
0.005828	5.720000
0.005832	5.720000
0.005836	5.720000
0.005840	5.720000
0.005844	5.720000
0.005848	5.720000
0.005852	5.720000
0.005856	5.720000
0.005860	5.720000
0.005864	5.720000
0.005868	5.720000
0.005872	5.720000
0.005876	5.720000
0.005880	5.720000
0.005884	5.720000
0.005888	5.720000
0.005892	5.720000
0.005896	5.720000
0.005900	5.720000
0.005904	5.720000
0.005908	5.720000
0.005912	5.720000
0.005916	5.720000
0.005920	5.700000
0.005924	5.720000
0.005928	5.720000
0.005932	5.700000
0.005936	5.720000
0.005940	5.700000
0.005944	5.720000
0.005948	5.720000
0.005952	5.700000
0.005956	5.720000
0.005960	5.720000
0.005964	5.700000
0.005968	5.720000
0.005972	5.700000
0.005976	5.700000
0.005980	5.700000
0.005984	5.700000
0.005988	5.700000
0.005992	5.700000
0.005996	5.700000
0.006000	5.700000
0.006004	5.700000
0.006008	5.700000
0.006012	5.700000
0.006016	5.700000
0.006020	5.700000
0.006024	5.700000
0.006028	5.700000
0.006032	5.700000
0.006036	5.700000
0.006040	5.700000
0.006044	5.700000
0.006048	5.700000
0.006052	5.700000
0.006056	5.700000
0.006060	5.700000
0.006064	5.700000
0.006068	5.700000
0.006072	5.700000
0.006076	5.700000
0.006080	5.700000
0.006084	5.700000
0.006088	5.700000
0.006092	5.700000
0.006096	5.700000
0.006100	5.700000
0.006104	5.700000
0.006108	5.700000
0.006112	5.700000
0.006116	5.700000
0.006120	5.700000
0.006124	5.700000
0.006128	5.700000
0.006132	5.700000
0.006136	5.700000
0.006140	5.700000
0.006144	5.700000
0.006148	5.700000
0.006152	5.700000
0.006156	5.700000
0.006160	5.700000
0.006164	5.700000
0.006168	5.700000
0.006172	5.700000
0.006176	5.700000
0.006180	5.700000
0.006184	5.700000
0.006188	5.700000
0.006192	5.700000
0.006196	5.700000
0.006200	5.700000
0.006204	5.700000
0.006208	5.700000
0.006212	5.700000
0.006216	5.700000
0.006220	5.700000
0.006224	5.700000
0.006228	5.700000
0.006232	5.700000
0.006236	5.700000
0.006240	5.700000
0.006244	5.700000
0.006248	5.680000
0.006252	5.700000
0.006256	5.700000
0.006260	5.700000
0.006264	5.700000
0.006268	5.700000
0.006272	5.700000
0.006276	5.680000
0.006280	5.680000
0.006284	5.680000
0.006288	5.680000
0.006292	5.680000
0.006296	5.680000
0.006300	5.680000
0.006304	5.680000
0.006308	5.680000
0.006312	5.680000
0.006316	5.680000
0.006320	5.680000
0.006324	5.680000
0.006328	5.680000
0.006332	5.680000
0.006336	5.680000
0.006340	5.680000
0.006344	5.680000
0.006348	5.680000
0.006352	5.680000
0.006356	5.680000
0.006360	5.680000
0.006364	5.680000
0.006368	5.680000
0.006372	5.680000
0.006376	5.680000
0.006380	5.680000
0.006384	5.680000
0.006388	5.680000
0.006392	5.680000
0.006396	5.680000
0.006400	5.680000
0.006404	5.680000
0.006408	5.680000
0.006412	5.680000
0.006416	5.680000
0.006420	5.680000
0.006424	5.680000
0.006428	5.680000
0.006432	5.680000
0.006436	5.680000
0.006440	5.680000
0.006444	5.680000
0.006448	5.680000
0.006452	5.680000
0.006456	5.680000
0.006460	5.680000
0.006464	5.680000
0.006468	5.680000
0.006472	5.680000
0.006476	5.680000
0.006480	5.680000
0.006484	5.680000
0.006488	5.680000
0.006492	5.680000
0.006496	5.680000
0.006500	5.680000
0.006504	5.680000
0.006508	5.680000
0.006512	5.680000
0.006516	5.680000
0.006520	5.680000
0.006524	5.680000
0.006528	5.680000
0.006532	5.680000
0.006536	5.680000
0.006540	5.680000
0.006544	5.680000
0.006548	5.680000
0.006552	5.680000
0.006556	5.680000
0.006560	5.680000
0.006564	5.680000
0.006568	5.680000
0.006572	5.680000
0.006576	5.680000
0.006580	5.680000
0.006584	5.680000
0.006588	5.680000
0.006592	5.680000
0.006596	5.660000
0.006600	5.680000
0.006604	5.680000
0.006608	5.680000
0.006612	5.680000
0.006616	5.680000
0.006620	5.660000
0.006624	5.660000
0.006628	5.660000
0.006632	5.680000
0.006636	5.660000
0.006640	5.660000
0.006644	5.680000
0.006648	5.680000
0.006652	5.660000
0.006656	5.660000
0.006660	5.680000
0.006664	5.660000
0.006668	5.680000
0.006672	5.660000
0.006676	5.660000
0.006680	5.660000
0.006684	5.660000
0.006688	5.660000
0.006692	5.660000
0.006696	5.660000
0.006700	5.660000
0.006704	5.660000
0.006708	5.660000
0.006712	5.660000
0.006716	5.660000
0.006720	5.660000
0.006724	5.660000
0.006728	5.660000
0.006732	5.660000
0.006736	5.660000
0.006740	5.660000
0.006744	5.660000
0.006748	5.660000
0.006752	5.660000
0.006756	5.660000
0.006760	5.660000
0.006764	5.660000
0.006768	5.660000
0.006772	5.660000
0.006776	5.660000
0.006780	5.660000
0.006784	5.660000
0.006788	5.660000
0.006792	5.660000
0.006796	5.660000
0.006800	5.660000
0.006804	5.660000
0.006808	5.660000
0.006812	5.660000
0.006816	5.660000
0.006820	5.660000
0.006824	5.660000
0.006828	5.660000
0.006832	5.660000
0.006836	5.660000
0.006840	5.660000
0.006844	5.660000
0.006848	5.660000
0.006852	5.660000
0.006856	5.660000
0.006860	5.660000
0.006864	5.660000
0.006868	5.660000
0.006872	5.660000
0.006876	5.660000
0.006880	5.660000
0.006884	5.660000
0.006888	5.660000
0.006892	5.660000
0.006896	5.660000
0.006900	5.660000
0.006904	5.660000
0.006908	5.660000
0.006912	5.660000
0.006916	5.660000
0.006920	5.660000
0.006924	5.660000
0.006928	5.660000
0.006932	5.660000
0.006936	5.660000
0.006940	5.660000
0.006944	5.660000
0.006948	5.660000
0.006952	5.660000
0.006956	5.660000
0.006960	5.660000
0.006964	5.660000
0.006968	5.660000
0.006972	5.660000
0.006976	5.660000
0.006980	5.660000
0.006984	5.660000
0.006988	5.660000
0.006992	5.660000
0.006996	5.660000
0.007000	5.660000
0.007004	5.660000
0.007008	5.660000
0.007012	5.660000
0.007016	5.660000
0.007020	5.660000
0.007024	5.660000
0.007028	5.660000
0.007032	5.660000
0.007036	5.660000
0.007040	5.660000
0.007044	5.660000
0.007048	5.660000
0.007052	5.660000
0.007056	5.660000
0.007060	5.660000
0.007064	5.660000
0.007068	5.660000
0.007072	5.660000
0.007076	5.660000
0.007080	5.660000
0.007084	5.660000
0.007088	5.640000
0.007092	5.660000
0.007096	5.660000
0.007100	5.660000
0.007104	5.660000
0.007108	5.660000
0.007112	5.660000
0.007116	5.660000
0.007120	5.660000
0.007124	5.640000
0.007128	5.660000
0.007132	5.660000
0.007136	5.660000
0.007140	5.660000
0.007144	5.660000
0.007148	5.660000
0.007152	5.660000
0.007156	5.660000
0.007160	5.660000
0.007164	5.660000
0.007168	5.660000
0.007172	5.640000
0.007176	5.660000
0.007180	5.660000
0.007184	5.660000
0.007188	5.640000
0.007192	5.640000
0.007196	5.640000
0.007200	5.640000
0.007204	5.660000
0.007208	5.640000
0.007212	5.640000
0.007216	5.640000
0.007220	5.660000
0.007224	5.640000
0.007228	5.640000
0.007232	5.640000
0.007236	5.640000
0.007240	5.640000
0.007244	5.640000
0.007248	5.640000
0.007252	5.640000
0.007256	5.640000
0.007260	5.640000
0.007264	5.640000
0.007268	5.640000
0.007272	5.640000
0.007276	5.640000
0.007280	5.640000
0.007284	5.640000
0.007288	5.640000
0.007292	5.640000
0.007296	5.640000
0.007300	5.640000
0.007304	5.640000
0.007308	5.640000
0.007312	5.640000
0.007316	5.640000
0.007320	5.640000
0.007324	5.640000
0.007328	5.640000
0.007332	5.640000
0.007336	5.640000
0.007340	5.640000
0.007344	5.640000
0.007348	5.640000
0.007352	5.640000
0.007356	5.640000
0.007360	5.640000
0.007364	5.640000
0.007368	5.640000
0.007372	5.640000
0.007376	5.640000
0.007380	5.640000
0.007384	5.640000
0.007388	5.640000
0.007392	5.640000
0.007396	5.640000
0.007400	5.640000
0.007404	5.640000
0.007408	5.640000
0.007412	5.640000
0.007416	5.640000
0.007420	5.640000
0.007424	5.640000
0.007428	5.640000
0.007432	5.640000
0.007436	5.640000
0.007440	5.640000
0.007444	5.640000
0.007448	5.640000
0.007452	5.640000
0.007456	5.640000
0.007460	5.640000
0.007464	5.640000
0.007468	5.640000
0.007472	5.640000
0.007476	5.640000
0.007480	5.640000
0.007484	5.640000
0.007488	5.640000
0.007492	5.640000
0.007496	5.640000
0.007500	5.640000
0.007504	5.640000
0.007508	5.640000
0.007512	5.640000
0.007516	5.640000
0.007520	5.640000
0.007524	5.640000
0.007528	5.640000
0.007532	5.640000
0.007536	5.640000
0.007540	5.640000
0.007544	5.640000
0.007548	5.640000
0.007552	5.640000
0.007556	5.640000
0.007560	5.640000
0.007564	5.640000
0.007568	5.640000
0.007572	5.640000
0.007576	5.640000
0.007580	5.640000
0.007584	5.640000
0.007588	5.640000
0.007592	5.640000
0.007596	5.640000
0.007600	5.640000
0.007604	5.640000
0.007608	5.620000
0.007612	5.640000
0.007616	5.640000
0.007620	5.640000
0.007624	5.640000
0.007628	5.620000
0.007632	5.640000
0.007636	5.620000
0.007640	5.640000
0.007644	5.620000
0.007648	5.640000
0.007652	5.620000
0.007656	5.640000
0.007660	5.640000
0.007664	5.620000
0.007668	5.640000
0.007672	5.620000
0.007676	5.620000
0.007680	5.620000
0.007684	5.620000
0.007688	5.620000
0.007692	5.620000
0.007696	5.620000
0.007700	5.620000
0.007704	5.620000
0.007708	5.620000
0.007712	5.620000
0.007716	5.620000
0.007720	5.620000
0.007724	5.620000
0.007728	5.620000
0.007732	5.620000
0.007736	5.620000
0.007740	5.620000
0.007744	5.620000
0.007748	5.640000
0.007752	5.620000
0.007756	5.620000
0.007760	5.620000
0.007764	5.620000
0.007768	5.620000
0.007772	5.620000
0.007776	5.640000
0.007780	5.620000
0.007784	5.620000
0.007788	5.620000
0.007792	5.620000
0.007796	5.620000
0.007800	5.620000
0.007804	5.620000
0.007808	5.620000
0.007812	5.620000
0.007816	5.620000
0.007820	5.620000
0.007824	5.620000
0.007828	5.620000
0.007832	5.620000
0.007836	5.620000
0.007840	5.620000
0.007844	5.620000
0.007848	5.620000
0.007852	5.620000
0.007856	5.620000
0.007860	5.620000
0.007864	5.620000
0.007868	5.620000
0.007872	5.620000
0.007876	5.620000
0.007880	5.620000
0.007884	5.620000
0.007888	5.620000
0.007892	5.620000
0.007896	5.620000
0.007900	5.620000
0.007904	5.620000
0.007908	5.620000
0.007912	5.620000
0.007916	5.620000
0.007920	5.620000
0.007924	5.620000
0.007928	5.620000
0.007932	5.620000
0.007936	5.620000
0.007940	5.620000
0.007944	5.620000
0.007948	5.620000
0.007952	5.620000
0.007956	5.620000
0.007960	5.620000
0.007964	5.620000
0.007968	5.620000
0.007972	5.620000
0.007976	5.620000
0.007980	5.620000
0.007984	5.620000
0.007988	5.620000
0.007992	5.620000
0.007996	5.620000
0.008000	5.620000
0.008004	5.620000
0.008008	5.620000
0.008012	5.620000
0.008016	5.620000
0.008020	5.620000
0.008024	5.620000
0.008028	5.620000
0.008032	5.620000
0.008036	5.620000
0.008040	5.620000
0.008044	5.620000
0.008048	5.620000
0.008052	5.620000
0.008056	5.620000
0.008060	5.620000
0.008064	5.620000
0.008068	5.620000
0.008072	5.620000
0.008076	5.620000
0.008080	5.620000
0.008084	5.620000
0.008088	5.620000
0.008092	5.620000
0.008096	5.620000
0.008100	5.620000
0.008104	5.620000
0.008108	5.620000
0.008112	5.620000
0.008116	5.620000
0.008120	5.620000
0.008124	5.620000
0.008128	5.620000
0.008132	5.620000
0.008136	5.620000
0.008140	5.620000
0.008144	5.620000
0.008148	5.620000
0.008152	5.620000
0.008156	5.620000
0.008160	5.620000
0.008164	5.620000
0.008168	5.620000
0.008172	5.620000
0.008176	5.620000
0.008180	5.620000
0.008184	5.620000
0.008188	5.620000
0.008192	5.620000
0.008196	5.620000
0.008200	5.620000
0.008204	5.620000
0.008208	5.620000
0.008212	5.620000
0.008216	5.620000
0.008220	5.620000
0.008224	5.620000
0.008228	5.620000
0.008232	5.620000
0.008236	5.620000
0.008240	5.620000
0.008244	5.620000
0.008248	5.620000
0.008252	5.620000
0.008256	5.620000
0.008260	5.620000
0.008264	5.620000
0.008268	5.620000
0.008272	5.620000
0.008276	5.620000
0.008280	5.620000
0.008284	5.620000
0.008288	5.620000
0.008292	5.620000
0.008296	5.620000
0.008300	5.620000
0.008304	5.620000
0.008308	5.620000
0.008312	5.620000
0.008316	5.620000
0.008320	5.620000
0.008324	5.620000
0.008328	5.620000
0.008332	5.620000
0.008336	5.620000
0.008340	5.620000
0.008344	5.620000
0.008348	5.620000
0.008352	5.620000
0.008356	5.620000
0.008360	5.620000
0.008364	5.620000
0.008368	5.620000
0.008372	5.620000
0.008376	5.620000
0.008380	5.620000
0.008384	5.620000
0.008388	5.620000
0.008392	5.620000
0.008396	5.620000
0.008400	5.620000
0.008404	5.620000
0.008408	5.620000
0.008412	5.620000
0.008416	5.620000
0.008420	5.620000
0.008424	5.620000
0.008428	5.620000
0.008432	5.620000
0.008436	5.620000
0.008440	5.620000
0.008444	5.620000
0.008448	5.620000
0.008452	5.620000
0.008456	5.620000
0.008460	5.620000
0.008464	5.620000
0.008468	5.620000
0.008472	5.620000
0.008476	5.620000
0.008480	5.620000
0.008484	5.620000
0.008488	5.620000
0.008492	5.620000
0.008496	5.620000
0.008500	5.620000
0.008504	5.620000
0.008508	5.620000
0.008512	5.620000
0.008516	5.620000
0.008520	5.620000
0.008524	5.620000
0.008528	5.620000
0.008532	5.620000
0.008536	5.620000
0.008540	5.620000
0.008544	5.620000
0.008548	5.620000
0.008552	5.600000
0.008556	5.620000
0.008560	5.600000
0.008564	5.600000
0.008568	5.620000
0.008572	5.600000
0.008576	5.600000
0.008580	5.620000
0.008584	5.620000
0.008588	5.620000
0.008592	5.600000
0.008596	5.620000
0.008600	5.620000
0.008604	5.620000
0.008608	5.620000
0.008612	5.600000
0.008616	5.600000
0.008620	5.620000
0.008624	5.620000
0.008628	5.620000
0.008632	5.620000
0.008636	5.600000
0.008640	5.620000
0.008644	5.620000
0.008648	5.600000
0.008652	5.600000
0.008656	5.600000
0.008660	5.600000
0.008664	5.600000
0.008668	5.620000
0.008672	5.620000
0.008676	5.600000
0.008680	5.600000
0.008684	5.600000
0.008688	5.600000
0.008692	5.620000
0.008696	5.600000
0.008700	5.600000
0.008704	5.600000
0.008708	5.600000
0.008712	5.600000
0.008716	5.620000
0.008720	5.620000
0.008724	5.600000
0.008728	5.600000
0.008732	5.600000
0.008736	5.600000
0.008740	5.600000
0.008744	5.600000
0.008748	5.600000
0.008752	5.600000
0.008756	5.600000
0.008760	5.600000
0.008764	5.600000
0.008768	5.600000
0.008772	5.600000
0.008776	5.600000
0.008780	5.600000
0.008784	5.600000
0.008788	5.600000
0.008792	5.620000
0.008796	5.600000
0.008800	5.600000
0.008804	5.600000
0.008808	5.600000
0.008812	5.600000
0.008816	5.600000
0.008820	5.600000
0.008824	5.600000
0.008828	5.600000
0.008832	5.600000
0.008836	5.600000
0.008840	5.600000
0.008844	5.600000
0.008848	5.600000
0.008852	5.600000
0.008856	5.600000
0.008860	5.600000
0.008864	5.600000
0.008868	5.600000
0.008872	5.600000
0.008876	5.600000
0.008880	5.600000
0.008884	5.600000
0.008888	5.600000
0.008892	5.600000
0.008896	5.600000
0.008900	5.600000
0.008904	5.600000
0.008908	5.600000
0.008912	5.600000
0.008916	5.600000
0.008920	5.600000
0.008924	5.600000
0.008928	5.600000
0.008932	5.600000
0.008936	5.600000
0.008940	5.600000
0.008944	5.600000
0.008948	5.600000
0.008952	5.600000
0.008956	5.600000
0.008960	5.600000
0.008964	5.600000
0.008968	5.600000
0.008972	5.600000
0.008976	5.600000
0.008980	5.600000
0.008984	5.600000
0.008988	5.600000
0.008992	5.600000
0.008996	5.600000
0.009000	5.600000
0.009004	5.600000
0.009008	5.600000
0.009012	5.600000
0.009016	5.600000
0.009020	5.600000
0.009024	5.600000
0.009028	5.600000
0.009032	5.600000
0.009036	5.600000
0.009040	5.600000
0.009044	5.600000
0.009048	5.600000
0.009052	5.600000
0.009056	5.600000
0.009060	5.600000
0.009064	5.600000
0.009068	5.600000
0.009072	5.600000
0.009076	5.600000
0.009080	5.600000
0.009084	5.600000
0.009088	5.600000
0.009092	5.600000
0.009096	5.600000
0.009100	5.600000
0.009104	5.600000
0.009108	5.600000
0.009112	5.600000
0.009116	5.600000
0.009120	5.600000
0.009124	5.600000
0.009128	5.600000
0.009132	5.600000
0.009136	5.600000
0.009140	5.600000
0.009144	5.600000
0.009148	5.600000
0.009152	5.600000
0.009156	5.600000
0.009160	5.600000
0.009164	5.600000
0.009168	5.600000
0.009172	5.600000
0.009176	5.600000
0.009180	5.600000
0.009184	5.600000
0.009188	5.600000
0.009192	5.600000
0.009196	5.600000
0.009200	5.600000
0.009204	5.600000
0.009208	5.600000
0.009212	5.600000
0.009216	5.600000
0.009220	5.600000
0.009224	5.600000
0.009228	5.600000
0.009232	5.600000
0.009236	5.600000
0.009240	5.600000
0.009244	5.600000
0.009248	5.600000
0.009252	5.600000
0.009256	5.600000
0.009260	5.600000
0.009264	5.600000
0.009268	5.600000
0.009272	5.600000
0.009276	5.600000
0.009280	5.600000
0.009284	5.600000
0.009288	5.600000
0.009292	5.600000
0.009296	5.600000
0.009300	5.600000
0.009304	5.600000
0.009308	5.600000
0.009312	5.600000
0.009316	5.600000
0.009320	5.600000
0.009324	5.600000
0.009328	5.600000
0.009332	5.600000
0.009336	5.600000
0.009340	5.600000
0.009344	5.600000
0.009348	5.600000
0.009352	5.600000
0.009356	5.600000
0.009360	5.600000
0.009364	5.600000
0.009368	5.600000
0.009372	5.600000
0.009376	5.600000
0.009380	5.600000
0.009384	5.600000
0.009388	5.600000
0.009392	5.600000
0.009396	5.600000
0.009400	5.600000
0.009404	5.600000
0.009408	5.600000
0.009412	5.600000
0.009416	5.600000
0.009420	5.580000
0.009424	5.600000
0.009428	5.600000
0.009432	5.600000
0.009436	5.600000
0.009440	5.580000
0.009444	5.600000
0.009448	5.600000
0.009452	5.600000
0.009456	5.600000
0.009460	5.600000
0.009464	5.600000
0.009468	5.600000
0.009472	5.600000
0.009476	5.600000
0.009480	5.600000
0.009484	5.580000
0.009488	5.600000
0.009492	5.600000
0.009496	5.600000
0.009500	5.600000
0.009504	5.580000
0.009508	5.580000
0.009512	5.580000
0.009516	5.580000
0.009520	5.580000
0.009524	5.600000
0.009528	5.600000
0.009532	5.600000
0.009536	5.580000
0.009540	5.580000
0.009544	5.600000
0.009548	5.600000
0.009552	5.580000
0.009556	5.580000
0.009560	5.600000
0.009564	5.600000
0.009568	5.580000
0.009572	5.580000
0.009576	5.580000
0.009580	5.580000
0.009584	5.600000
0.009588	5.580000
0.009592	5.600000
0.009596	5.580000
0.009600	5.580000
0.009604	5.580000
0.009608	5.580000
0.009612	5.580000
0.009616	5.580000
0.009620	5.580000
0.009624	5.600000
0.009628	5.580000
0.009632	5.580000
0.009636	5.580000
0.009640	5.580000
0.009644	5.600000
0.009648	5.580000
0.009652	5.580000
0.009656	5.580000
0.009660	5.580000
0.009664	5.580000
0.009668	5.580000
0.009672	5.580000
0.009676	5.580000
0.009680	5.580000
0.009684	5.580000
0.009688	5.580000
0.009692	5.580000
0.009696	5.580000
0.009700	5.580000
0.009704	5.580000
0.009708	5.580000
0.009712	5.580000
0.009716	5.580000
0.009720	5.600000
0.009724	5.580000
0.009728	5.580000
0.009732	5.580000
0.009736	5.580000
0.009740	5.580000
0.009744	5.580000
0.009748	5.600000
0.009752	5.580000
0.009756	5.580000
0.009760	5.580000
0.009764	5.580000
0.009768	5.580000
0.009772	5.580000
0.009776	5.580000
0.009780	5.580000
0.009784	5.580000
0.009788	5.580000
0.009792	5.580000
0.009796	5.580000
0.009800	5.580000
0.009804	5.600000
0.009808	5.580000
0.009812	5.580000
0.009816	5.580000
0.009820	5.580000
0.009824	5.580000
0.009828	5.580000
0.009832	5.580000
0.009836	5.580000
0.009840	5.580000
0.009844	5.580000
0.009848	5.580000
0.009852	5.580000
0.009856	5.580000
0.009860	5.580000
0.009864	5.580000
0.009868	5.580000
0.009872	5.580000
0.009876	5.580000
0.009880	5.580000
0.009884	5.580000
0.009888	5.580000
0.009892	5.580000
0.009896	5.580000
0.009900	5.580000
0.009904	5.580000
0.009908	5.580000
0.009912	5.580000
0.009916	5.580000
0.009920	5.580000
0.009924	5.580000
0.009928	5.580000
0.009932	5.580000
0.009936	5.580000
0.009940	5.580000
0.009944	5.580000
0.009948	5.580000
0.009952	5.580000
0.009956	5.580000
0.009960	5.580000
0.009964	5.580000
0.009968	5.580000
0.009972	5.580000
0.009976	5.580000
0.009980	5.580000
0.009984	5.580000
0.009988	5.580000
0.009992	5.580000
0.009996	5.580000
