0.000000	5.520000	0.002400
2.000000E-5	5.520000	0.002400
4.000000E-5	5.520000	0.002400
6.000000E-5	5.520000	0.002400
8.000000E-5	5.520000	0.002400
0.000100	5.520000	0.002400
0.000120	5.520000	0.002800
0.000140	5.520000	0.002800
0.000160	5.520000	0.002800
0.000180	5.520000	0.002800
0.000200	5.520000	0.002800
0.000220	5.520000	0.002800
0.000240	5.520000	0.002800
0.000260	5.520000	0.003200
0.000280	5.520000	0.003200
0.000300	5.520000	0.002800
0.000320	5.520000	0.003200
0.000340	5.520000	0.003200
0.000360	5.520000	0.003200
0.000380	5.520000	0.003200
0.000400	5.520000	0.003200
0.000420	5.520000	0.003200
0.000440	5.520000	0.003200
0.000460	5.520000	0.003600
0.000480	5.520000	0.003600
0.000500	5.520000	0.003600
0.000520	5.520000	0.003600
0.000540	5.520000	0.003600
0.000560	5.520000	0.004000
0.000580	5.520000	0.004000
0.000600	5.520000	0.004000
0.000620	5.520000	0.004000
0.000640	5.520000	0.004000
0.000660	5.520000	0.004000
0.000680	5.520000	0.004000
0.000700	5.520000	0.004000
0.000720	5.520000	0.004000
0.000740	5.520000	0.004400
0.000760	5.520000	0.004000
0.000780	5.520000	0.004400
0.000800	5.520000	0.004400
0.000820	5.520000	0.004400
0.000840	5.520000	0.004400
0.000860	5.520000	0.004800
0.000880	5.520000	0.004400
0.000900	5.520000	0.004400
0.000920	5.520000	0.004400
0.000940	5.520000	0.004800
0.000960	5.520000	0.004800
0.000980	5.520000	0.004800
0.001000	5.520000	0.004800
0.001020	5.520000	0.004800
0.001040	5.520000	0.004800
0.001060	5.520000	0.004800
0.001080	5.520000	0.004800
0.001100	5.520000	0.004800
0.001120	5.520000	0.005200
0.001140	5.520000	0.005200
0.001160	5.520000	0.005200
0.001180	5.520000	0.005200
0.001200	5.520000	0.005200
0.001220	5.520000	0.005200
0.001240	5.520000	0.005200
0.001260	5.520000	0.005200
0.001280	5.520000	0.005200
0.001300	5.520000	0.005200
0.001320	5.520000	0.005200
0.001340	5.520000	0.005200
0.001360	5.520000	0.005200
0.001380	5.520000	0.005600
0.001400	5.520000	0.005200
0.001420	5.520000	0.005600
0.001440	5.520000	0.005600
0.001460	5.520000	0.005600
0.001480	5.520000	0.005600
0.001500	5.520000	0.005600
0.001520	5.520000	0.005600
0.001540	5.520000	0.006000
0.001560	5.520000	0.006000
0.001580	5.520000	0.006000
0.001600	5.520000	0.006000
0.001620	5.520000	0.006000
0.001640	5.520000	0.006000
0.001660	5.520000	0.006000
0.001680	5.520000	0.006000
0.001700	5.520000	0.006000
0.001720	5.520000	0.006000
0.001740	5.520000	0.006000
0.001760	5.520000	0.006000
0.001780	5.520000	0.006400
0.001800	5.520000	0.006400
0.001820	5.520000	0.006400
0.001840	5.520000	0.006400
0.001860	5.520000	0.006400
0.001880	5.520000	0.006400
0.001900	5.520000	0.006800
0.001920	5.520000	0.006400
0.001940	5.520000	0.006400
0.001960	5.520000	0.006400
0.001980	5.520000	0.006400
0.002000	5.520000	0.006400
0.002020	5.520000	0.006400
0.002040	5.520000	0.006800
0.002060	5.520000	0.006800
0.002080	5.520000	0.006800
0.002100	5.520000	0.006800
0.002120	5.520000	0.006800
0.002140	5.520000	0.006800
0.002160	5.520000	0.006800
0.002180	5.520000	0.006800
0.002200	5.520000	0.006800
0.002220	5.520000	0.006800
0.002240	5.520000	0.006800
0.002260	5.520000	0.007200
0.002280	5.520000	0.006800
0.002300	5.520000	0.007200
0.002320	5.520000	0.007200
0.002340	5.520000	0.007200
0.002360	5.520000	0.007200
0.002380	5.520000	0.007200
0.002400	5.520000	0.007200
0.002420	5.520000	0.007200
0.002440	5.520000	0.007200
0.002460	5.520000	0.007200
0.002480	5.520000	0.007200
0.002500	5.520000	0.007200
0.002520	5.520000	0.007600
0.002540	5.520000	0.007600
0.002560	5.520000	0.007600
0.002580	5.520000	0.007600
0.002600	5.520000	0.007600
0.002620	5.520000	0.007600
0.002640	5.520000	0.007600
0.002660	5.520000	0.007600
0.002680	5.520000	0.007600
0.002700	5.520000	0.007600
0.002720	5.520000	0.007600
0.002740	5.520000	0.008000
0.002760	5.520000	0.007600
0.002780	5.520000	0.007600
0.002800	5.520000	0.007600
0.002820	5.520000	0.007600
0.002840	5.520000	0.007600
0.002860	5.520000	0.008000
0.002880	5.520000	0.008000
0.002900	5.520000	0.008000
0.002920	5.520000	0.008000
0.002940	5.520000	0.008000
0.002960	5.520000	0.008000
0.002980	5.520000	0.008000
0.003000	5.520000	0.008000
0.003020	5.520000	0.008000
0.003040	5.520000	0.008000
0.003060	5.520000	0.008000
0.003080	5.520000	0.008000
0.003100	5.520000	0.008000
0.003120	5.520000	0.008000
0.003140	5.520000	0.008000
0.003160	5.520000	0.008000
0.003180	5.520000	0.008000
0.003200	5.520000	0.008000
0.003220	5.520000	0.008000
0.003240	5.520000	0.008000
0.003260	5.520000	0.008400
0.003280	5.520000	0.008400
0.003300	5.520000	0.008000
0.003320	5.520000	0.008400
0.003340	5.520000	0.008000
0.003360	5.520000	0.008400
0.003380	5.520000	0.008400
0.003400	5.520000	0.008400
0.003420	5.520000	0.008400
0.003440	5.520000	0.008400
0.003460	5.520000	0.008400
0.003480	5.520000	0.008400
0.003500	5.520000	0.008400
0.003520	5.520000	0.008400
0.003540	5.520000	0.008400
0.003560	5.520000	0.008400
0.003580	5.520000	0.008400
0.003600	5.520000	0.008800
0.003620	5.520000	0.008400
0.003640	5.520000	0.008800
0.003660	5.520000	0.008800
0.003680	5.520000	0.008400
0.003700	5.520000	0.008400
0.003720	5.520000	0.008800
0.003740	5.520000	0.008800
0.003760	5.520000	0.008800
0.003780	5.520000	0.008800
0.003800	5.520000	0.008800
0.003820	5.520000	0.008800
0.003840	5.520000	0.008800
0.003860	5.520000	0.008800
0.003880	5.520000	0.008800
0.003900	5.520000	0.008800
0.003920	5.520000	0.008800
0.003940	5.520000	0.008800
0.003960	5.520000	0.008800
0.003980	5.520000	0.008800
0.004000	5.520000	0.008800
0.004020	5.520000	0.009200
0.004040	5.520000	0.008800
0.004060	5.520000	0.009200
0.004080	5.520000	0.009200
0.004100	5.520000	0.008800
0.004120	5.520000	0.009200
0.004140	5.520000	0.008800
0.004160	5.520000	0.009200
0.004180	5.520000	0.009200
0.004200	5.520000	0.009200
0.004220	5.520000	0.009200
0.004240	5.520000	0.009200
0.004260	5.520000	0.009200
0.004280	5.520000	0.009200
0.004300	5.520000	0.009200
0.004320	5.520000	0.009200
0.004340	5.520000	0.009200
0.004360	5.520000	0.009200
0.004380	5.520000	0.009200
0.004400	5.520000	0.009600
0.004420	5.520000	0.009200
0.004440	5.520000	0.009200
0.004460	5.520000	0.009200
0.004480	5.520000	0.009200
0.004500	5.520000	0.009600
0.004520	5.520000	0.009200
0.004540	5.520000	0.009200
0.004560	5.520000	0.009600
0.004580	5.520000	0.009600
0.004600	5.520000	0.009600
0.004620	5.520000	0.009600
0.004640	5.520000	0.009600
0.004660	5.520000	0.009600
0.004680	5.520000	0.009600
0.004700	5.520000	0.009600
0.004720	5.520000	0.009600
0.004740	5.520000	0.009600
0.004760	5.520000	0.009600
0.004780	5.520000	0.009600
0.004800	5.520000	0.009600
0.004820	5.520000	0.009600
0.004840	5.520000	0.009600
0.004860	5.520000	0.009600
0.004880	5.520000	0.009600
0.004900	5.520000	0.009600
0.004920	5.520000	0.010000
0.004940	5.520000	0.009600
0.004960	5.520000	0.009600
0.004980	5.520000	0.009600
0.005000	5.520000	0.010000
0.005020	5.520000	0.009600
0.005040	5.520000	0.009600
0.005060	5.520000	0.009600
0.005080	5.520000	0.010000
0.005100	5.520000	0.009600
0.005120	5.520000	0.010000
0.005140	5.520000	0.010000
0.005160	5.520000	0.010000
0.005180	5.520000	0.010000
0.005200	5.520000	0.010000
0.005220	5.520000	0.010000
0.005240	5.520000	0.010000
0.005260	5.520000	0.010000
0.005280	5.520000	0.010000
0.005300	5.520000	0.010000
0.005320	5.520000	0.010000
0.005340	5.520000	0.010000
0.005360	5.520000	0.010000
0.005380	5.520000	0.010000
0.005400	5.520000	0.010000
0.005420	5.520000	0.010000
0.005440	5.520000	0.010000
0.005460	5.520000	0.010000
0.005480	5.520000	0.010400
0.005500	5.520000	0.010000
0.005520	5.520000	0.010000
0.005540	5.520000	0.010000
0.005560	5.520000	0.010000
0.005580	5.520000	0.010000
0.005600	5.520000	0.010000
0.005620	5.520000	0.010400
0.005640	5.520000	0.010000
0.005660	5.520000	0.010000
0.005680	5.520000	0.010400
0.005700	5.520000	0.010000
0.005720	5.520000	0.010400
0.005740	5.520000	0.010000
0.005760	5.520000	0.010000
0.005780	5.520000	0.010000
0.005800	5.520000	0.010400
0.005820	5.520000	0.010000
0.005840	5.520000	0.010000
0.005860	5.520000	0.010000
0.005880	5.520000	0.010000
0.005900	5.520000	0.010400
0.005920	5.520000	0.010000
0.005940	5.520000	0.010400
0.005960	5.520000	0.010400
0.005980	5.520000	0.010400
0.006000	5.520000	0.010400
0.006020	5.520000	0.010400
0.006040	5.520000	0.010400
0.006060	5.520000	0.010400
0.006080	5.520000	0.010000
0.006100	5.520000	0.010400
0.006120	5.520000	0.010400
0.006140	5.520000	0.010400
0.006160	5.520000	0.010400
0.006180	5.520000	0.010400
0.006200	5.520000	0.010400
0.006220	5.520000	0.010400
0.006240	5.520000	0.010400
0.006260	5.520000	0.010400
0.006280	5.520000	0.010400
0.006300	5.520000	0.010400
0.006320	5.520000	0.010400
0.006340	5.520000	0.010400
0.006360	5.520000	0.010400
0.006380	5.520000	0.010400
0.006400	5.520000	0.010400
0.006420	5.520000	0.010400
0.006440	5.520000	0.010400
0.006460	5.520000	0.010400
0.006480	5.520000	0.010400
0.006500	5.520000	0.010400
0.006520	5.520000	0.010400
0.006540	5.520000	0.010400
0.006560	5.520000	0.010400
0.006580	5.520000	0.010400
0.006600	5.520000	0.010400
0.006620	5.520000	0.010800
0.006640	5.520000	0.010800
0.006660	5.520000	0.010800
0.006680	5.520000	0.010800
0.006700	5.520000	0.010800
0.006720	5.520000	0.010400
0.006740	5.520000	0.010800
0.006760	5.520000	0.010400
0.006780	5.520000	0.010400
0.006800	5.520000	0.010400
0.006820	5.520000	0.010800
0.006840	5.520000	0.010400
0.006860	5.520000	0.010400
0.006880	5.520000	0.010400
0.006900	5.520000	0.010400
0.006920	5.520000	0.010800
0.006940	5.520000	0.010400
0.006960	5.520000	0.010400
0.006980	5.520000	0.010800
0.007000	5.520000	0.010400
0.007020	5.520000	0.010800
0.007040	5.520000	0.010800
0.007060	5.520000	0.010800
0.007080	5.520000	0.010800
0.007100	5.520000	0.010400
0.007120	5.520000	0.010800
0.007140	5.520000	0.010800
0.007160	5.520000	0.010800
0.007180	5.520000	0.010800
0.007200	5.520000	0.010800
0.007220	5.520000	0.010800
0.007240	5.520000	0.010800
0.007260	5.520000	0.010800
0.007280	5.520000	0.010800
0.007300	5.520000	0.010800
0.007320	5.520000	0.010800
0.007340	5.520000	0.010400
0.007360	5.520000	0.010800
0.007380	5.520000	0.010800
0.007400	5.520000	0.010800
0.007420	5.520000	0.010800
0.007440	5.520000	0.010800
0.007460	5.520000	0.010800
0.007480	5.520000	0.010800
0.007500	5.520000	0.010800
0.007520	5.520000	0.010800
0.007540	5.520000	0.010800
0.007560	5.520000	0.010800
0.007580	5.520000	0.010800
0.007600	5.520000	0.010800
0.007620	5.520000	0.010800
0.007640	5.520000	0.010800
0.007660	5.520000	0.011200
0.007680	5.520000	0.010800
0.007700	5.520000	0.011200
0.007720	5.520000	0.010800
0.007740	5.520000	0.010800
0.007760	5.520000	0.010800
0.007780	5.520000	0.010800
0.007800	5.520000	0.010800
0.007820	5.520000	0.010800
0.007840	5.520000	0.010800
0.007860	5.520000	0.010800
0.007880	5.520000	0.010800
0.007900	5.520000	0.011200
0.007920	5.520000	0.010800
0.007940	5.520000	0.010800
0.007960	5.520000	0.010800
0.007980	5.520000	0.010800
0.008000	5.520000	0.010800
0.008020	5.520000	0.010800
0.008040	5.520000	0.010800
0.008060	5.520000	0.010800
0.008080	5.520000	0.010800
0.008100	5.520000	0.010800
0.008120	5.520000	0.010800
0.008140	5.520000	0.011200
0.008160	5.520000	0.011200
0.008180	5.520000	0.010800
0.008200	5.520000	0.010800
0.008220	5.520000	0.010800
0.008240	5.520000	0.011200
0.008260	5.520000	0.010800
0.008280	5.520000	0.011200
0.008300	5.520000	0.010800
0.008320	0.720000	0.011200
0.008340	-6.400000	0.010800
0.008360	-6.480000	0.010800
0.008380	-6.400000	0.010800
0.008400	-6.400000	0.010800
0.008420	-6.400000	0.010800
0.008440	-6.400000	0.010800
0.008460	-6.400000	0.011200
0.008480	-6.400000	0.011200
0.008500	-6.400000	0.010800
0.008520	-6.400000	0.010800
0.008540	-6.400000	0.010800
0.008560	-6.320000	0.011200
0.008580	-6.320000	0.010800
0.008600	-6.320000	0.011200
0.008620	-6.320000	0.011200
0.008640	-6.320000	0.010800
0.008660	-6.320000	0.010800
0.008680	-6.320000	0.010800
0.008700	-6.320000	0.011200
0.008720	-6.240000	0.011200
0.008740	-6.240000	0.011200
0.008760	-6.240000	0.011200
0.008780	-6.240000	0.011200
0.008800	-6.240000	0.011200
0.008820	-6.240000	0.011200
0.008840	-6.240000	0.011200
0.008860	-6.240000	0.011200
0.008880	-6.240000	0.011200
0.008900	-6.240000	0.010800
0.008920	-6.240000	0.011200
0.008940	-6.240000	0.011200
0.008960	-6.240000	0.011200
0.008980	-6.160000	0.011200
0.009000	-6.160000	0.011200
0.009020	-6.160000	0.010800
0.009040	-6.160000	0.010800
0.009060	-6.160000	0.010800
0.009080	-6.160000	0.010800
0.009100	-6.160000	0.011200
0.009120	-6.160000	0.010800
0.009140	-6.160000	0.011200
0.009160	-6.160000	0.010800
0.009180	-6.160000	0.010800
0.009200	-6.080000	0.010800
0.009220	-6.080000	0.010800
0.009240	-6.080000	0.010800
0.009260	-6.080000	0.010800
0.009280	-6.080000	0.010800
0.009300	-6.080000	0.010800
0.009320	-6.080000	0.010800
0.009340	-6.080000	0.010800
0.009360	-6.080000	0.010800
0.009380	-6.080000	0.010800
0.009400	-6.080000	0.010800
0.009420	-6.080000	0.010800
0.009440	-6.080000	0.010800
0.009460	-6.080000	0.010800
0.009480	-6.080000	0.010800
0.009500	-6.080000	0.010800
0.009520	-6.080000	0.010800
0.009540	-6.080000	0.010800
0.009560	-6.080000	0.010400
0.009580	-6.080000	0.010400
0.009600	-6.080000	0.010800
0.009620	-6.000000	0.010800
0.009640	-6.000000	0.010400
0.009660	-6.000000	0.010400
0.009680	-6.000000	0.010400
0.009700	-6.000000	0.010400
0.009720	-6.000000	0.010400
0.009740	-6.000000	0.010400
0.009760	-6.000000	0.010400
0.009780	-6.000000	0.010400
0.009800	-6.000000	0.010400
0.009820	-6.000000	0.010400
0.009840	-6.000000	0.010400
0.009860	-6.000000	0.010000
0.009880	-6.000000	0.010400
0.009900	-5.920000	0.010000
0.009920	-5.920000	0.010000
0.009940	-5.920000	0.010000
0.009960	-5.920000	0.010000
0.009980	-5.920000	0.010000
0.010000	-5.920000	0.010000
0.010020	-5.920000	0.010000
0.010040	-5.920000	0.009600
0.010060	-5.920000	0.009600
0.010080	-5.920000	0.009600
0.010100	-5.920000	0.009600
0.010120	-5.920000	0.009600
0.010140	-5.920000	0.009600
0.010160	-5.920000	0.009200
0.010180	-5.920000	0.009200
0.010200	-5.920000	0.009200
0.010220	-5.920000	0.009200
0.010240	-5.920000	0.008800
0.010260	-5.920000	0.008800
0.010280	-5.920000	0.008800
0.010300	-5.920000	0.008400
0.010320	-5.920000	0.008400
0.010340	-5.840000	0.008000
0.010360	-5.840000	0.008000
0.010380	-5.840000	0.007600
0.010400	-5.840000	0.007200
0.010420	-5.840000	0.006000
0.010440	-5.840000	0.005600
0.010460	-5.840000	0.004400
0.010480	-5.840000	0.002800
0.010500	-5.840000	0.000400
0.010520	-5.840000	-0.002400
0.010540	-5.840000	-0.006800
0.010560	-5.840000	-0.012400
0.010580	-5.840000	-0.018800
0.010600	-5.840000	-0.025600
0.010620	-5.840000	-0.032000
0.010640	-5.840000	-0.037200
0.010660	-5.840000	-0.040800
0.010680	-5.840000	-0.043600
0.010700	-5.840000	-0.044800
0.010720	-5.840000	-0.045200
0.010740	-5.840000	-0.045200
0.010760	-5.840000	-0.044400
0.010780	-5.840000	-0.044000
0.010800	-5.760000	-0.043200
0.010820	-5.760000	-0.042800
0.010840	-5.760000	-0.042000
0.010860	-5.760000	-0.041600
0.010880	-5.760000	-0.041200
0.010900	-5.760000	-0.040800
0.010920	-5.760000	-0.040400
0.010940	-5.760000	-0.040400
0.010960	-5.760000	-0.040000
0.010980	-5.760000	-0.039600
0.011000	-5.760000	-0.039200
0.011020	-5.760000	-0.039200
0.011040	-5.760000	-0.038800
0.011060	-5.760000	-0.038400
0.011080	-5.760000	-0.038000
0.011100	-5.760000	-0.038000
0.011120	-5.760000	-0.037600
0.011140	-5.760000	-0.037200
0.011160	-5.760000	-0.036800
0.011180	-5.760000	-0.036800
0.011200	-5.760000	-0.036400
0.011220	-5.760000	-0.035600
0.011240	-5.760000	-0.035600
0.011260	-5.760000	-0.035200
0.011280	-5.760000	-0.034800
0.011300	-5.760000	-0.034400
0.011320	-5.760000	-0.034000
0.011340	-5.760000	-0.034000
0.011360	-5.760000	-0.033600
0.011380	-5.760000	-0.033600
0.011400	-5.760000	-0.033200
0.011420	-5.760000	-0.032800
0.011440	-5.760000	-0.032400
0.011460	-5.760000	-0.032000
0.011480	-5.760000	-0.032000
0.011500	-5.760000	-0.031600
0.011520	-5.760000	-0.031600
0.011540	-5.760000	-0.030800
0.011560	-5.760000	-0.030800
0.011580	-5.760000	-0.030400
0.011600	-5.760000	-0.030400
0.011620	-5.680000	-0.030000
0.011640	-5.680000	-0.029600
0.011660	-5.680000	-0.029600
0.011680	-5.680000	-0.029200
0.011700	-5.680000	-0.028800
0.011720	-5.680000	-0.028800
0.011740	-5.680000	-0.028400
0.011760	-5.680000	-0.028000
0.011780	-5.680000	-0.028000
0.011800	-5.680000	-0.027600
0.011820	-5.680000	-0.027600
0.011840	-5.680000	-0.027200
0.011860	-5.680000	-0.026800
0.011880	-5.680000	-0.026800
0.011900	-5.680000	-0.026400
0.011920	-5.680000	-0.026400
0.011940	-5.680000	-0.026000
0.011960	-5.680000	-0.026000
0.011980	-5.680000	-0.025600
0.012000	-5.680000	-0.025200
0.012020	-5.680000	-0.025200
0.012040	-5.680000	-0.024800
0.012060	-5.680000	-0.024800
0.012080	-5.680000	-0.024400
0.012100	-5.680000	-0.024000
0.012120	-5.680000	-0.024000
0.012140	-5.680000	-0.023600
0.012160	-5.680000	-0.023600
0.012180	-5.680000	-0.023200
0.012200	-5.680000	-0.023200
0.012220	-5.600000	-0.023200
0.012240	-5.600000	-0.022800
0.012260	-5.680000	-0.022400
0.012280	-5.600000	-0.022000
0.012300	-5.600000	-0.022000
0.012320	-5.680000	-0.021600
0.012340	-5.600000	-0.021600
0.012360	-5.680000	-0.021200
0.012380	-5.600000	-0.021200
0.012400	-5.600000	-0.020800
0.012420	-5.600000	-0.020800
0.012440	-5.600000	-0.020800
0.012460	-5.600000	-0.020400
0.012480	-5.600000	-0.020000
0.012500	-5.600000	-0.020000
0.012520	-5.600000	-0.019600
0.012540	-5.600000	-0.019600
0.012560	-5.600000	-0.019200
0.012580	-5.600000	-0.019200
0.012600	-5.600000	-0.019200
0.012620	-5.680000	-0.018800
0.012640	-5.680000	-0.018800
0.012660	-5.680000	-0.018400
0.012680	-5.600000	-0.018400
0.012700	-5.600000	-0.018400
0.012720	-5.600000	-0.017600
0.012740	-5.600000	-0.017600
0.012760	-5.600000	-0.017600
0.012780	-5.600000	-0.017200
0.012800	-5.600000	-0.017200
0.012820	-5.600000	-0.016800
0.012840	-5.600000	-0.016800
0.012860	-5.600000	-0.016800
0.012880	-5.600000	-0.016400
0.012900	-5.600000	-0.016400
0.012920	-5.600000	-0.016000
0.012940	-5.600000	-0.016000
0.012960	-5.600000	-0.015600
0.012980	-5.600000	-0.015600
0.013000	-5.600000	-0.015600
0.013020	-5.600000	-0.015200
0.013040	-5.600000	-0.015200
0.013060	-5.600000	-0.015200
0.013080	-5.600000	-0.014800
0.013100	-5.600000	-0.014800
0.013120	-5.600000	-0.014400
0.013140	-5.600000	-0.014400
0.013160	-5.600000	-0.014400
0.013180	-5.600000	-0.014000
0.013200	-5.600000	-0.014000
0.013220	-5.600000	-0.013600
0.013240	-5.600000	-0.013600
0.013260	-5.600000	-0.013600
0.013280	-5.600000	-0.013200
0.013300	-5.600000	-0.013200
0.013320	-5.600000	-0.013200
0.013340	-5.600000	-0.012800
0.013360	-5.600000	-0.012800
0.013380	-5.600000	-0.012400
0.013400	-5.600000	-0.012400
0.013420	-5.600000	-0.012400
0.013440	-5.600000	-0.012400
0.013460	-5.600000	-0.012400
0.013480	-5.600000	-0.012000
0.013500	-5.600000	-0.011600
0.013520	-5.600000	-0.011600
0.013540	-5.600000	-0.011200
0.013560	-5.600000	-0.011200
0.013580	-5.600000	-0.011200
0.013600	-5.600000	-0.010800
0.013620	-5.600000	-0.010800
0.013640	-5.600000	-0.010800
0.013660	-5.600000	-0.010400
0.013680	-5.600000	-0.010400
0.013700	-5.600000	-0.010400
0.013720	-5.600000	-0.010000
0.013740	-5.600000	-0.010000
0.013760	-5.600000	-0.010000
0.013780	-5.600000	-0.010000
0.013800	-5.600000	-0.009600
0.013820	-5.600000	-0.009600
0.013840	-5.600000	-0.009600
0.013860	-5.600000	-0.009200
0.013880	-5.600000	-0.009200
0.013900	-5.600000	-0.009200
0.013920	-5.520000	-0.009200
0.013940	-5.520000	-0.008800
0.013960	-5.520000	-0.008800
0.013980	-5.520000	-0.008400
0.014000	-5.520000	-0.008400
0.014020	-5.520000	-0.008400
0.014040	-5.520000	-0.008400
0.014060	-5.520000	-0.008000
0.014080	-5.520000	-0.007600
0.014100	-5.520000	-0.008000
0.014120	-5.520000	-0.007600
0.014140	-5.520000	-0.007600
0.014160	-5.520000	-0.007600
0.014180	-5.520000	-0.007200
0.014200	-5.520000	-0.007200
0.014220	-5.520000	-0.007200
0.014240	-5.520000	-0.007200
0.014260	-5.520000	-0.006800
0.014280	-5.520000	-0.006800
0.014300	-5.520000	-0.006400
0.014320	-5.520000	-0.006400
0.014340	-5.520000	-0.006400
0.014360	-5.520000	-0.006400
0.014380	-5.520000	-0.006400
0.014400	-5.520000	-0.006000
0.014420	-5.520000	-0.006000
0.014440	-5.520000	-0.006000
0.014460	-5.520000	-0.006000
0.014480	-5.520000	-0.005600
0.014500	-5.520000	-0.005600
0.014520	-5.520000	-0.005600
0.014540	-5.520000	-0.005600
0.014560	-5.520000	-0.005600
0.014580	-5.520000	-0.005200
0.014600	-5.520000	-0.005200
0.014620	-5.520000	-0.005200
0.014640	-5.520000	-0.004800
0.014660	-5.520000	-0.004800
0.014680	-5.520000	-0.004800
0.014700	-5.520000	-0.004800
0.014720	-5.520000	-0.004800
0.014740	-5.520000	-0.004400
0.014760	-5.520000	-0.004400
0.014780	-5.520000	-0.004000
0.014800	-5.520000	-0.004400
0.014820	-5.520000	-0.004000
0.014840	-5.520000	-0.003600
0.014860	-5.520000	-0.003600
0.014880	-5.520000	-0.003600
0.014900	-5.520000	-0.003600
0.014920	-5.520000	-0.003200
0.014940	-5.520000	-0.003200
0.014960	-5.520000	-0.003200
0.014980	-5.520000	-0.003200
0.015000	-5.520000	-0.003200
0.015020	-5.520000	-0.003200
0.015040	-5.520000	-0.002800
0.015060	-5.520000	-0.003200
0.015080	-5.520000	-0.002800
0.015100	-5.520000	-0.002800
0.015120	-5.520000	-0.002800
0.015140	-5.520000	-0.002800
0.015160	-5.520000	-0.002400
0.015180	-5.520000	-0.002400
0.015200	-5.520000	-0.002400
0.015220	-5.520000	-0.002400
0.015240	-5.520000	-0.002400
0.015260	-5.520000	-0.002000
0.015280	-5.520000	-0.002000
0.015300	-5.520000	-0.002000
0.015320	-5.520000	-0.002000
0.015340	-5.520000	-0.002000
0.015360	-5.520000	-0.001600
0.015380	-5.520000	-0.001600
0.015400	-5.520000	-0.001600
0.015420	-5.520000	-0.001600
0.015440	-5.520000	-0.001200
0.015460	-5.520000	-0.001200
0.015480	-5.520000	-0.001200
0.015500	-5.520000	-0.001200
0.015520	-5.520000	-0.000800
0.015540	-5.520000	-0.000800
0.015560	-5.520000	-0.000800
0.015580	-5.520000	-0.000800
0.015600	-5.520000	-0.000800
0.015620	-5.520000	-0.000800
0.015640	-5.520000	-0.000800
0.015660	-5.520000	-0.000400
0.015680	-5.520000	-0.000400
0.015700	-5.520000	-0.000400
0.015720	-5.520000	-0.000400
0.015740	-5.520000	-0.000400
0.015760	-5.520000	0.000000
0.015780	-5.520000	0.000000
0.015800	-5.520000	0.000000
0.015820	-5.520000	0.000000
0.015840	-5.520000	0.000000
0.015860	-5.520000	0.000400
0.015880	-5.520000	0.000400
0.015900	-5.520000	0.000400
0.015920	-5.520000	0.000400
0.015940	-5.520000	0.000400
0.015960	-5.520000	0.000400
0.015980	-5.520000	0.000800
0.016000	-5.520000	0.000800
0.016020	-5.520000	0.000800
0.016040	-5.520000	0.000800
0.016060	-5.520000	0.000800
0.016080	-5.520000	0.001200
0.016100	-5.520000	0.001200
0.016120	-5.520000	0.001200
0.016140	-5.520000	0.001200
0.016160	-5.520000	0.001200
0.016180	-5.520000	0.001200
0.016200	-5.520000	0.001600
0.016220	-5.520000	0.001200
0.016240	-5.520000	0.001600
0.016260	-5.520000	0.001600
0.016280	-5.520000	0.001600
0.016300	-5.520000	0.001600
0.016320	-5.520000	0.002000
0.016340	-5.520000	0.002000
0.016360	-5.520000	0.001600
0.016380	-5.520000	0.002000
0.016400	-5.520000	0.002000
0.016420	-5.520000	0.002000
0.016440	-5.520000	0.002000
0.016460	-5.520000	0.002400
0.016480	-5.520000	0.002400
0.016500	-5.520000	0.002400
0.016520	-5.520000	0.002400
0.016540	-5.520000	0.002400
0.016560	-5.520000	0.002400
0.016580	-5.520000	0.002800
0.016600	-5.520000	0.002800
0.016620	-5.520000	0.002800
0.016640	-5.520000	0.002800
0.016660	-5.520000	0.002800
0.016680	-5.520000	0.002800
0.016700	-5.520000	0.002800
0.016720	-5.520000	0.003200
0.016740	-5.520000	0.003200
0.016760	-5.520000	0.002800
0.016780	-5.520000	0.003200
0.016800	-5.440000	0.003200
0.016820	-5.520000	0.003200
0.016840	-5.520000	0.003200
0.016860	-5.520000	0.003600
0.016880	-5.440000	0.003600
0.016900	-5.440000	0.003600
0.016920	-5.440000	0.003600
0.016940	-5.520000	0.003600
0.016960	-5.520000	0.003600
0.016980	-5.440000	0.003600
0.017000	-5.440000	0.003600
0.017020	-5.440000	0.004000
0.017040	-5.440000	0.004000
0.017060	-5.440000	0.004000
0.017080	-5.440000	0.004000
0.017100	-5.440000	0.004000
0.017120	-5.440000	0.004000
0.017140	-5.440000	0.004000
0.017160	-5.440000	0.004000
0.017180	-5.440000	0.004000
0.017200	-5.440000	0.004000
0.017220	-5.440000	0.004400
0.017240	-5.520000	0.004000
0.017260	-5.440000	0.004400
0.017280	-5.440000	0.004400
0.017300	-5.440000	0.004400
0.017320	-5.440000	0.004800
0.017340	-5.440000	0.004800
0.017360	-5.440000	0.004800
0.017380	-5.440000	0.004800
0.017400	-5.440000	0.004800
0.017420	-5.440000	0.004800
0.017440	-5.440000	0.004800
0.017460	-5.440000	0.004800
0.017480	-5.440000	0.004800
0.017500	-5.440000	0.004800
0.017520	-5.440000	0.005200
0.017540	-5.520000	0.005200
0.017560	-5.520000	0.004800
0.017580	-5.520000	0.005200
0.017600	-5.440000	0.005200
0.017620	-5.440000	0.005600
0.017640	-5.440000	0.005200
0.017660	-5.440000	0.005200
0.017680	-5.440000	0.005200
0.017700	-5.440000	0.005200
0.017720	-5.440000	0.005200
0.017740	-5.440000	0.005600
0.017760	-5.440000	0.005600
0.017780	-5.440000	0.005600
0.017800	-5.440000	0.005600
0.017820	-5.440000	0.006000
0.017840	-5.440000	0.006000
0.017860	-5.440000	0.005600
0.017880	-5.440000	0.006000
0.017900	-5.440000	0.005600
0.017920	-5.440000	0.006000
0.017940	-5.440000	0.005600
0.017960	-5.440000	0.005600
0.017980	-5.440000	0.006000
0.018000	-5.440000	0.006000
0.018020	-5.440000	0.006400
0.018040	-5.440000	0.006000
0.018060	-5.440000	0.006000
0.018080	-5.440000	0.006000
0.018100	-5.440000	0.006400
0.018120	-5.440000	0.006400
0.018140	-5.440000	0.006400
0.018160	-5.440000	0.006400
0.018180	-5.440000	0.006400
0.018200	-5.440000	0.006400
0.018220	-5.440000	0.006400
0.018240	-5.440000	0.006400
0.018260	-5.440000	0.006400
0.018280	-5.440000	0.006400
0.018300	-5.440000	0.006400
0.018320	-5.440000	0.006800
0.018340	-5.440000	0.006800
0.018360	-5.440000	0.006800
0.018380	-5.440000	0.006800
0.018400	-5.440000	0.006800
0.018420	-5.440000	0.006800
0.018440	-5.440000	0.006800
0.018460	-5.440000	0.006800
0.018480	-5.440000	0.006800
0.018500	-5.440000	0.006800
0.018520	-5.440000	0.006800
0.018540	-5.440000	0.007200
0.018560	-5.440000	0.007200
0.018580	-5.440000	0.007200
0.018600	-5.440000	0.007200
0.018620	-5.440000	0.007200
0.018640	-5.440000	0.007200
0.018660	-5.440000	0.007600
0.018680	-5.440000	0.007200
0.018700	-5.440000	0.007200
0.018720	-5.440000	0.007200
0.018740	-5.440000	0.007200
0.018760	-5.440000	0.007600
0.018780	-5.440000	0.007600
0.018800	-5.440000	0.007600
0.018820	-5.440000	0.007600
0.018840	-5.440000	0.007600
0.018860	-5.440000	0.007600
0.018880	-5.440000	0.007600
0.018900	-5.440000	0.007600
0.018920	-5.440000	0.007600
0.018940	-5.440000	0.007600
0.018960	-5.440000	0.007600
0.018980	-5.440000	0.007600
0.019000	-5.440000	0.007600
0.019020	-5.440000	0.007600
0.019040	-5.440000	0.008000
0.019060	-5.440000	0.008000
0.019080	-5.440000	0.008000
0.019100	-5.440000	0.008000
0.019120	-5.440000	0.008000
0.019140	-5.440000	0.007600
0.019160	-5.440000	0.008000
0.019180	-5.440000	0.008000
0.019200	-5.440000	0.008000
0.019220	-5.440000	0.008000
0.019240	-5.440000	0.008000
0.019260	-5.440000	0.008000
0.019280	-5.440000	0.008000
0.019300	-5.440000	0.008000
0.019320	-5.440000	0.008000
0.019340	-5.440000	0.008000
0.019360	-5.440000	0.008400
0.019380	-5.440000	0.008000
0.019400	-5.440000	0.008400
0.019420	-5.440000	0.008000
0.019440	-5.440000	0.008400
0.019460	-5.440000	0.008400
0.019480	-5.440000	0.008400
0.019500	-5.440000	0.008400
0.019520	-5.440000	0.008400
0.019540	-5.440000	0.008400
0.019560	-5.440000	0.008400
0.019580	-5.440000	0.008400
0.019600	-5.440000	0.008400
0.019620	-5.440000	0.008400
0.019640	-5.440000	0.008400
0.019660	-5.440000	0.008400
0.019680	-5.440000	0.008400
0.019700	-5.440000	0.008400
0.019720	-5.440000	0.008800
0.019740	-5.440000	0.008400
0.019760	-5.440000	0.008400
0.019780	-5.440000	0.008800
0.019800	-5.440000	0.008400
0.019820	-5.440000	0.008800
0.019840	-5.440000	0.008800
0.019860	-5.440000	0.008800
0.019880	-5.440000	0.008800
0.019900	-5.440000	0.008800
0.019920	-5.440000	0.008800
0.019940	-5.440000	0.008800
0.019960	-5.440000	0.008800
0.019980	-5.440000	0.008800
0.020000	-5.440000	0.008800
0.020020	-5.440000	0.008800
0.020040	-5.440000	0.008800
0.020060	-5.440000	0.008800
0.020080	-5.440000	0.008800
0.020100	-5.440000	0.008800
0.020120	-5.440000	0.009200
0.020140	-5.440000	0.009200
0.020160	-5.440000	0.009200
0.020180	-5.440000	0.009200
0.020200	-5.440000	0.009200
0.020220	-5.440000	0.009200
0.020240	-5.440000	0.009200
0.020260	-5.440000	0.009200
0.020280	-5.440000	0.009200
0.020300	-5.440000	0.009200
0.020320	-5.440000	0.009200
0.020340	-5.440000	0.009200
0.020360	-5.440000	0.009200
0.020380	-5.440000	0.009200
0.020400	-5.440000	0.009200
0.020420	-5.440000	0.009200
0.020440	-5.440000	0.009600
0.020460	-5.440000	0.009200
0.020480	-5.440000	0.009200
0.020500	-5.440000	0.009200
0.020520	-5.440000	0.009600
0.020540	-5.440000	0.009600
0.020560	-5.440000	0.009200
0.020580	-5.440000	0.009600
0.020600	-5.440000	0.009200
0.020620	-5.440000	0.009600
0.020640	-5.440000	0.009600
0.020660	-5.440000	0.009600
0.020680	-5.440000	0.009600
0.020700	-5.440000	0.009600
0.020720	-5.440000	0.009600
0.020740	-5.440000	0.009600
0.020760	-5.440000	0.009600
0.020780	-5.440000	0.009600
0.020800	-5.440000	0.009600
0.020820	-5.440000	0.009600
0.020840	-5.440000	0.009600
0.020860	-5.440000	0.009600
0.020880	-5.440000	0.009600
0.020900	-5.440000	0.009600
0.020920	-5.440000	0.009600
0.020940	-5.440000	0.009600
0.020960	-5.440000	0.010000
0.020980	-5.440000	0.010000
0.021000	-5.440000	0.010000
0.021020	-5.440000	0.010000
0.021040	-5.440000	0.009600
0.021060	-5.440000	0.009600
0.021080	-5.440000	0.010000
0.021100	-5.440000	0.010000
0.021120	-5.440000	0.010000
0.021140	-5.440000	0.010000
0.021160	-5.440000	0.010000
0.021180	-5.440000	0.010000
0.021200	-5.440000	0.010000
0.021220	-5.440000	0.010000
0.021240	-5.440000	0.010000
0.021260	-5.440000	0.010000
0.021280	-5.440000	0.010000
0.021300	-5.440000	0.010000
0.021320	-5.440000	0.010000
0.021340	-5.440000	0.010000
0.021360	-5.440000	0.010000
0.021380	-5.440000	0.010000
0.021400	-5.440000	0.010400
0.021420	-5.440000	0.010400
0.021440	-5.440000	0.010000
0.021460	-5.440000	0.010000
0.021480	-5.440000	0.010000
0.021500	-5.440000	0.010400
0.021520	-5.440000	0.010400
0.021540	-5.440000	0.010000
0.021560	-5.440000	0.010400
0.021580	-5.440000	0.010400
0.021600	-5.440000	0.010400
0.021620	-5.440000	0.010400
0.021640	-5.440000	0.010400
0.021660	-5.440000	0.010400
0.021680	-5.440000	0.010400
0.021700	-5.440000	0.010400
0.021720	-5.440000	0.010400
0.021740	-5.440000	0.010400
0.021760	-5.440000	0.010400
0.021780	-5.440000	0.010400
0.021800	-5.440000	0.010400
0.021820	-5.440000	0.010800
0.021840	-5.440000	0.010400
0.021860	-5.440000	0.010400
0.021880	-5.440000	0.010400
0.021900	-5.440000	0.010800
0.021920	-5.440000	0.010400
0.021940	-5.440000	0.010400
0.021960	-5.440000	0.010400
0.021980	-5.440000	0.010400
0.022000	-5.440000	0.010800
0.022020	-5.440000	0.010400
0.022040	-5.440000	0.010400
0.022060	-5.440000	0.010400
0.022080	-5.440000	0.010800
0.022100	-5.440000	0.010400
0.022120	-5.440000	0.010800
0.022140	-5.440000	0.010800
0.022160	-5.440000	0.010800
0.022180	-5.440000	0.010800
0.022200	-5.440000	0.010800
0.022220	-5.440000	0.010400
0.022240	-5.440000	0.010800
0.022260	-5.440000	0.010800
0.022280	-5.440000	0.010800
0.022300	-5.440000	0.010800
0.022320	-5.440000	0.010800
0.022340	-5.440000	0.010800
0.022360	-5.440000	0.010800
0.022380	-5.440000	0.010800
0.022400	-5.440000	0.010800
0.022420	-5.440000	0.010800
0.022440	-5.440000	0.010800
0.022460	-5.440000	0.010800
0.022480	-5.440000	0.010800
0.022500	-5.440000	0.010800
0.022520	-5.440000	0.010800
0.022540	-5.440000	0.010800
0.022560	-5.440000	0.010800
0.022580	-5.440000	0.010800
0.022600	-5.440000	0.010800
0.022620	-5.440000	0.010800
0.022640	-5.440000	0.010800
0.022660	-5.440000	0.010800
0.022680	-5.440000	0.010800
0.022700	-5.440000	0.010800
0.022720	-5.440000	0.010800
0.022740	-5.440000	0.011200
0.022760	-5.440000	0.010800
0.022780	-5.440000	0.010800
0.022800	-5.440000	0.010800
0.022820	-5.440000	0.010800
0.022840	-5.440000	0.011200
0.022860	-5.440000	0.010800
0.022880	-5.440000	0.010800
0.022900	-5.440000	0.011200
0.022920	-5.440000	0.010800
0.022940	-5.440000	0.010800
0.022960	-5.440000	0.010800
0.022980	-5.440000	0.010800
0.023000	-5.440000	0.011200
0.023020	-5.440000	0.010800
0.023040	-5.440000	0.010800
0.023060	-5.440000	0.010800
0.023080	-5.440000	0.010800
0.023100	-5.440000	0.010800
0.023120	-5.440000	0.011200
0.023140	-5.440000	0.010800
0.023160	-5.440000	0.011200
0.023180	-5.440000	0.010800
0.023200	-5.440000	0.011200
0.023220	-5.440000	0.011200
0.023240	-5.440000	0.011200
0.023260	-5.440000	0.011200
0.023280	-5.440000	0.011200
0.023300	-5.440000	0.011200
0.023320	-5.440000	0.011200
0.023340	-5.440000	0.011200
0.023360	-5.440000	0.011200
0.023380	-5.440000	0.011200
0.023400	-5.440000	0.011200
0.023420	-5.440000	0.011200
0.023440	-5.440000	0.011200
0.023460	-5.440000	0.011200
0.023480	-5.440000	0.011200
0.023500	-5.440000	0.011200
0.023520	-5.440000	0.011200
0.023540	-5.440000	0.011200
0.023560	-5.440000	0.011200
0.023580	-5.440000	0.011200
0.023600	-5.440000	0.011200
0.023620	-5.440000	0.011200
0.023640	-5.440000	0.011200
0.023660	-5.440000	0.011200
0.023680	-5.440000	0.011200
0.023700	-5.440000	0.011200
0.023720	-5.440000	0.011200
0.023740	-5.440000	0.011200
0.023760	-5.440000	0.011200
0.023780	-5.440000	0.011200
0.023800	-5.440000	0.011200
0.023820	-5.440000	0.011200
0.023840	-5.440000	0.011200
0.023860	-5.440000	0.011200
0.023880	-5.440000	0.011200
0.023900	-5.440000	0.011200
0.023920	-5.440000	0.011200
0.023940	-5.440000	0.011200
0.023960	-5.440000	0.011200
0.023980	-5.440000	0.011200
0.024000	-5.440000	0.011200
0.024020	-5.440000	0.011200
0.024040	-5.440000	0.011200
0.024060	-5.440000	0.011200
0.024080	-5.440000	0.011200
0.024100	-5.440000	0.011200
0.024120	-5.440000	0.011200
0.024140	-5.440000	0.011200
0.024160	-5.440000	0.011200
0.024180	-5.440000	0.011200
0.024200	-5.440000	0.011200
0.024220	-5.440000	0.011200
0.024240	-5.440000	0.011200
0.024260	-5.440000	0.011200
0.024280	-5.440000	0.011200
0.024300	-5.440000	0.011200
0.024320	-5.440000	0.011200
0.024340	-5.440000	0.011200
0.024360	-5.440000	0.011200
0.024380	-5.440000	0.011200
0.024400	-5.440000	0.011200
0.024420	-5.440000	0.011200
0.024440	-5.440000	0.011200
0.024460	-5.440000	0.011600
0.024480	-5.440000	0.011600
0.024500	-5.440000	0.011200
0.024520	-5.440000	0.011600
0.024540	-5.440000	0.011600
0.024560	-5.440000	0.011600
0.024580	-5.440000	0.011200
0.024600	-5.440000	0.011200
0.024620	-5.440000	0.011200
0.024640	-5.440000	0.011200
0.024660	-5.440000	0.011600
0.024680	-5.440000	0.011600
0.024700	-5.440000	0.011600
0.024720	-5.440000	0.011600
0.024740	-5.440000	0.011600
0.024760	-5.440000	0.011200
0.024780	-5.440000	0.011600
0.024800	-5.440000	0.011200
0.024820	-5.440000	0.011600
0.024840	-5.440000	0.011200
0.024860	-5.440000	0.011200
0.024880	-5.440000	0.011200
0.024900	-5.440000	0.011200
0.024920	-5.440000	0.011200
0.024940	-5.440000	0.011600
0.024960	-5.440000	0.011600
0.024980	-5.120000	0.011600
0.025000	6.240000	0.011600
0.025020	6.560000	0.011200
0.025040	6.560000	0.011600
0.025060	6.560000	0.011200
0.025080	6.480000	0.011600
0.025100	6.480000	0.011200
0.025120	6.480000	0.011200
0.025140	6.480000	0.011200
0.025160	6.480000	0.011200
0.025180	6.480000	0.011200
0.025200	6.480000	0.011600
0.025220	6.480000	0.011600
0.025240	6.480000	0.011600
0.025260	6.400000	0.011200
0.025280	6.400000	0.011600
0.025300	6.400000	0.011600
0.025320	6.400000	0.011600
0.025340	6.400000	0.011600
0.025360	6.400000	0.011600
0.025380	6.400000	0.011200
0.025400	6.400000	0.011600
0.025420	6.320000	0.011600
0.025440	6.320000	0.011600
0.025460	6.320000	0.011600
0.025480	6.320000	0.011200
0.025500	6.320000	0.011600
0.025520	6.320000	0.011200
0.025540	6.320000	0.011200
0.025560	6.320000	0.011200
0.025580	6.320000	0.011200
0.025600	6.320000	0.011200
0.025620	6.320000	0.011200
0.025640	6.320000	0.011200
0.025660	6.240000	0.011200
0.025680	6.240000	0.011200
0.025700	6.240000	0.011200
0.025720	6.240000	0.011200
0.025740	6.240000	0.011200
0.025760	6.240000	0.011200
0.025780	6.240000	0.011200
0.025800	6.240000	0.011200
0.025820	6.240000	0.011200
0.025840	6.240000	0.011200
0.025860	6.240000	0.011200
0.025880	6.240000	0.011200
0.025900	6.160000	0.011200
0.025920	6.160000	0.011200
0.025940	6.160000	0.011200
0.025960	6.160000	0.011200
0.025980	6.160000	0.010800
0.026000	6.160000	0.011200
0.026020	6.160000	0.011200
0.026040	6.160000	0.011200
0.026060	6.160000	0.011200
0.026080	6.160000	0.010800
0.026100	6.160000	0.010800
0.026120	6.160000	0.010800
0.026140	6.160000	0.010800
0.026160	6.160000	0.010800
0.026180	6.080000	0.010800
0.026200	6.080000	0.010800
0.026220	6.080000	0.010800
0.026240	6.080000	0.010800
0.026260	6.080000	0.010800
0.026280	6.080000	0.010800
0.026300	6.080000	0.010800
0.026320	6.080000	0.010800
0.026340	6.080000	0.010800
0.026360	6.080000	0.010400
0.026380	6.080000	0.010400
0.026400	6.080000	0.010400
0.026420	6.080000	0.010400
0.026440	6.080000	0.010400
0.026460	6.080000	0.010400
0.026480	6.080000	0.010400
0.026500	6.080000	0.010400
0.026520	6.080000	0.010400
0.026540	6.080000	0.010400
0.026560	6.080000	0.010400
0.026580	6.000000	0.010400
0.026600	6.000000	0.010400
0.026620	6.000000	0.010400
0.026640	6.000000	0.010000
0.026660	6.000000	0.010400
0.026680	6.000000	0.010400
0.026700	6.000000	0.010000
0.026720	6.000000	0.010000
0.026740	6.000000	0.010000
0.026760	6.000000	0.010000
0.026780	6.000000	0.010000
0.026800	6.000000	0.010000
0.026820	6.000000	0.010000
0.026840	6.000000	0.010000
0.026860	6.000000	0.009600
0.026880	6.000000	0.009600
0.026900	6.000000	0.009600
0.026920	6.000000	0.009600
0.026940	5.920000	0.009600
0.026960	5.920000	0.009200
0.026980	5.920000	0.009200
0.027000	5.920000	0.009200
0.027020	5.920000	0.009200
0.027040	5.920000	0.008800
0.027060	5.920000	0.008400
0.027080	5.920000	0.008000
0.027100	5.920000	0.007600
0.027120	5.920000	0.006800
0.027140	5.920000	0.005200
0.027160	5.920000	0.002000
0.027180	5.920000	-0.002800
0.027200	5.920000	-0.009600
0.027220	5.920000	-0.017600
0.027240	5.920000	-0.026000
0.027260	5.920000	-0.033200
0.027280	5.920000	-0.039600
0.027300	5.920000	-0.043600
0.027320	5.920000	-0.046000
0.027340	5.920000	-0.046800
0.027360	5.920000	-0.046800
0.027380	5.920000	-0.046000
0.027400	5.920000	-0.044800
0.027420	5.920000	-0.044000
0.027440	5.920000	-0.043200
0.027460	5.920000	-0.042800
0.027480	5.920000	-0.042000
0.027500	5.840000	-0.041600
0.027520	5.840000	-0.041600
0.027540	5.840000	-0.041200
0.027560	5.840000	-0.040800
0.027580	5.840000	-0.040800
0.027600	5.840000	-0.040400
0.027620	5.840000	-0.040000
0.027640	5.840000	-0.039600
0.027660	5.840000	-0.039600
0.027680	5.840000	-0.039200
0.027700	5.840000	-0.038800
0.027720	5.840000	-0.038400
0.027740	5.840000	-0.038000
0.027760	5.840000	-0.038000
0.027780	5.840000	-0.037600
0.027800	5.840000	-0.037200
0.027820	5.840000	-0.037200
0.027840	5.840000	-0.036800
0.027860	5.840000	-0.036400
0.027880	5.840000	-0.036000
0.027900	5.840000	-0.035600
0.027920	5.840000	-0.035200
0.027940	5.840000	-0.035200
0.027960	5.840000	-0.034800
0.027980	5.840000	-0.034400
0.028000	5.840000	-0.034000
0.028020	5.840000	-0.033600
0.028040	5.840000	-0.033600
0.028060	5.840000	-0.033200
0.028080	5.840000	-0.033200
0.028100	5.840000	-0.032800
0.028120	5.840000	-0.032400
0.028140	5.840000	-0.032400
0.028160	5.840000	-0.032000
0.028180	5.840000	-0.031600
0.028200	5.840000	-0.031200
0.028220	5.840000	-0.031200
0.028240	5.760000	-0.030800
0.028260	5.760000	-0.030400
0.028280	5.840000	-0.030400
0.028300	5.760000	-0.030000
0.028320	5.760000	-0.030000
0.028340	5.760000	-0.029600
0.028360	5.760000	-0.029200
0.028380	5.760000	-0.028800
0.028400	5.760000	-0.028800
0.028420	5.760000	-0.028400
0.028440	5.760000	-0.028400
0.028460	5.760000	-0.028000
0.028480	5.760000	-0.028000
0.028500	5.760000	-0.027600
0.028520	5.760000	-0.027200
0.028540	5.760000	-0.027200
0.028560	5.760000	-0.026800
0.028580	5.760000	-0.026800
0.028600	5.760000	-0.026400
0.028620	5.760000	-0.026400
0.028640	5.760000	-0.026000
0.028660	5.760000	-0.025600
0.028680	5.760000	-0.025600
0.028700	5.760000	-0.025200
0.028720	5.760000	-0.024800
0.028740	5.760000	-0.024800
0.028760	5.760000	-0.024400
0.028780	5.760000	-0.024400
0.028800	5.760000	-0.024000
0.028820	5.760000	-0.024000
0.028840	5.760000	-0.023600
0.028860	5.760000	-0.023600
0.028880	5.760000	-0.023200
0.028900	5.760000	-0.023200
0.028920	5.760000	-0.022800
0.028940	5.760000	-0.022800
0.028960	5.760000	-0.022400
0.028980	5.760000	-0.022000
0.029000	5.760000	-0.022000
0.029020	5.760000	-0.021600
0.029040	5.760000	-0.021600
0.029060	5.760000	-0.021600
0.029080	5.760000	-0.021200
0.029100	5.760000	-0.020800
0.029120	5.760000	-0.020800
0.029140	5.680000	-0.020800
0.029160	5.760000	-0.020400
0.029180	5.760000	-0.020400
0.029200	5.760000	-0.020000
0.029220	5.760000	-0.020000
0.029240	5.680000	-0.019600
0.029260	5.760000	-0.019600
0.029280	5.680000	-0.019200
0.029300	5.680000	-0.019200
0.029320	5.680000	-0.018800
0.029340	5.680000	-0.018800
0.029360	5.680000	-0.018400
0.029380	5.680000	-0.018400
0.029400	5.680000	-0.018000
0.029420	5.680000	-0.018000
0.029440	5.680000	-0.018000
0.029460	5.680000	-0.017600
0.029480	5.680000	-0.017600
0.029500	5.680000	-0.017200
0.029520	5.680000	-0.017200
0.029540	5.680000	-0.016800
0.029560	5.680000	-0.016800
0.029580	5.680000	-0.016400
0.029600	5.680000	-0.016400
0.029620	5.680000	-0.016400
0.029640	5.680000	-0.016000
0.029660	5.680000	-0.016000
0.029680	5.680000	-0.016000
0.029700	5.680000	-0.015600
0.029720	5.680000	-0.015600
0.029740	5.680000	-0.015600
0.029760	5.680000	-0.015200
0.029780	5.680000	-0.015200
0.029800	5.680000	-0.014800
0.029820	5.680000	-0.014800
0.029840	5.680000	-0.014800
0.029860	5.680000	-0.014400
0.029880	5.680000	-0.014000
0.029900	5.680000	-0.014000
0.029920	5.680000	-0.014000
0.029940	5.680000	-0.013600
0.029960	5.680000	-0.013600
0.029980	5.680000	-0.013600
0.030000	5.680000	-0.013200
0.030020	5.680000	-0.013200
0.030040	5.680000	-0.013200
0.030060	5.680000	-0.012800
0.030080	5.680000	-0.012800
0.030100	5.680000	-0.012800
0.030120	5.680000	-0.012400
0.030140	5.600000	-0.012400
0.030160	5.600000	-0.012400
0.030180	5.600000	-0.012400
0.030200	5.600000	-0.012000
0.030220	5.600000	-0.012000
0.030240	5.600000	-0.011600
0.030260	5.600000	-0.011600
0.030280	5.600000	-0.011600
0.030300	5.600000	-0.011200
0.030320	5.600000	-0.011200
0.030340	5.600000	-0.011200
0.030360	5.600000	-0.010800
0.030380	5.600000	-0.010800
0.030400	5.600000	-0.010400
0.030420	5.600000	-0.010400
0.030440	5.600000	-0.010400
0.030460	5.600000	-0.010000
0.030480	5.600000	-0.010400
0.030500	5.600000	-0.010000
0.030520	5.600000	-0.010000
0.030540	5.600000	-0.009600
0.030560	5.600000	-0.009600
0.030580	5.600000	-0.009600
0.030600	5.600000	-0.009600
0.030620	5.600000	-0.009200
0.030640	5.600000	-0.008800
0.030660	5.600000	-0.009200
0.030680	5.600000	-0.008800
0.030700	5.600000	-0.008800
0.030720	5.600000	-0.008800
0.030740	5.600000	-0.008400
0.030760	5.600000	-0.008400
0.030780	5.600000	-0.008400
0.030800	5.600000	-0.008400
0.030820	5.600000	-0.008000
0.030840	5.600000	-0.008000
0.030860	5.600000	-0.008000
0.030880	5.600000	-0.007600
0.030900	5.600000	-0.007600
0.030920	5.600000	-0.007600
0.030940	5.600000	-0.007600
0.030960	5.600000	-0.007200
0.030980	5.600000	-0.007200
0.031000	5.600000	-0.007200
0.031020	5.600000	-0.006800
0.031040	5.600000	-0.006800
0.031060	5.600000	-0.006800
0.031080	5.600000	-0.006800
0.031100	5.600000	-0.006800
0.031120	5.600000	-0.006400
0.031140	5.600000	-0.006400
0.031160	5.600000	-0.006400
0.031180	5.600000	-0.006400
0.031200	5.600000	-0.006000
0.031220	5.600000	-0.006000
0.031240	5.600000	-0.006000
0.031260	5.600000	-0.005600
0.031280	5.600000	-0.005600
0.031300	5.600000	-0.005600
0.031320	5.600000	-0.005200
0.031340	5.600000	-0.005200
0.031360	5.600000	-0.005200
0.031380	5.600000	-0.005200
0.031400	5.600000	-0.005200
0.031420	5.600000	-0.004800
0.031440	5.600000	-0.004800
0.031460	5.600000	-0.004800
0.031480	5.600000	-0.004800
0.031500	5.600000	-0.004400
0.031520	5.600000	-0.004400
0.031540	5.600000	-0.004400
0.031560	5.600000	-0.004400
0.031580	5.600000	-0.004400
0.031600	5.600000	-0.004000
0.031620	5.600000	-0.004000
0.031640	5.600000	-0.004000
0.031660	5.600000	-0.004000
0.031680	5.600000	-0.003600
0.031700	5.600000	-0.003600
0.031720	5.600000	-0.003600
0.031740	5.600000	-0.003600
0.031760	5.600000	-0.003600
0.031780	5.600000	-0.003200
0.031800	5.600000	-0.003200
0.031820	5.600000	-0.003200
0.031840	5.600000	-0.003200
0.031860	5.600000	-0.002800
0.031880	5.600000	-0.002800
0.031900	5.600000	-0.002800
0.031920	5.600000	-0.002800
0.031940	5.600000	-0.002800
0.031960	5.600000	-0.002400
0.031980	5.600000	-0.002400
0.032000	5.600000	-0.002400
0.032020	5.600000	-0.002400
0.032040	5.600000	-0.002400
0.032060	5.600000	-0.002000
0.032080	5.600000	-0.002000
0.032100	5.600000	-0.002000
0.032120	5.600000	-0.002000
0.032140	5.600000	-0.002000
0.032160	5.600000	-0.001600
0.032180	5.600000	-0.001600
0.032200	5.600000	-0.001600
0.032220	5.600000	-0.001600
0.032240	5.600000	-0.001200
0.032260	5.600000	-0.001600
0.032280	5.600000	-0.001200
0.032300	5.600000	-0.001200
0.032320	5.600000	-0.001200
0.032340	5.600000	-0.000800
0.032360	5.600000	-0.001200
0.032380	5.600000	-0.000800
0.032400	5.600000	-0.000800
0.032420	5.600000	-0.000800
0.032440	5.600000	-0.000800
0.032460	5.600000	-0.000800
0.032480	5.600000	-0.000800
0.032500	5.600000	-0.000400
0.032520	5.600000	-0.000400
0.032540	5.600000	-0.000400
0.032560	5.600000	-0.000400
0.032580	5.600000	0.000000
0.032600	5.600000	-0.000400
0.032620	5.600000	0.000000
0.032640	5.600000	0.000000
0.032660	5.600000	0.000000
0.032680	5.600000	0.000000
0.032700	5.600000	0.000400
0.032720	5.600000	0.000400
0.032740	5.600000	0.000400
0.032760	5.600000	0.000400
0.032780	5.600000	0.000400
0.032800	5.600000	0.000400
0.032820	5.600000	0.000800
0.032840	5.600000	0.000800
0.032860	5.600000	0.000800
0.032880	5.600000	0.000800
0.032900	5.600000	0.000800
0.032920	5.600000	0.001200
0.032940	5.600000	0.000800
0.032960	5.600000	0.001200
0.032980	5.600000	0.001200
0.033000	5.600000	0.001200
0.033020	5.520000	0.001200
0.033040	5.600000	0.001600
0.033060	5.520000	0.001200
0.033080	5.520000	0.001600
0.033100	5.520000	0.001600
0.033120	5.600000	0.001600
0.033140	5.520000	0.001600
0.033160	5.520000	0.001600
0.033180	5.520000	0.002000
0.033200	5.520000	0.002000
0.033220	5.520000	0.001600
0.033240	5.520000	0.002000
0.033260	5.520000	0.002000
0.033280	5.600000	0.002000
0.033300	5.520000	0.002400
0.033320	5.520000	0.002000
0.033340	5.520000	0.002400
0.033360	5.600000	0.002400
0.033380	5.520000	0.002400
0.033400	5.520000	0.002400
0.033420	5.520000	0.002800
0.033440	5.520000	0.002400
0.033460	5.520000	0.002800
0.033480	5.520000	0.002800
0.033500	5.520000	0.002800
0.033520	5.520000	0.002800
0.033540	5.520000	0.002800
0.033560	5.520000	0.002800
0.033580	5.520000	0.002800
0.033600	5.520000	0.003200
0.033620	5.520000	0.003200
0.033640	5.520000	0.003200
0.033660	5.520000	0.003200
0.033680	5.520000	0.003200
0.033700	5.520000	0.003200
0.033720	5.520000	0.003200
0.033740	5.520000	0.003600
0.033760	5.520000	0.003200
0.033780	5.520000	0.003200
0.033800	5.520000	0.003200
0.033820	5.520000	0.003600
0.033840	5.520000	0.003600
0.033860	5.520000	0.003600
0.033880	5.520000	0.003600
0.033900	5.520000	0.003600
0.033920	5.520000	0.003600
0.033940	5.520000	0.003600
0.033960	5.520000	0.003600
0.033980	5.520000	0.004000
0.034000	5.520000	0.004000
0.034020	5.520000	0.004000
0.034040	5.520000	0.004000
0.034060	5.520000	0.004000
0.034080	5.520000	0.004000
0.034100	5.520000	0.004000
0.034120	5.520000	0.004400
0.034140	5.520000	0.004400
0.034160	5.520000	0.004400
0.034180	5.520000	0.004400
0.034200	5.520000	0.004400
0.034220	5.520000	0.004400
0.034240	5.520000	0.004400
0.034260	5.520000	0.004400
0.034280	5.520000	0.004800
0.034300	5.520000	0.004400
0.034320	5.520000	0.004800
0.034340	5.520000	0.004800
0.034360	5.520000	0.004800
0.034380	5.520000	0.004800
0.034400	5.520000	0.004800
0.034420	5.520000	0.004800
0.034440	5.520000	0.004800
0.034460	5.520000	0.005200
0.034480	5.520000	0.005200
0.034500	5.520000	0.004800
0.034520	5.520000	0.005200
0.034540	5.520000	0.005200
0.034560	5.520000	0.005200
0.034580	5.520000	0.005200
0.034600	5.520000	0.005200
0.034620	5.520000	0.005200
0.034640	5.520000	0.005200
0.034660	5.520000	0.005200
0.034680	5.520000	0.005200
0.034700	5.520000	0.005600
0.034720	5.520000	0.005600
0.034740	5.520000	0.005600
0.034760	5.520000	0.005600
0.034780	5.520000	0.005600
0.034800	5.520000	0.005600
0.034820	5.520000	0.005600
0.034840	5.520000	0.005600
0.034860	5.520000	0.005600
0.034880	5.520000	0.006000
0.034900	5.520000	0.005600
0.034920	5.520000	0.005600
0.034940	5.520000	0.006000
0.034960	5.520000	0.006000
0.034980	5.520000	0.006000
0.035000	5.520000	0.006000
0.035020	5.520000	0.006000
0.035040	5.520000	0.006000
0.035060	5.520000	0.006000
0.035080	5.520000	0.006000
0.035100	5.520000	0.006400
0.035120	5.520000	0.006400
0.035140	5.520000	0.006400
0.035160	5.520000	0.006400
0.035180	5.520000	0.006400
0.035200	5.520000	0.006400
0.035220	5.520000	0.006400
0.035240	5.520000	0.006400
0.035260	5.520000	0.006400
0.035280	5.520000	0.006400
0.035300	5.520000	0.006400
0.035320	5.520000	0.006400
0.035340	5.520000	0.006400
0.035360	5.520000	0.006800
0.035380	5.520000	0.006800
0.035400	5.520000	0.006800
0.035420	5.520000	0.006800
0.035440	5.520000	0.006800
0.035460	5.520000	0.006800
0.035480	5.520000	0.006800
0.035500	5.520000	0.006800
0.035520	5.520000	0.006800
0.035540	5.520000	0.006800
0.035560	5.520000	0.006800
0.035580	5.520000	0.006800
0.035600	5.520000	0.006800
0.035620	5.520000	0.007200
0.035640	5.520000	0.006800
0.035660	5.520000	0.007200
0.035680	5.520000	0.007200
0.035700	5.520000	0.007200
0.035720	5.520000	0.007200
0.035740	5.520000	0.007200
0.035760	5.520000	0.007200
0.035780	5.520000	0.007200
0.035800	5.520000	0.007200
0.035820	5.520000	0.007200
0.035840	5.520000	0.007200
0.035860	5.520000	0.007600
0.035880	5.520000	0.007600
0.035900	5.520000	0.007600
0.035920	5.520000	0.007200
0.035940	5.520000	0.007600
0.035960	5.520000	0.007600
0.035980	5.520000	0.007600
0.036000	5.520000	0.007600
0.036020	5.520000	0.007600
0.036040	5.520000	0.007600
0.036060	5.520000	0.007600
0.036080	5.520000	0.007600
0.036100	5.520000	0.007600
0.036120	5.520000	0.008000
0.036140	5.520000	0.008000
0.036160	5.520000	0.008000
0.036180	5.520000	0.008000
0.036200	5.520000	0.007600
0.036220	5.520000	0.007600
0.036240	5.520000	0.008000
0.036260	5.520000	0.008000
0.036280	5.520000	0.008000
0.036300	5.520000	0.008000
0.036320	5.520000	0.008000
0.036340	5.520000	0.008000
0.036360	5.520000	0.008000
0.036380	5.520000	0.008000
0.036400	5.520000	0.008000
0.036420	5.520000	0.008000
0.036440	5.520000	0.008400
0.036460	5.520000	0.008000
0.036480	5.520000	0.008000
0.036500	5.520000	0.008000
0.036520	5.520000	0.008000
0.036540	5.520000	0.008000
0.036560	5.520000	0.008000
0.036580	5.520000	0.008000
0.036600	5.520000	0.008400
0.036620	5.520000	0.008400
0.036640	5.520000	0.008400
0.036660	5.520000	0.008400
0.036680	5.520000	0.008000
0.036700	5.520000	0.008400
0.036720	5.520000	0.008400
0.036740	5.520000	0.008400
0.036760	5.520000	0.008400
0.036780	5.520000	0.008400
0.036800	5.520000	0.008400
0.036820	5.520000	0.008400
0.036840	5.520000	0.008400
0.036860	5.520000	0.008400
0.036880	5.520000	0.008400
0.036900	5.520000	0.008400
0.036920	5.520000	0.008400
0.036940	5.520000	0.008800
0.036960	5.520000	0.008800
0.036980	5.520000	0.008400
0.037000	5.520000	0.008800
0.037020	5.520000	0.008400
0.037040	5.520000	0.008400
0.037060	5.520000	0.008400
0.037080	5.520000	0.008400
0.037100	5.520000	0.008800
0.037120	5.520000	0.008800
0.037140	5.520000	0.008800
0.037160	5.520000	0.008800
0.037180	5.520000	0.008800
0.037200	5.520000	0.008800
0.037220	5.520000	0.008800
0.037240	5.520000	0.008800
0.037260	5.520000	0.008800
0.037280	5.520000	0.008800
0.037300	5.520000	0.008800
0.037320	5.520000	0.008800
0.037340	5.520000	0.008800
0.037360	5.520000	0.008800
0.037380	5.520000	0.009200
0.037400	5.520000	0.009200
0.037420	5.520000	0.008800
0.037440	5.520000	0.009200
0.037460	5.520000	0.009200
0.037480	5.520000	0.009200
0.037500	5.520000	0.008800
0.037520	5.520000	0.009200
0.037540	5.520000	0.009200
0.037560	5.520000	0.008800
0.037580	5.520000	0.009200
0.037600	5.520000	0.009200
0.037620	5.520000	0.009200
0.037640	5.520000	0.009200
0.037660	5.520000	0.009200
0.037680	5.520000	0.009200
0.037700	5.520000	0.009200
0.037720	5.520000	0.009200
0.037740	5.520000	0.009200
0.037760	5.520000	0.009200
0.037780	5.520000	0.009200
0.037800	5.520000	0.009200
0.037820	5.520000	0.009200
0.037840	5.520000	0.009600
0.037860	5.520000	0.009200
0.037880	5.520000	0.009200
0.037900	5.520000	0.009200
0.037920	5.520000	0.009600
0.037940	5.520000	0.009600
0.037960	5.520000	0.009600
0.037980	5.520000	0.009600
0.038000	5.520000	0.009600
0.038020	5.520000	0.009600
0.038040	5.520000	0.009600
0.038060	5.520000	0.009600
0.038080	5.520000	0.009600
0.038100	5.520000	0.009600
0.038120	5.520000	0.009600
0.038140	5.520000	0.009600
0.038160	5.520000	0.009600
0.038180	5.520000	0.009600
0.038200	5.520000	0.009600
0.038220	5.520000	0.009600
0.038240	5.520000	0.009600
0.038260	5.520000	0.009600
0.038280	5.520000	0.009600
0.038300	5.520000	0.009600
0.038320	5.520000	0.010000
0.038340	5.520000	0.009600
0.038360	5.520000	0.010000
0.038380	5.520000	0.009600
0.038400	5.520000	0.009600
0.038420	5.520000	0.009600
0.038440	5.520000	0.009600
0.038460	5.520000	0.009600
0.038480	5.520000	0.010000
0.038500	5.520000	0.010000
0.038520	5.520000	0.010000
0.038540	5.520000	0.010000
0.038560	5.520000	0.010000
0.038580	5.520000	0.010000
0.038600	5.520000	0.010000
0.038620	5.520000	0.010000
0.038640	5.520000	0.010000
0.038660	5.520000	0.010000
0.038680	5.520000	0.010000
0.038700	5.520000	0.010000
0.038720	5.520000	0.010000
0.038740	5.520000	0.010000
0.038760	5.520000	0.010000
0.038780	5.520000	0.010000
0.038800	5.520000	0.010000
0.038820	5.520000	0.010000
0.038840	5.520000	0.010000
0.038860	5.520000	0.010000
0.038880	5.520000	0.010000
0.038900	5.520000	0.010000
0.038920	5.520000	0.010000
0.038940	5.520000	0.010000
0.038960	5.520000	0.010000
0.038980	5.520000	0.010400
0.039000	5.520000	0.010000
0.039020	5.520000	0.010000
0.039040	5.520000	0.010000
0.039060	5.520000	0.010000
0.039080	5.520000	0.010000
0.039100	5.520000	0.010400
0.039120	5.520000	0.010000
0.039140	5.520000	0.010000
0.039160	5.520000	0.010400
0.039180	5.520000	0.010000
0.039200	5.520000	0.010400
0.039220	5.520000	0.010400
0.039240	5.520000	0.010400
0.039260	5.520000	0.010400
0.039280	5.520000	0.010400
0.039300	5.520000	0.010400
0.039320	5.520000	0.010400
0.039340	5.520000	0.010400
0.039360	5.520000	0.010400
0.039380	5.520000	0.010400
0.039400	5.520000	0.010400
0.039420	5.520000	0.010400
0.039440	5.520000	0.010400
0.039460	5.520000	0.010400
0.039480	5.520000	0.010000
0.039500	5.520000	0.010400
0.039520	5.520000	0.010400
0.039540	5.520000	0.010400
0.039560	5.520000	0.010400
0.039580	5.520000	0.010400
0.039600	5.520000	0.010400
0.039620	5.520000	0.010400
0.039640	5.520000	0.010400
0.039660	5.520000	0.010400
0.039680	5.520000	0.010400
0.039700	5.520000	0.010400
0.039720	5.520000	0.010800
0.039740	5.520000	0.010800
0.039760	5.520000	0.010400
0.039780	5.520000	0.010400
0.039800	5.520000	0.010400
0.039820	5.520000	0.010400
0.039840	5.520000	0.010400
0.039860	5.520000	0.010400
0.039880	5.520000	0.010400
0.039900	5.520000	0.010400
0.039920	5.520000	0.010400
0.039940	5.520000	0.010400
0.039960	5.520000	0.010400
0.039980	5.520000	0.010800
0.040000	5.520000	0.010800
0.040020	5.520000	0.010800
0.040040	5.520000	0.010400
0.040060	5.520000	0.010400
0.040080	5.520000	0.010800
0.040100	5.520000	0.010400
0.040120	5.520000	0.010800
0.040140	5.520000	0.010800
0.040160	5.520000	0.010800
0.040180	5.520000	0.010800
0.040200	5.520000	0.010800
0.040220	5.520000	0.010400
0.040240	5.520000	0.010800
0.040260	5.520000	0.010800
0.040280	5.520000	0.010400
0.040300	5.520000	0.010800
0.040320	5.520000	0.010800
0.040340	5.520000	0.010400
0.040360	5.520000	0.010800
0.040380	5.520000	0.010400
0.040400	5.520000	0.010800
0.040420	5.520000	0.010800
0.040440	5.520000	0.010400
0.040460	5.520000	0.010800
0.040480	5.520000	0.010800
0.040500	5.520000	0.010400
0.040520	5.520000	0.010800
0.040540	5.520000	0.010800
0.040560	5.520000	0.010800
0.040580	5.520000	0.010800
0.040600	5.520000	0.010800
0.040620	5.520000	0.010800
0.040640	5.520000	0.010800
0.040660	5.520000	0.010800
0.040680	5.520000	0.010800
0.040700	5.520000	0.010800
0.040720	5.520000	0.010800
0.040740	5.520000	0.010800
0.040760	5.520000	0.010800
0.040780	5.520000	0.010800
0.040800	5.520000	0.010800
0.040820	5.520000	0.010800
0.040840	5.520000	0.010800
0.040860	5.520000	0.010800
0.040880	5.520000	0.010800
0.040900	5.520000	0.010800
0.040920	5.520000	0.010800
0.040940	5.520000	0.010800
0.040960	5.520000	0.010800
0.040980	5.520000	0.010800
0.041000	5.520000	0.010800
0.041020	5.520000	0.010800
0.041040	5.520000	0.010800
0.041060	5.520000	0.010800
0.041080	5.520000	0.010800
0.041100	5.520000	0.010800
0.041120	5.520000	0.010800
0.041140	5.520000	0.010800
0.041160	5.520000	0.010800
0.041180	5.520000	0.010800
0.041200	5.520000	0.010800
0.041220	5.520000	0.010800
0.041240	5.520000	0.010800
0.041260	5.520000	0.010800
0.041280	5.520000	0.011200
0.041300	5.520000	0.011200
0.041320	5.520000	0.010800
0.041340	5.520000	0.011200
0.041360	5.520000	0.011200
0.041380	5.520000	0.010800
0.041400	5.520000	0.010800
0.041420	5.520000	0.010800
0.041440	5.520000	0.010800
0.041460	5.520000	0.010800
0.041480	5.520000	0.010800
0.041500	5.520000	0.011200
0.041520	5.520000	0.011200
0.041540	5.520000	0.010800
0.041560	5.520000	0.010800
0.041580	5.520000	0.010800
0.041600	5.520000	0.010800
0.041620	5.520000	0.010800
0.041640	5.520000	0.010800
0.041660	-1.680000	0.010800
0.041680	-6.480000	0.010800
0.041700	-6.400000	0.010800
0.041720	-6.400000	0.010800
0.041740	-6.400000	0.010800
0.041760	-6.400000	0.010800
0.041780	-6.400000	0.010800
0.041800	-6.400000	0.011200
0.041820	-6.400000	0.011200
0.041840	-6.400000	0.011200
0.041860	-6.320000	0.010800
0.041880	-6.320000	0.010800
0.041900	-6.320000	0.010800
0.041920	-6.320000	0.010800
0.041940	-6.320000	0.011200
0.041960	-6.320000	0.010800
0.041980	-6.320000	0.010800
0.042000	-6.320000	0.011200
0.042020	-6.240000	0.010800
0.042040	-6.240000	0.010800
0.042060	-6.240000	0.010800
0.042080	-6.240000	0.010800
0.042100	-6.240000	0.011200
0.042120	-6.240000	0.010800
0.042140	-6.240000	0.010800
0.042160	-6.240000	0.011200
0.042180	-6.240000	0.010800
0.042200	-6.240000	0.010800
0.042220	-6.240000	0.011200
0.042240	-6.240000	0.011200
0.042260	-6.240000	0.011200
0.042280	-6.240000	0.011200
0.042300	-6.240000	0.010800
0.042320	-6.240000	0.011200
0.042340	-6.160000	0.011200
0.042360	-6.160000	0.011200
0.042380	-6.160000	0.010800
0.042400	-6.160000	0.011200
0.042420	-6.160000	0.010800
0.042440	-6.160000	0.010800
0.042460	-6.160000	0.011200
0.042480	-6.160000	0.010800
0.042500	-6.160000	0.010800
0.042520	-6.160000	0.010800
0.042540	-6.160000	0.010800
0.042560	-6.080000	0.010800
0.042580	-6.080000	0.010800
0.042600	-6.080000	0.010800
0.042620	-6.080000	0.010800
0.042640	-6.080000	0.010800
0.042660	-6.080000	0.010800
0.042680	-6.080000	0.010800
0.042700	-6.080000	0.010800
0.042720	-6.080000	0.010800
0.042740	-6.080000	0.010800
0.042760	-6.080000	0.010800
0.042780	-6.080000	0.010800
0.042800	-6.080000	0.010800
0.042820	-6.080000	0.010800
0.042840	-6.080000	0.010400
0.042860	-6.080000	0.010400
0.042880	-6.000000	0.010800
0.042900	-6.000000	0.010800
0.042920	-6.000000	0.010400
0.042940	-6.000000	0.010800
0.042960	-6.000000	0.010400
0.042980	-6.000000	0.010400
0.043000	-6.000000	0.010400
0.043020	-6.000000	0.010400
0.043040	-6.000000	0.010400
0.043060	-6.000000	0.010400
0.043080	-6.000000	0.010400
0.043100	-6.000000	0.010400
0.043120	-6.000000	0.010400
0.043140	-6.000000	0.010000
0.043160	-6.000000	0.010000
0.043180	-6.000000	0.010000
0.043200	-6.000000	0.010000
0.043220	-6.000000	0.010000
0.043240	-5.920000	0.010000
0.043260	-5.920000	0.010000
0.043280	-5.920000	0.010000
0.043300	-5.920000	0.010000
0.043320	-5.920000	0.010000
0.043340	-5.920000	0.009600
0.043360	-5.920000	0.009600
0.043380	-5.920000	0.009600
0.043400	-5.920000	0.009600
0.043420	-5.920000	0.009600
0.043440	-5.920000	0.009600
0.043460	-5.920000	0.009600
0.043480	-5.920000	0.009200
0.043500	-5.920000	0.009200
0.043520	-5.920000	0.009200
0.043540	-5.920000	0.009200
0.043560	-5.920000	0.009200
0.043580	-5.920000	0.008800
0.043600	-5.920000	0.008800
0.043620	-5.920000	0.008800
0.043640	-5.920000	0.008400
0.043660	-5.920000	0.008400
0.043680	-5.920000	0.008000
0.043700	-5.840000	0.007600
0.043720	-5.840000	0.007200
0.043740	-5.840000	0.006800
0.043760	-5.840000	0.006000
0.043780	-5.840000	0.005200
0.043800	-5.840000	0.004000
0.043820	-5.840000	0.002000
0.043840	-5.840000	-0.000400
0.043860	-5.840000	-0.004000
0.043880	-5.840000	-0.008800
0.043900	-5.840000	-0.014800
0.043920	-5.840000	-0.021200
0.043940	-5.840000	-0.028000
0.043960	-5.840000	-0.034000
0.043980	-5.840000	-0.038800
0.044000	-5.840000	-0.042000
0.044020	-5.840000	-0.044000
0.044040	-5.840000	-0.045200
0.044060	-5.840000	-0.045200
0.044080	-5.840000	-0.044800
0.044100	-5.760000	-0.044000
0.044120	-5.760000	-0.043600
0.044140	-5.760000	-0.042800
0.044160	-5.760000	-0.042400
0.044180	-5.760000	-0.041600
0.044200	-5.760000	-0.041600
0.044220	-5.760000	-0.041200
0.044240	-5.760000	-0.040800
0.044260	-5.760000	-0.040400
0.044280	-5.760000	-0.040400
0.044300	-5.760000	-0.040000
0.044320	-5.760000	-0.039600
0.044340	-5.760000	-0.039200
0.044360	-5.760000	-0.039200
0.044380	-5.760000	-0.038800
0.044400	-5.760000	-0.038400
0.044420	-5.760000	-0.038000
0.044440	-5.760000	-0.037600
0.044460	-5.760000	-0.037600
0.044480	-5.760000	-0.037200
0.044500	-5.760000	-0.036800
0.044520	-5.760000	-0.036400
0.044540	-5.760000	-0.036000
0.044560	-5.760000	-0.035600
0.044580	-5.760000	-0.035600
0.044600	-5.760000	-0.035200
0.044620	-5.760000	-0.034800
0.044640	-5.760000	-0.034400
0.044660	-5.760000	-0.034400
0.044680	-5.760000	-0.034000
0.044700	-5.760000	-0.033600
0.044720	-5.760000	-0.033200
0.044740	-5.760000	-0.032800
0.044760	-5.760000	-0.032800
0.044780	-5.760000	-0.032400
0.044800	-5.760000	-0.032400
0.044820	-5.760000	-0.032000
0.044840	-5.680000	-0.031600
0.044860	-5.760000	-0.031200
0.044880	-5.680000	-0.031200
0.044900	-5.680000	-0.030800
0.044920	-5.680000	-0.030400
0.044940	-5.680000	-0.030400
0.044960	-5.680000	-0.030000
0.044980	-5.680000	-0.029600
0.045000	-5.680000	-0.029200
0.045020	-5.680000	-0.029200
0.045040	-5.680000	-0.028800
0.045060	-5.680000	-0.028800
0.045080	-5.680000	-0.028400
0.045100	-5.680000	-0.028000
0.045120	-5.680000	-0.028000
0.045140	-5.680000	-0.027600
0.045160	-5.680000	-0.027600
0.045180	-5.680000	-0.026800
0.045200	-5.680000	-0.026800
0.045220	-5.680000	-0.026800
0.045240	-5.680000	-0.026400
0.045260	-5.680000	-0.026000
0.045280	-5.680000	-0.026000
0.045300	-5.680000	-0.025600
0.045320	-5.680000	-0.025600
0.045340	-5.680000	-0.025200
0.045360	-5.680000	-0.024800
0.045380	-5.680000	-0.024800
0.045400	-5.680000	-0.024800
0.045420	-5.680000	-0.024400
0.045440	-5.680000	-0.024400
0.045460	-5.680000	-0.023600
0.045480	-5.680000	-0.023600
0.045500	-5.680000	-0.023600
0.045520	-5.680000	-0.023200
0.045540	-5.680000	-0.022800
0.045560	-5.680000	-0.022800
0.045580	-5.680000	-0.022400
0.045600	-5.600000	-0.022400
0.045620	-5.680000	-0.022400
0.045640	-5.680000	-0.022000
0.045660	-5.600000	-0.021600
0.045680	-5.600000	-0.021600
0.045700	-5.680000	-0.021200
0.045720	-5.600000	-0.021200
0.045740	-5.680000	-0.020800
0.045760	-5.600000	-0.020800
0.045780	-5.600000	-0.020400
0.045800	-5.600000	-0.020400
0.045820	-5.600000	-0.020000
0.045840	-5.600000	-0.020000
0.045860	-5.600000	-0.019600
0.045880	-5.600000	-0.019600
0.045900	-5.600000	-0.019200
0.045920	-5.600000	-0.019200
0.045940	-5.600000	-0.019200
0.045960	-5.600000	-0.018800
0.045980	-5.600000	-0.018400
0.046000	-5.600000	-0.018400
0.046020	-5.600000	-0.018000
0.046040	-5.600000	-0.018000
0.046060	-5.600000	-0.018000
0.046080	-5.600000	-0.017600
0.046100	-5.600000	-0.017600
0.046120	-5.600000	-0.017200
0.046140	-5.600000	-0.017200
0.046160	-5.600000	-0.016800
0.046180	-5.600000	-0.016800
0.046200	-5.600000	-0.016800
0.046220	-5.600000	-0.016400
0.046240	-5.600000	-0.016400
0.046260	-5.600000	-0.016000
0.046280	-5.600000	-0.016000
0.046300	-5.600000	-0.015600
0.046320	-5.600000	-0.015600
0.046340	-5.600000	-0.015200
0.046360	-5.600000	-0.015200
0.046380	-5.600000	-0.015200
0.046400	-5.600000	-0.014800
0.046420	-5.600000	-0.014800
0.046440	-5.600000	-0.014400
0.046460	-5.600000	-0.014400
0.046480	-5.600000	-0.014000
0.046500	-5.600000	-0.014000
0.046520	-5.600000	-0.014000
0.046540	-5.600000	-0.013600
0.046560	-5.600000	-0.013600
0.046580	-5.600000	-0.013600
0.046600	-5.600000	-0.013600
0.046620	-5.600000	-0.013200
0.046640	-5.600000	-0.012800
0.046660	-5.600000	-0.012800
0.046680	-5.600000	-0.012800
0.046700	-5.600000	-0.012800
0.046720	-5.600000	-0.012800
0.046740	-5.600000	-0.012400
0.046760	-5.600000	-0.012400
0.046780	-5.600000	-0.012000
0.046800	-5.600000	-0.012000
0.046820	-5.600000	-0.011600
0.046840	-5.600000	-0.011600
0.046860	-5.600000	-0.011600
0.046880	-5.600000	-0.011200
0.046900	-5.600000	-0.011200
0.046920	-5.600000	-0.011200
0.046940	-5.600000	-0.010800
0.046960	-5.600000	-0.010800
0.046980	-5.600000	-0.010800
0.047000	-5.600000	-0.010400
0.047020	-5.600000	-0.010400
0.047040	-5.600000	-0.010400
0.047060	-5.600000	-0.010000
0.047080	-5.600000	-0.010000
0.047100	-5.600000	-0.010000
0.047120	-5.600000	-0.010000
0.047140	-5.600000	-0.009600
0.047160	-5.600000	-0.009600
0.047180	-5.600000	-0.009200
0.047200	-5.600000	-0.009200
0.047220	-5.600000	-0.009200
0.047240	-5.600000	-0.009200
0.047260	-5.600000	-0.009200
0.047280	-5.520000	-0.008800
0.047300	-5.520000	-0.008800
0.047320	-5.520000	-0.008800
0.047340	-5.600000	-0.008800
0.047360	-5.520000	-0.008000
0.047380	-5.600000	-0.008400
0.047400	-5.520000	-0.008000
0.047420	-5.520000	-0.008000
0.047440	-5.520000	-0.008000
0.047460	-5.520000	-0.007600
0.047480	-5.520000	-0.007600
0.047500	-5.520000	-0.007600
0.047520	-5.520000	-0.007600
0.047540	-5.520000	-0.007200
0.047560	-5.520000	-0.007200
0.047580	-5.520000	-0.007200
0.047600	-5.520000	-0.006800
0.047620	-5.520000	-0.006800
0.047640	-5.520000	-0.006800
0.047660	-5.520000	-0.006400
0.047680	-5.520000	-0.006400
0.047700	-5.520000	-0.006400
0.047720	-5.520000	-0.006400
0.047740	-5.520000	-0.006000
0.047760	-5.520000	-0.006000
0.047780	-5.520000	-0.006000
0.047800	-5.520000	-0.005600
0.047820	-5.520000	-0.005600
0.047840	-5.520000	-0.005600
0.047860	-5.520000	-0.005600
0.047880	-5.520000	-0.005200
0.047900	-5.520000	-0.005200
0.047920	-5.520000	-0.005200
0.047940	-5.520000	-0.005200
0.047960	-5.520000	-0.005200
0.047980	-5.520000	-0.004800
0.048000	-5.520000	-0.004800
0.048020	-5.520000	-0.004800
0.048040	-5.520000	-0.004800
0.048060	-5.520000	-0.004400
0.048080	-5.520000	-0.004400
0.048100	-5.520000	-0.004400
0.048120	-5.520000	-0.004000
0.048140	-5.520000	-0.004000
0.048160	-5.520000	-0.004000
0.048180	-5.520000	-0.004000
0.048200	-5.520000	-0.003600
0.048220	-5.520000	-0.004000
0.048240	-5.520000	-0.003600
0.048260	-5.520000	-0.003600
0.048280	-5.520000	-0.003600
0.048300	-5.520000	-0.003200
0.048320	-5.520000	-0.003200
0.048340	-5.520000	-0.003200
0.048360	-5.520000	-0.003200
0.048380	-5.520000	-0.002800
0.048400	-5.520000	-0.002800
0.048420	-5.520000	-0.002800
0.048440	-5.520000	-0.002800
0.048460	-5.520000	-0.002400
0.048480	-5.520000	-0.002400
0.048500	-5.520000	-0.002400
0.048520	-5.520000	-0.002400
0.048540	-5.520000	-0.002400
0.048560	-5.520000	-0.002000
0.048580	-5.520000	-0.002400
0.048600	-5.520000	-0.002000
0.048620	-5.520000	-0.002000
0.048640	-5.520000	-0.002000
0.048660	-5.520000	-0.002000
0.048680	-5.520000	-0.001600
0.048700	-5.520000	-0.001600
0.048720	-5.520000	-0.001600
0.048740	-5.520000	-0.001600
0.048760	-5.520000	-0.001200
0.048780	-5.520000	-0.001200
0.048800	-5.520000	-0.001200
0.048820	-5.520000	-0.001200
0.048840	-5.520000	-0.001200
0.048860	-5.520000	-0.000800
0.048880	-5.520000	-0.000800
0.048900	-5.520000	-0.000800
0.048920	-5.520000	-0.000800
0.048940	-5.520000	-0.000800
0.048960	-5.520000	-0.000800
0.048980	-5.520000	-0.000400
0.049000	-5.520000	-0.000400
0.049020	-5.520000	-0.000400
0.049040	-5.520000	-0.000400
0.049060	-5.520000	0.000000
0.049080	-5.520000	-0.000400
0.049100	-5.520000	0.000000
0.049120	-5.520000	0.000000
0.049140	-5.520000	0.000000
0.049160	-5.520000	0.000000
0.049180	-5.520000	0.000400
0.049200	-5.520000	0.000000
0.049220	-5.520000	0.000400
0.049240	-5.520000	0.000400
0.049260	-5.520000	0.000400
0.049280	-5.520000	0.000800
0.049300	-5.520000	0.000800
0.049320	-5.520000	0.000400
0.049340	-5.520000	0.000800
0.049360	-5.520000	0.001200
0.049380	-5.520000	0.000800
0.049400	-5.520000	0.000800
0.049420	-5.520000	0.000800
0.049440	-5.520000	0.001200
0.049460	-5.520000	0.001200
0.049480	-5.520000	0.001200
0.049500	-5.520000	0.001200
0.049520	-5.520000	0.001200
0.049540	-5.520000	0.001200
0.049560	-5.520000	0.001600
0.049580	-5.520000	0.001600
0.049600	-5.520000	0.001600
0.049620	-5.520000	0.002000
0.049640	-5.520000	0.002000
0.049660	-5.520000	0.001600
0.049680	-5.520000	0.002000
0.049700	-5.520000	0.002000
0.049720	-5.520000	0.002000
0.049740	-5.520000	0.002000
0.049760	-5.520000	0.002000
0.049780	-5.520000	0.002000
0.049800	-5.520000	0.002400
0.049820	-5.520000	0.002400
0.049840	-5.520000	0.002400
0.049860	-5.520000	0.002400
0.049880	-5.520000	0.002800
0.049900	-5.520000	0.002400
0.049920	-5.520000	0.002800
0.049940	-5.520000	0.002800
0.049960	-5.520000	0.002800
0.049980	-5.520000	0.002800
