0.000000	-5.600000	-0.017600
1.000000E-5	-5.600000	-0.017600
2.000000E-5	-5.600000	-0.017200
3.000000E-5	-5.600000	-0.017200
4.000000E-5	-5.600000	-0.016800
5.000000E-5	-5.600000	-0.016800
6.000000E-5	-5.600000	-0.016800
7.000000E-5	-5.600000	-0.016800
8.000000E-5	-5.600000	-0.016400
9.000000E-5	-5.600000	-0.016400
0.000100	-5.600000	-0.016400
0.000110	-5.600000	-0.016000
0.000120	-5.600000	-0.016000
0.000130	-5.600000	-0.015600
0.000140	-5.600000	-0.015600
0.000150	-5.600000	-0.015600
0.000160	-5.600000	-0.015600
0.000170	-5.600000	-0.015600
0.000180	-5.600000	-0.015200
0.000190	-5.600000	-0.015200
0.000200	-5.600000	-0.014800
0.000210	-5.600000	-0.014800
0.000220	-5.600000	-0.014800
0.000230	-5.600000	-0.014800
0.000240	-5.600000	-0.014400
0.000250	-5.600000	-0.014400
0.000260	-5.600000	-0.014400
0.000270	-5.600000	-0.014000
0.000280	-5.600000	-0.014000
0.000290	-5.600000	-0.014000
0.000300	-5.600000	-0.014000
0.000310	-5.600000	-0.013600
0.000320	-5.600000	-0.013600
0.000330	-5.600000	-0.013600
0.000340	-5.600000	-0.013200
0.000350	-5.600000	-0.013200
0.000360	-5.600000	-0.013200
0.000370	-5.600000	-0.013200
0.000380	-5.600000	-0.012800
0.000390	-5.600000	-0.012800
0.000400	-5.600000	-0.012800
0.000410	-5.600000	-0.012400
0.000420	-5.600000	-0.012400
0.000430	-5.600000	-0.012400
0.000440	-5.600000	-0.012400
0.000450	-5.600000	-0.012000
0.000460	-5.600000	-0.012000
0.000470	-5.600000	-0.012000
0.000480	-5.600000	-0.012000
0.000490	-5.600000	-0.011600
0.000500	-5.600000	-0.011600
0.000510	-5.600000	-0.011600
0.000520	-5.600000	-0.011200
0.000530	-5.600000	-0.011200
0.000540	-5.600000	-0.010800
0.000550	-5.600000	-0.011200
0.000560	-5.600000	-0.010800
0.000570	-5.600000	-0.010800
0.000580	-5.600000	-0.010800
0.000590	-5.600000	-0.010800
0.000600	-5.600000	-0.010400
0.000610	-5.600000	-0.010400
0.000620	-5.600000	-0.010400
0.000630	-5.600000	-0.010000
0.000640	-5.600000	-0.010000
0.000650	-5.600000	-0.010000
0.000660	-5.600000	-0.010000
0.000670	-5.600000	-0.009600
0.000680	-5.600000	-0.009600
0.000690	-5.600000	-0.009600
0.000700	-5.600000	-0.009600
0.000710	-5.600000	-0.009200
0.000720	-5.600000	-0.009200
0.000730	-5.600000	-0.009200
0.000740	-5.600000	-0.008800
0.000750	-5.600000	-0.009200
0.000760	-5.600000	-0.008800
0.000770	-5.600000	-0.008800
0.000780	-5.600000	-0.008800
0.000790	-5.600000	-0.008400
0.000800	-5.600000	-0.008400
0.000810	-5.520000	-0.008400
0.000820	-5.600000	-0.008000
0.000830	-5.600000	-0.008400
0.000840	-5.520000	-0.008000
0.000850	-5.600000	-0.008000
0.000860	-5.520000	-0.008000
0.000870	-5.600000	-0.008000
0.000880	-5.600000	-0.007600
0.000890	-5.600000	-0.007600
0.000900	-5.520000	-0.007600
0.000910	-5.520000	-0.007200
0.000920	-5.600000	-0.007200
0.000930	-5.520000	-0.007200
0.000940	-5.600000	-0.007200
0.000950	-5.600000	-0.007200
0.000960	-5.520000	-0.006800
0.000970	-5.520000	-0.006800
0.000980	-5.520000	-0.006400
0.000990	-5.520000	-0.006400
0.001000	-5.520000	-0.006800
0.001010	-5.520000	-0.006400
0.001020	-5.520000	-0.006400
0.001030	-5.520000	-0.006400
0.001040	-5.520000	-0.006400
0.001050	-5.520000	-0.006000
0.001060	-5.600000	-0.006000
0.001070	-5.520000	-0.006000
0.001080	-5.520000	-0.006000
0.001090	-5.520000	-0.005600
0.001100	-5.520000	-0.005600
0.001110	-5.520000	-0.005600
0.001120	-5.520000	-0.005600
0.001130	-5.520000	-0.005600
0.001140	-5.520000	-0.005200
0.001150	-5.520000	-0.005200
0.001160	-5.520000	-0.005200
0.001170	-5.520000	-0.005200
0.001180	-5.520000	-0.005200
0.001190	-5.520000	-0.004800
0.001200	-5.520000	-0.004800
0.001210	-5.520000	-0.004800
0.001220	-5.600000	-0.004800
0.001230	-5.520000	-0.004400
0.001240	-5.520000	-0.004400
0.001250	-5.520000	-0.004400
0.001260	-5.520000	-0.004400
0.001270	-5.520000	-0.004400
0.001280	-5.520000	-0.004000
0.001290	-5.520000	-0.004000
0.001300	-5.520000	-0.004000
0.001310	-5.520000	-0.004000
0.001320	-5.520000	-0.003600
0.001330	-5.520000	-0.003600
0.001340	-5.520000	-0.003600
0.001350	-5.520000	-0.003600
0.001360	-5.520000	-0.003200
0.001370	-5.520000	-0.003200
0.001380	-5.520000	-0.003200
0.001390	-5.520000	-0.003200
0.001400	-5.520000	-0.003200
0.001410	-5.520000	-0.003200
0.001420	-5.520000	-0.002800
0.001430	-5.520000	-0.002800
0.001440	-5.520000	-0.002800
0.001450	-5.520000	-0.002800
0.001460	-5.520000	-0.002400
0.001470	-5.520000	-0.002400
0.001480	-5.520000	-0.002400
0.001490	-5.520000	-0.002400
0.001500	-5.520000	-0.002400
0.001510	-5.520000	-0.002400
0.001520	-5.520000	-0.002400
0.001530	-5.520000	-0.002400
0.001540	-5.520000	-0.002000
0.001550	-5.520000	-0.002000
0.001560	-5.520000	-0.002000
0.001570	-5.520000	-0.001600
0.001580	-5.520000	-0.001600
0.001590	-5.520000	-0.001600
0.001600	-5.520000	-0.001600
0.001610	-5.520000	-0.001600
0.001620	-5.520000	-0.001600
0.001630	-5.520000	-0.001600
0.001640	-5.520000	-0.001200
0.001650	-5.520000	-0.001200
0.001660	-5.520000	-0.001200
0.001670	-5.520000	-0.000800
0.001680	-5.520000	-0.000800
0.001690	-5.520000	-0.001200
0.001700	-5.520000	-0.000800
0.001710	-5.520000	-0.000800
0.001720	-5.520000	-0.000800
0.001730	-5.520000	-0.000800
0.001740	-5.520000	-0.000400
0.001750	-5.520000	-0.000400
0.001760	-5.520000	-0.000400
0.001770	-5.520000	-0.000400
0.001780	-5.520000	-0.000400
0.001790	-5.520000	-0.000400
0.001800	-5.520000	0.000000
0.001810	-5.520000	0.000000
0.001820	-5.520000	0.000000
0.001830	-5.520000	0.000000
0.001840	-5.520000	0.000000
0.001850	-5.520000	0.000000
0.001860	-5.520000	0.000400
0.001870	-5.520000	0.000400
0.001880	-5.520000	0.000400
0.001890	-5.520000	0.000400
0.001900	-5.520000	0.000400
0.001910	-5.520000	0.000800
0.001920	-5.520000	0.000400
0.001930	-5.520000	0.000800
0.001940	-5.520000	0.000800
0.001950	-5.520000	0.000800
0.001960	-5.520000	0.000800
0.001970	-5.520000	0.000800
0.001980	-5.520000	0.001200
0.001990	-5.520000	0.001200
0.002000	-5.520000	0.001200
0.002010	-5.520000	0.001200
0.002020	-5.520000	0.001600
0.002030	-5.520000	0.001600
0.002040	-5.520000	0.001600
0.002050	-5.520000	0.001600
0.002060	-5.520000	0.001600
0.002070	-5.520000	0.001600
0.002080	-5.520000	0.001600
0.002090	-5.520000	0.001600
0.002100	-5.520000	0.001600
0.002110	-5.520000	0.001600
0.002120	-5.520000	0.002000
0.002130	-5.520000	0.002000
0.002140	-5.520000	0.002000
0.002150	-5.520000	0.002000
0.002160	-5.520000	0.002000
0.002170	-5.520000	0.002000
0.002180	-5.520000	0.002400
0.002190	-5.520000	0.002400
0.002200	-5.520000	0.002400
0.002210	-5.520000	0.002400
0.002220	-5.520000	0.002800
0.002230	-5.520000	0.002800
0.002240	-5.520000	0.002800
0.002250	-5.520000	0.002800
0.002260	-5.520000	0.002800
0.002270	-5.520000	0.002800
0.002280	-5.520000	0.002800
0.002290	-5.520000	0.002800
0.002300	-5.520000	0.003200
0.002310	-5.520000	0.003200
0.002320	-5.520000	0.003200
0.002330	-5.520000	0.003200
0.002340	-5.520000	0.003200
0.002350	-5.520000	0.003200
0.002360	-5.520000	0.003600
0.002370	-5.520000	0.003600
0.002380	-5.520000	0.003600
0.002390	-5.520000	0.003600
0.002400	-5.520000	0.004000
0.002410	-5.520000	0.003600
0.002420	-5.520000	0.003600
0.002430	-5.520000	0.004000
0.002440	-5.440000	0.004000
0.002450	-5.520000	0.004000
0.002460	-5.520000	0.004000
0.002470	-5.440000	0.004000
0.002480	-5.440000	0.004000
0.002490	-5.440000	0.004000
0.002500	-5.520000	0.004400
0.002510	-5.440000	0.004400
0.002520	-5.440000	0.004400
0.002530	-5.520000	0.004400
0.002540	-5.520000	0.004400
0.002550	-5.520000	0.004400
0.002560	-5.440000	0.004400
0.002570	-5.520000	0.004400
0.002580	-5.440000	0.004800
0.002590	-5.440000	0.004400
0.002600	-5.440000	0.004800
0.002610	-5.440000	0.004800
0.002620	-5.440000	0.004800
0.002630	-5.440000	0.004800
0.002640	-5.440000	0.005200
0.002650	-5.440000	0.004800
0.002660	-5.440000	0.004800
0.002670	-5.440000	0.004800
0.002680	-5.440000	0.005200
0.002690	-5.440000	0.005200
0.002700	-5.440000	0.005200
0.002710	-5.440000	0.005200
0.002720	-5.440000	0.005200
0.002730	-5.440000	0.005200
0.002740	-5.440000	0.005600
0.002750	-5.440000	0.005600
0.002760	-5.440000	0.005600
0.002770	-5.440000	0.005600
0.002780	-5.440000	0.005600
0.002790	-5.440000	0.005600
0.002800	-5.440000	0.006000
0.002810	-5.440000	0.006000
0.002820	-5.440000	0.006000
0.002830	-5.440000	0.006000
0.002840	-5.440000	0.006000
0.002850	-5.440000	0.006000
0.002860	-5.440000	0.006000
0.002870	-5.440000	0.006000
0.002880	-5.440000	0.006400
0.002890	-5.440000	0.006400
0.002900	-5.440000	0.006400
0.002910	-5.440000	0.006400
0.002920	-5.440000	0.006400
0.002930	-5.440000	0.006400
0.002940	-5.440000	0.006400
0.002950	-5.440000	0.006400
0.002960	-5.440000	0.006400
0.002970	-5.440000	0.006800
0.002980	-5.440000	0.006800
0.002990	-5.440000	0.006800
0.003000	-5.440000	0.006800
0.003010	-5.440000	0.006800
0.003020	-5.440000	0.006800
0.003030	-5.440000	0.006800
0.003040	-5.440000	0.006800
0.003050	-5.440000	0.007200
0.003060	-5.440000	0.007200
0.003070	-5.440000	0.007200
0.003080	-5.440000	0.007200
0.003090	-5.440000	0.007200
0.003100	-5.440000	0.007200
0.003110	-5.440000	0.007200
0.003120	-5.440000	0.007200
0.003130	-5.440000	0.007600
0.003140	-5.440000	0.007600
0.003150	-5.440000	0.007200
0.003160	-5.440000	0.007600
0.003170	-5.440000	0.007600
0.003180	-5.440000	0.007600
0.003190	-5.440000	0.007600
0.003200	-5.440000	0.007600
0.003210	-5.440000	0.007600
0.003220	-5.440000	0.007600
0.003230	-5.440000	0.008000
0.003240	-5.440000	0.008000
0.003250	-5.440000	0.008000
0.003260	-5.440000	0.008000
0.003270	-5.440000	0.008000
0.003280	-5.440000	0.008000
0.003290	-5.440000	0.008400
0.003300	-5.440000	0.008400
0.003310	-5.440000	0.008400
0.003320	-5.440000	0.008400
0.003330	-5.440000	0.008400
0.003340	-5.440000	0.008400
0.003350	-5.440000	0.008400
0.003360	-5.440000	0.008400
0.003370	-5.440000	0.008400
0.003380	-5.440000	0.008400
0.003390	-5.440000	0.008400
0.003400	-5.440000	0.008800
0.003410	-5.440000	0.008800
0.003420	-5.440000	0.008800
0.003430	-5.440000	0.008800
0.003440	-5.440000	0.008800
0.003450	-5.440000	0.008800
0.003460	-5.440000	0.008800
0.003470	-5.440000	0.009200
0.003480	-5.440000	0.009200
0.003490	-5.440000	0.009200
0.003500	-5.440000	0.009200
0.003510	-5.440000	0.009200
0.003520	-5.440000	0.009200
0.003530	-5.440000	0.009200
0.003540	-5.440000	0.009200
0.003550	-5.440000	0.008800
0.003560	-5.440000	0.009200
0.003570	-5.440000	0.009200
0.003580	-5.440000	0.009200
0.003590	-5.440000	0.009600
0.003600	-5.440000	0.009600
0.003610	-5.440000	0.009600
0.003620	-5.440000	0.009600
0.003630	-5.440000	0.009600
0.003640	-5.440000	0.009600
0.003650	-5.440000	0.009600
0.003660	-5.440000	0.009600
0.003670	-5.440000	0.009600
0.003680	-5.440000	0.009600
0.003690	-5.440000	0.009600
0.003700	-5.440000	0.009600
0.003710	-5.440000	0.010000
0.003720	-5.440000	0.010000
0.003730	-5.440000	0.010000
0.003740	-5.440000	0.010000
0.003750	-5.440000	0.010000
0.003760	-5.440000	0.010000
0.003770	-5.440000	0.010000
0.003780	-5.440000	0.010000
0.003790	-5.440000	0.010400
0.003800	-5.440000	0.010000
0.003810	-5.440000	0.010400
0.003820	-5.440000	0.010400
0.003830	-5.440000	0.010400
0.003840	-5.440000	0.010400
0.003850	-5.440000	0.010400
0.003860	-5.440000	0.010400
0.003870	-5.440000	0.010400
0.003880	-5.440000	0.010400
0.003890	-5.440000	0.010400
0.003900	-5.440000	0.010400
0.003910	-5.440000	0.010400
0.003920	-5.440000	0.010400
0.003930	-5.440000	0.010400
0.003940	-5.440000	0.010800
0.003950	-5.440000	0.010800
0.003960	-5.440000	0.010800
0.003970	-5.440000	0.010800
0.003980	-5.440000	0.010800
0.003990	-5.440000	0.010800
0.004000	-5.440000	0.011200
0.004010	-5.440000	0.011200
0.004020	-5.440000	0.011200
0.004030	-5.440000	0.011200
0.004040	-5.440000	0.011200
0.004050	-5.440000	0.011200
0.004060	-5.440000	0.011200
0.004070	-5.440000	0.011200
0.004080	-5.440000	0.011200
0.004090	-5.440000	0.011200
0.004100	-5.440000	0.011200
0.004110	-5.440000	0.011200
0.004120	-5.440000	0.011200
0.004130	-5.440000	0.011600
0.004140	-5.440000	0.011200
0.004150	-5.440000	0.011200
0.004160	-5.440000	0.011600
0.004170	-5.440000	0.011600
0.004180	-5.440000	0.011600
0.004190	-5.440000	0.011600
0.004200	-5.440000	0.011600
0.004210	-5.440000	0.011600
0.004220	-5.440000	0.011600
0.004230	-5.440000	0.011600
0.004240	-5.440000	0.011600
0.004250	-5.440000	0.012000
0.004260	-5.440000	0.012000
0.004270	-5.440000	0.012000
0.004280	-5.440000	0.012000
0.004290	-5.440000	0.012000
0.004300	-5.440000	0.012000
0.004310	-5.440000	0.012000
0.004320	-5.440000	0.012000
0.004330	-5.440000	0.012000
0.004340	-5.440000	0.012000
0.004350	-5.440000	0.012000
0.004360	-5.440000	0.012000
0.004370	-5.440000	0.012000
0.004380	-5.440000	0.012000
0.004390	-5.440000	0.012400
0.004400	-5.440000	0.012000
0.004410	-5.440000	0.012400
0.004420	-5.440000	0.012400
0.004430	-5.440000	0.012400
0.004440	-5.440000	0.012400
0.004450	-5.440000	0.012400
0.004460	-5.440000	0.012400
0.004470	-5.440000	0.012400
0.004480	-5.440000	0.012400
0.004490	-5.440000	0.012400
0.004500	-5.440000	0.012400
0.004510	-5.440000	0.012400
0.004520	-5.440000	0.012400
0.004530	-5.440000	0.012800
0.004540	-5.440000	0.012400
0.004550	-5.440000	0.012800
0.004560	-5.440000	0.012800
0.004570	-5.440000	0.012800
0.004580	-5.440000	0.012800
0.004590	-5.440000	0.012800
0.004600	-5.440000	0.012800
0.004610	-5.440000	0.012800
0.004620	-5.440000	0.012800
0.004630	-5.440000	0.012800
0.004640	-5.440000	0.012800
0.004650	-5.440000	0.012800
0.004660	-5.440000	0.012800
0.004670	-5.440000	0.012800
0.004680	-5.440000	0.013200
0.004690	-5.440000	0.012800
0.004700	-5.440000	0.013200
0.004710	-5.440000	0.013200
0.004720	-5.440000	0.013200
0.004730	-5.440000	0.013200
0.004740	-5.440000	0.013200
0.004750	-5.440000	0.013200
0.004760	-5.440000	0.013200
0.004770	-5.440000	0.013200
0.004780	-5.440000	0.013200
0.004790	-5.440000	0.013200
0.004800	-5.440000	0.013200
0.004810	-5.440000	0.013600
0.004820	-5.440000	0.013200
0.004830	-5.440000	0.013200
0.004840	-5.440000	0.013600
0.004850	-5.440000	0.013600
0.004860	-5.440000	0.013600
0.004870	-5.440000	0.013600
0.004880	-5.440000	0.013600
0.004890	-5.200000	0.013600
0.004900	6.080000	0.014000
0.004910	6.480000	0.013600
0.004920	6.560000	0.014000
0.004930	6.560000	0.013600
0.004940	6.480000	0.013600
0.004950	6.480000	0.014000
0.004960	6.560000	0.013600
0.004970	6.480000	0.013600
0.004980	6.480000	0.013600
0.004990	6.480000	0.014000
0.005000	6.480000	0.014000
0.005010	6.480000	0.014000
0.005020	6.480000	0.014000
0.005030	6.480000	0.014000
0.005040	6.480000	0.014000
0.005050	6.480000	0.014000
0.005060	6.480000	0.014000
0.005070	6.480000	0.014000
0.005080	6.480000	0.014000
0.005090	6.400000	0.014400
0.005100	6.400000	0.014000
0.005110	6.400000	0.014000
0.005120	6.400000	0.014400
0.005130	6.400000	0.014400
0.005140	6.400000	0.014400
0.005150	6.400000	0.014400
0.005160	6.400000	0.014400
0.005170	6.400000	0.014400
0.005180	6.400000	0.014400
0.005190	6.400000	0.014400
0.005200	6.400000	0.014400
0.005210	6.400000	0.014400
0.005220	6.400000	0.014400
0.005230	6.400000	0.014400
0.005240	6.400000	0.014400
0.005250	6.400000	0.014400
0.005260	6.400000	0.014400
0.005270	6.400000	0.014400
0.005280	6.400000	0.014400
0.005290	6.400000	0.014800
0.005300	6.320000	0.014400
0.005310	6.320000	0.014400
0.005320	6.320000	0.014400
0.005330	6.320000	0.014800
0.005340	6.320000	0.014800
0.005350	6.320000	0.014800
0.005360	6.320000	0.014400
0.005370	6.320000	0.014800
0.005380	6.320000	0.014800
0.005390	6.320000	0.014800
0.005400	6.320000	0.014800
0.005410	6.320000	0.014800
0.005420	6.320000	0.014800
0.005430	6.320000	0.014800
0.005440	6.320000	0.014800
0.005450	6.320000	0.014800
0.005460	6.240000	0.014800
0.005470	6.320000	0.014800
0.005480	6.240000	0.014800
0.005490	6.240000	0.014800
0.005500	6.240000	0.014800
0.005510	6.240000	0.014800
0.005520	6.240000	0.014800
0.005530	6.240000	0.014800
0.005540	6.240000	0.015200
0.005550	6.240000	0.015200
0.005560	6.240000	0.014800
0.005570	6.240000	0.015200
0.005580	6.240000	0.015200
0.005590	6.240000	0.014800
0.005600	6.240000	0.014800
0.005610	6.240000	0.015200
0.005620	6.240000	0.015200
0.005630	6.240000	0.015200
0.005640	6.240000	0.015200
0.005650	6.240000	0.015200
0.005660	6.240000	0.015200
0.005670	6.240000	0.015200
0.005680	6.240000	0.015200
0.005690	6.240000	0.015200
0.005700	6.240000	0.015200
0.005710	6.240000	0.015200
0.005720	6.240000	0.015200
0.005730	6.240000	0.015200
0.005740	6.240000	0.015200
0.005750	6.240000	0.015200
0.005760	6.160000	0.015200
0.005770	6.160000	0.015200
0.005780	6.160000	0.015200
0.005790	6.160000	0.015200
0.005800	6.160000	0.015200
0.005810	6.160000	0.015200
0.005820	6.160000	0.015200
0.005830	6.160000	0.015200
0.005840	6.160000	0.015200
0.005850	6.160000	0.015200
0.005860	6.160000	0.015200
0.005870	6.160000	0.015200
0.005880	6.160000	0.015200
0.005890	6.160000	0.015200
0.005900	6.160000	0.015200
0.005910	6.160000	0.015200
0.005920	6.160000	0.015200
0.005930	6.160000	0.015200
0.005940	6.160000	0.015200
0.005950	6.160000	0.015200
0.005960	6.160000	0.015600
0.005970	6.160000	0.015200
0.005980	6.160000	0.015200
0.005990	6.160000	0.015600
0.006000	6.160000	0.015600
0.006010	6.160000	0.015200
0.006020	6.160000	0.015600
0.006030	6.160000	0.015600
0.006040	6.160000	0.015200
0.006050	6.080000	0.015600
0.006060	6.080000	0.015600
0.006070	6.160000	0.015600
0.006080	6.080000	0.015200
0.006090	6.080000	0.015200
0.006100	6.080000	0.015600
0.006110	6.080000	0.015600
0.006120	6.080000	0.015600
0.006130	6.080000	0.015600
0.006140	6.080000	0.015600
0.006150	6.080000	0.015600
0.006160	6.080000	0.015600
0.006170	6.080000	0.015600
0.006180	6.080000	0.015600
0.006190	6.080000	0.015600
0.006200	6.080000	0.015600
0.006210	6.080000	0.015600
0.006220	6.080000	0.015600
0.006230	6.080000	0.015600
0.006240	6.080000	0.015200
0.006250	6.080000	0.015600
0.006260	6.080000	0.015200
0.006270	6.080000	0.015600
0.006280	6.080000	0.015600
0.006290	6.080000	0.015600
0.006300	6.080000	0.015600
0.006310	6.080000	0.015600
0.006320	6.080000	0.015600
0.006330	6.080000	0.015600
0.006340	6.080000	0.015600
0.006350	6.080000	0.015600
0.006360	6.080000	0.015600
0.006370	6.080000	0.015600
0.006380	6.080000	0.015600
0.006390	6.080000	0.015600
0.006400	6.080000	0.015600
0.006410	6.080000	0.015600
0.006420	6.080000	0.015600
0.006430	6.080000	0.015600
0.006440	6.080000	0.015600
0.006450	6.080000	0.015600
0.006460	6.080000	0.015600
0.006470	6.080000	0.015600
0.006480	6.080000	0.015600
0.006490	6.000000	0.015600
0.006500	6.000000	0.015200
0.006510	6.000000	0.015600
0.006520	6.000000	0.015600
0.006530	6.000000	0.015600
0.006540	6.000000	0.015600
0.006550	6.000000	0.015600
0.006560	6.000000	0.015600
0.006570	6.000000	0.015600
0.006580	6.000000	0.015600
0.006590	6.000000	0.015600
0.006600	6.000000	0.015600
0.006610	6.000000	0.015600
0.006620	6.000000	0.015600
0.006630	6.000000	0.015600
0.006640	6.000000	0.015200
0.006650	6.000000	0.015200
0.006660	6.000000	0.015200
0.006670	6.000000	0.015200
0.006680	6.000000	0.015200
0.006690	6.000000	0.015200
0.006700	6.000000	0.015200
0.006710	6.000000	0.015200
0.006720	6.000000	0.015200
0.006730	6.000000	0.015200
0.006740	6.000000	0.015200
0.006750	6.000000	0.015200
0.006760	6.000000	0.014800
0.006770	6.000000	0.014800
0.006780	6.000000	0.014800
0.006790	6.000000	0.014800
0.006800	6.000000	0.014400
0.006810	6.000000	0.014400
0.006820	6.000000	0.014000
0.006830	6.000000	0.013600
0.006840	6.000000	0.013200
0.006850	6.000000	0.012800
0.006860	6.000000	0.012000
0.006870	6.000000	0.011200
0.006880	6.000000	0.010000
0.006890	6.000000	0.008000
0.006900	6.000000	0.006000
0.006910	6.000000	0.003600
0.006920	6.000000	0.000400
0.006930	6.000000	-0.003200
0.006940	6.000000	-0.007200
0.006950	6.000000	-0.011600
0.006960	6.000000	-0.016000
0.006970	6.000000	-0.020000
0.006980	6.000000	-0.024000
0.006990	6.000000	-0.027600
0.007000	6.000000	-0.030800
0.007010	6.000000	-0.033600
0.007020	6.000000	-0.036000
0.007030	6.000000	-0.037600
0.007040	6.000000	-0.038400
0.007050	6.000000	-0.039600
0.007060	6.000000	-0.040000
0.007070	6.000000	-0.040000
0.007080	6.000000	-0.040000
0.007090	6.000000	-0.040000
0.007100	6.000000	-0.039600
0.007110	6.000000	-0.039200
0.007120	6.000000	-0.038400
0.007130	6.000000	-0.038000
0.007140	6.000000	-0.037600
0.007150	6.000000	-0.037200
0.007160	6.000000	-0.036800
0.007170	5.920000	-0.036000
0.007180	6.000000	-0.035600
0.007190	5.920000	-0.035600
0.007200	5.920000	-0.035200
0.007210	5.920000	-0.035200
0.007220	5.920000	-0.034800
0.007230	5.920000	-0.034800
0.007240	5.920000	-0.034400
0.007250	5.920000	-0.034400
0.007260	5.920000	-0.034000
0.007270	5.920000	-0.034000
0.007280	5.920000	-0.033600
0.007290	5.920000	-0.033600
0.007300	5.920000	-0.033600
0.007310	5.920000	-0.033600
0.007320	5.920000	-0.033200
0.007330	5.920000	-0.033200
0.007340	5.920000	-0.032800
0.007350	5.920000	-0.032800
0.007360	5.920000	-0.032400
0.007370	5.920000	-0.032400
0.007380	5.920000	-0.032000
0.007390	5.920000	-0.032000
0.007400	5.920000	-0.032000
0.007410	5.920000	-0.031600
0.007420	5.920000	-0.031600
0.007430	5.920000	-0.031200
0.007440	5.920000	-0.031200
0.007450	5.920000	-0.030800
0.007460	5.920000	-0.030800
0.007470	5.920000	-0.030800
0.007480	5.920000	-0.030400
0.007490	5.920000	-0.030400
0.007500	5.920000	-0.030000
0.007510	5.920000	-0.030000
0.007520	5.920000	-0.030000
0.007530	5.920000	-0.029600
0.007540	5.920000	-0.029200
0.007550	5.920000	-0.029200
0.007560	5.920000	-0.029200
0.007570	5.920000	-0.028800
0.007580	5.920000	-0.028400
0.007590	5.920000	-0.028400
0.007600	5.920000	-0.028400
0.007610	5.920000	-0.028000
0.007620	5.920000	-0.028000
0.007630	5.840000	-0.028000
0.007640	5.840000	-0.027600
0.007650	5.920000	-0.027600
0.007660	5.840000	-0.027600
0.007670	5.840000	-0.027200
0.007680	5.840000	-0.027200
0.007690	5.840000	-0.026800
0.007700	5.840000	-0.026800
0.007710	5.840000	-0.026800
0.007720	5.840000	-0.026400
0.007730	5.840000	-0.026400
0.007740	5.840000	-0.026000
0.007750	5.840000	-0.026000
0.007760	5.840000	-0.025600
0.007770	5.840000	-0.025600
0.007780	5.840000	-0.025600
0.007790	5.840000	-0.025200
0.007800	5.840000	-0.025200
0.007810	5.840000	-0.025200
0.007820	5.840000	-0.024800
0.007830	5.840000	-0.024800
0.007840	5.840000	-0.024400
0.007850	5.840000	-0.024400
0.007860	5.840000	-0.024000
0.007870	5.840000	-0.024000
0.007880	5.840000	-0.024000
0.007890	5.840000	-0.023600
0.007900	5.840000	-0.023600
0.007910	5.840000	-0.023600
0.007920	5.840000	-0.023600
0.007930	5.840000	-0.023200
0.007940	5.840000	-0.023200
0.007950	5.840000	-0.022800
0.007960	5.840000	-0.022800
0.007970	5.840000	-0.022800
0.007980	5.840000	-0.022400
0.007990	5.840000	-0.022400
0.008000	5.840000	-0.022000
0.008010	5.840000	-0.022000
0.008020	5.840000	-0.022000
0.008030	5.840000	-0.021600
0.008040	5.840000	-0.021600
0.008050	5.840000	-0.021600
0.008060	5.840000	-0.021200
0.008070	5.840000	-0.020800
0.008080	5.840000	-0.021200
0.008090	5.840000	-0.020800
0.008100	5.840000	-0.020800
0.008110	5.840000	-0.020400
0.008120	5.840000	-0.020400
0.008130	5.840000	-0.020400
0.008140	5.840000	-0.020400
0.008150	5.840000	-0.020000
0.008160	5.840000	-0.020000
0.008170	5.840000	-0.019600
0.008180	5.840000	-0.019600
0.008190	5.840000	-0.019600
0.008200	5.840000	-0.019200
0.008210	5.840000	-0.019200
0.008220	5.840000	-0.019200
0.008230	5.840000	-0.019200
0.008240	5.840000	-0.018400
0.008250	5.840000	-0.018800
0.008260	5.840000	-0.018400
0.008270	5.840000	-0.018400
0.008280	5.840000	-0.018400
0.008290	5.840000	-0.018400
0.008300	5.840000	-0.018000
0.008310	5.840000	-0.018000
0.008320	5.840000	-0.018000
0.008330	5.840000	-0.017600
0.008340	5.840000	-0.017600
0.008350	5.840000	-0.017600
0.008360	5.840000	-0.017200
0.008370	5.840000	-0.017200
0.008380	5.840000	-0.017200
0.008390	5.840000	-0.017200
0.008400	5.840000	-0.016800
0.008410	5.840000	-0.016400
0.008420	5.840000	-0.016400
0.008430	5.840000	-0.016400
0.008440	5.840000	-0.016400
0.008450	5.840000	-0.016000
0.008460	5.840000	-0.016000
0.008470	5.840000	-0.016000
0.008480	5.840000	-0.015600
0.008490	5.760000	-0.015600
0.008500	5.840000	-0.015600
0.008510	5.840000	-0.015200
0.008520	5.760000	-0.015200
0.008530	5.840000	-0.015200
0.008540	5.760000	-0.015200
0.008550	5.760000	-0.014800
0.008560	5.840000	-0.014800
0.008570	5.840000	-0.014800
0.008580	5.760000	-0.014400
0.008590	5.760000	-0.014400
0.008600	5.760000	-0.014400
0.008610	5.760000	-0.014400
0.008620	5.760000	-0.014000
0.008630	5.760000	-0.014000
0.008640	5.760000	-0.014000
0.008650	5.760000	-0.014000
0.008660	5.760000	-0.013600
0.008670	5.760000	-0.013600
0.008680	5.760000	-0.013600
0.008690	5.760000	-0.013600
0.008700	5.760000	-0.013200
0.008710	5.760000	-0.013200
0.008720	5.760000	-0.012800
0.008730	5.760000	-0.012800
0.008740	5.760000	-0.012800
0.008750	5.760000	-0.012800
0.008760	5.760000	-0.012400
0.008770	5.760000	-0.012400
0.008780	5.760000	-0.012400
0.008790	5.760000	-0.012400
0.008800	5.760000	-0.012000
0.008810	5.760000	-0.012000
0.008820	5.760000	-0.012000
0.008830	5.760000	-0.011600
0.008840	5.760000	-0.011600
0.008850	5.760000	-0.011600
0.008860	5.760000	-0.011600
0.008870	5.760000	-0.011200
0.008880	5.760000	-0.011200
0.008890	5.760000	-0.011200
0.008900	5.760000	-0.010800
0.008910	5.760000	-0.010800
0.008920	5.760000	-0.010800
0.008930	5.760000	-0.010800
0.008940	5.760000	-0.010800
0.008950	5.760000	-0.010400
0.008960	5.760000	-0.010400
0.008970	5.760000	-0.010400
0.008980	5.760000	-0.010400
0.008990	5.760000	-0.010000
0.009000	5.760000	-0.010000
0.009010	5.760000	-0.010000
0.009020	5.760000	-0.009600
0.009030	5.760000	-0.009600
0.009040	5.760000	-0.009600
0.009050	5.760000	-0.009600
0.009060	5.760000	-0.009200
0.009070	5.760000	-0.009200
0.009080	5.760000	-0.009200
0.009090	5.760000	-0.009200
0.009100	5.760000	-0.009200
0.009110	5.760000	-0.008800
0.009120	5.760000	-0.008800
0.009130	5.760000	-0.008800
0.009140	5.760000	-0.008800
0.009150	5.760000	-0.008400
0.009160	5.760000	-0.008400
0.009170	5.760000	-0.008400
0.009180	5.760000	-0.008400
0.009190	5.760000	-0.008000
0.009200	5.760000	-0.008000
0.009210	5.760000	-0.008000
0.009220	5.760000	-0.008000
0.009230	5.760000	-0.007600
0.009240	5.760000	-0.007600
0.009250	5.760000	-0.007600
0.009260	5.760000	-0.007600
0.009270	5.760000	-0.007600
0.009280	5.760000	-0.007200
0.009290	5.760000	-0.007200
0.009300	5.760000	-0.007200
0.009310	5.760000	-0.007200
0.009320	5.760000	-0.007200
0.009330	5.760000	-0.006800
0.009340	5.760000	-0.006800
0.009350	5.760000	-0.006400
0.009360	5.760000	-0.006800
0.009370	5.760000	-0.006400
0.009380	5.760000	-0.006400
0.009390	5.760000	-0.006400
0.009400	5.680000	-0.006400
0.009410	5.680000	-0.006000
0.009420	5.680000	-0.006000
0.009430	5.680000	-0.006000
0.009440	5.680000	-0.005600
0.009450	5.760000	-0.005600
0.009460	5.680000	-0.005600
0.009470	5.680000	-0.005600
0.009480	5.680000	-0.005600
0.009490	5.680000	-0.005600
0.009500	5.680000	-0.005200
0.009510	5.680000	-0.005200
0.009520	5.680000	-0.005200
0.009530	5.680000	-0.005200
0.009540	5.680000	-0.005200
0.009550	5.680000	-0.004800
0.009560	5.680000	-0.004800
0.009570	5.680000	-0.004800
0.009580	5.680000	-0.004800
0.009590	5.680000	-0.004800
0.009600	5.680000	-0.004800
0.009610	5.680000	-0.004400
0.009620	5.680000	-0.004400
0.009630	5.680000	-0.004400
0.009640	5.680000	-0.004400
0.009650	5.680000	-0.004000
0.009660	5.680000	-0.004000
0.009670	5.680000	-0.004000
0.009680	5.680000	-0.004000
0.009690	5.680000	-0.004000
0.009700	5.680000	-0.003600
0.009710	5.680000	-0.003600
0.009720	5.680000	-0.003600
0.009730	5.680000	-0.003600
0.009740	5.680000	-0.003200
0.009750	5.680000	-0.003200
0.009760	5.680000	-0.003200
0.009770	5.680000	-0.003200
0.009780	5.680000	-0.003200
0.009790	5.680000	-0.003200
0.009800	5.680000	-0.003200
0.009810	5.680000	-0.002800
0.009820	5.680000	-0.002800
0.009830	5.680000	-0.002800
0.009840	5.680000	-0.002800
0.009850	5.680000	-0.002800
0.009860	5.680000	-0.002400
0.009870	5.680000	-0.002400
0.009880	5.680000	-0.002400
0.009890	5.680000	-0.002400
0.009900	5.680000	-0.002400
0.009910	5.680000	-0.002000
0.009920	5.680000	-0.002000
0.009930	5.680000	-0.002000
0.009940	5.680000	-0.002000
0.009950	5.680000	-0.002000
0.009960	5.680000	-0.001600
0.009970	5.680000	-0.001600
0.009980	5.680000	-0.001600
0.009990	5.680000	-0.001600
0.010000	5.680000	-0.001600
0.010010	5.680000	-0.001600
0.010020	5.680000	-0.001600
0.010030	5.680000	-0.001200
0.010040	5.680000	-0.001200
0.010050	5.680000	-0.001200
0.010060	5.680000	-0.001200
0.010070	5.680000	-0.001200
0.010080	5.680000	-0.000800
0.010090	5.680000	-0.000800
0.010100	5.680000	-0.000800
0.010110	5.680000	-0.000800
0.010120	5.680000	-0.000800
0.010130	5.680000	-0.000800
0.010140	5.680000	-0.000400
0.010150	5.680000	-0.000400
0.010160	5.680000	-0.000400
0.010170	5.680000	-0.000400
0.010180	5.680000	-0.000400
0.010190	5.680000	0.000000
0.010200	5.680000	0.000000
0.010210	5.680000	0.000000
0.010220	5.680000	0.000000
0.010230	5.680000	0.000000
0.010240	5.680000	0.000000
0.010250	5.680000	0.000400
0.010260	5.680000	0.000400
0.010270	5.680000	0.000400
0.010280	5.680000	0.000400
0.010290	5.680000	0.000400
0.010300	5.680000	0.000400
0.010310	5.680000	0.000800
0.010320	5.680000	0.000800
0.010330	5.680000	0.000800
0.010340	5.680000	0.000800
0.010350	5.680000	0.000800
0.010360	5.680000	0.000800
0.010370	5.680000	0.000800
0.010380	5.680000	0.000800
0.010390	5.680000	0.001200
0.010400	5.680000	0.001200
0.010410	5.680000	0.001200
0.010420	5.680000	0.001200
0.010430	5.680000	0.001600
0.010440	5.680000	0.001600
0.010450	5.680000	0.001600
0.010460	5.680000	0.001600
0.010470	5.680000	0.001600
0.010480	5.680000	0.001600
0.010490	5.680000	0.001600
0.010500	5.680000	0.001600
0.010510	5.680000	0.001600
0.010520	5.680000	0.001600
0.010530	5.680000	0.002000
0.010540	5.680000	0.002000
0.010550	5.680000	0.002000
0.010560	5.680000	0.002000
0.010570	5.680000	0.002000
0.010580	5.680000	0.002400
0.010590	5.680000	0.002400
0.010600	5.680000	0.002400
0.010610	5.680000	0.002400
0.010620	5.680000	0.002400
0.010630	5.680000	0.002800
0.010640	5.680000	0.002800
0.010650	5.680000	0.002400
0.010660	5.680000	0.002800
0.010670	5.680000	0.002800
0.010680	5.680000	0.002800
0.010690	5.680000	0.002800
0.010700	5.680000	0.002800
0.010710	5.680000	0.003200
0.010720	5.680000	0.003200
0.010730	5.680000	0.003200
0.010740	5.680000	0.003200
0.010750	5.680000	0.003200
0.010760	5.680000	0.003200
0.010770	5.680000	0.003200
0.010780	5.680000	0.003200
0.010790	5.680000	0.003600
0.010800	5.680000	0.003600
0.010810	5.680000	0.003600
0.010820	5.680000	0.003600
0.010830	5.680000	0.003600
0.010840	5.680000	0.003600
0.010850	5.680000	0.004000
0.010860	5.680000	0.004000
0.010870	5.680000	0.004000
0.010880	5.680000	0.004000
0.010890	5.680000	0.004000
0.010900	5.680000	0.004000
0.010910	5.680000	0.004400
0.010920	5.680000	0.004000
0.010930	5.680000	0.004400
0.010940	5.680000	0.004400
0.010950	5.680000	0.004400
0.010960	5.680000	0.004400
0.010970	5.680000	0.004400
0.010980	5.680000	0.004400
0.010990	5.680000	0.004400
0.011000	5.680000	0.004800
0.011010	5.680000	0.004800
0.011020	5.680000	0.004800
0.011030	5.680000	0.004800
0.011040	5.680000	0.004800
0.011050	5.680000	0.004800
0.011060	5.680000	0.004800
0.011070	5.680000	0.004800
0.011080	5.680000	0.004800
0.011090	5.680000	0.005200
0.011100	5.680000	0.005200
0.011110	5.680000	0.005200
0.011120	5.680000	0.005200
0.011130	5.680000	0.005200
0.011140	5.680000	0.005200
0.011150	5.680000	0.005200
0.011160	5.680000	0.005200
0.011170	5.680000	0.005600
0.011180	5.680000	0.005600
0.011190	5.680000	0.005600
0.011200	5.680000	0.005600
0.011210	5.680000	0.005600
0.011220	5.680000	0.005600
0.011230	5.680000	0.005600
0.011240	5.680000	0.006000
0.011250	5.680000	0.006000
0.011260	5.680000	0.005600
0.011270	5.680000	0.006000
0.011280	5.680000	0.006000
0.011290	5.680000	0.006000
0.011300	5.680000	0.006000
0.011310	5.680000	0.006000
0.011320	5.680000	0.006000
0.011330	5.680000	0.006400
0.011340	5.680000	0.006400
0.011350	5.680000	0.006400
0.011360	5.680000	0.006400
0.011370	5.600000	0.006400
0.011380	5.680000	0.006400
0.011390	5.600000	0.006400
0.011400	5.600000	0.006400
0.011410	5.600000	0.006800
0.011420	5.680000	0.006800
0.011430	5.680000	0.006800
0.011440	5.600000	0.006800
0.011450	5.680000	0.006800
0.011460	5.680000	0.006800
0.011470	5.600000	0.006800
0.011480	5.680000	0.006800
0.011490	5.600000	0.006800
0.011500	5.680000	0.007200
0.011510	5.680000	0.006800
0.011520	5.600000	0.007200
0.011530	5.680000	0.007200
0.011540	5.600000	0.007200
0.011550	5.680000	0.007200
0.011560	5.680000	0.007200
0.011570	5.680000	0.007200
0.011580	5.600000	0.007200
0.011590	5.680000	0.007200
0.011600	5.600000	0.007600
0.011610	5.600000	0.007600
0.011620	5.600000	0.007200
0.011630	5.600000	0.007600
0.011640	5.600000	0.007600
0.011650	5.600000	0.007600
0.011660	5.600000	0.007600
0.011670	5.600000	0.007600
0.011680	5.600000	0.008000
0.011690	5.600000	0.007600
0.011700	5.600000	0.008000
0.011710	5.600000	0.008000
0.011720	5.600000	0.008000
0.011730	5.600000	0.008000
0.011740	5.600000	0.008000
0.011750	5.600000	0.008400
0.011760	5.600000	0.008000
0.011770	5.600000	0.008000
0.011780	5.600000	0.008400
0.011790	5.600000	0.008400
0.011800	5.600000	0.008400
0.011810	5.600000	0.008000
0.011820	5.600000	0.008400
0.011830	5.600000	0.008400
0.011840	5.600000	0.008400
0.011850	5.600000	0.008400
0.011860	5.600000	0.008400
0.011870	5.600000	0.008400
0.011880	5.600000	0.008800
0.011890	5.600000	0.008800
0.011900	5.600000	0.008800
0.011910	5.600000	0.008800
0.011920	5.600000	0.008800
0.011930	5.600000	0.008800
0.011940	5.600000	0.008800
0.011950	5.600000	0.008800
0.011960	5.600000	0.009200
0.011970	5.600000	0.009200
0.011980	5.600000	0.009200
0.011990	5.600000	0.009200
0.012000	5.600000	0.009200
0.012010	5.600000	0.009200
0.012020	5.600000	0.009200
0.012030	5.600000	0.009200
0.012040	5.600000	0.009200
0.012050	5.600000	0.009200
0.012060	5.600000	0.009200
0.012070	5.600000	0.009600
0.012080	5.600000	0.009600
0.012090	5.600000	0.009600
0.012100	5.600000	0.009600
0.012110	5.600000	0.009600
0.012120	5.600000	0.009600
0.012130	5.600000	0.009600
0.012140	5.600000	0.009600
0.012150	5.600000	0.009600
0.012160	5.600000	0.009600
0.012170	5.600000	0.009600
0.012180	5.600000	0.009600
0.012190	5.600000	0.010000
0.012200	5.600000	0.010000
0.012210	5.600000	0.010000
0.012220	5.600000	0.010000
0.012230	5.600000	0.010000
0.012240	5.600000	0.010000
0.012250	5.600000	0.010000
0.012260	5.600000	0.010000
0.012270	5.600000	0.010000
0.012280	5.600000	0.010400
0.012290	5.600000	0.010400
0.012300	5.600000	0.010000
0.012310	5.600000	0.010400
0.012320	5.600000	0.010400
0.012330	5.600000	0.010400
0.012340	5.600000	0.010400
0.012350	5.600000	0.010400
0.012360	5.600000	0.010400
0.012370	5.600000	0.010400
0.012380	5.600000	0.010400
0.012390	5.600000	0.010400
0.012400	5.600000	0.010400
0.012410	5.600000	0.010400
0.012420	5.600000	0.010800
0.012430	5.600000	0.010800
0.012440	5.600000	0.010800
0.012450	5.600000	0.010800
0.012460	5.600000	0.010800
0.012470	5.600000	0.010800
0.012480	5.600000	0.010800
0.012490	5.600000	0.010800
0.012500	5.600000	0.010800
0.012510	5.600000	0.010800
0.012520	5.600000	0.010800
0.012530	5.600000	0.010800
0.012540	5.600000	0.011200
0.012550	5.600000	0.011200
0.012560	5.600000	0.011200
0.012570	5.600000	0.011200
0.012580	5.600000	0.011200
0.012590	5.600000	0.011200
0.012600	5.600000	0.011200
0.012610	5.600000	0.011200
0.012620	5.600000	0.011200
0.012630	5.600000	0.011600
0.012640	5.600000	0.011200
0.012650	5.600000	0.011200
0.012660	5.600000	0.011600
0.012670	5.600000	0.011600
0.012680	5.600000	0.011600
0.012690	5.600000	0.011600
0.012700	5.600000	0.011600
0.012710	5.600000	0.011600
0.012720	5.600000	0.011600
0.012730	5.600000	0.011600
0.012740	5.600000	0.011600
0.012750	5.600000	0.011600
0.012760	5.600000	0.011600
0.012770	5.600000	0.011600
0.012780	5.600000	0.012000
0.012790	5.600000	0.012000
0.012800	5.600000	0.012000
0.012810	5.600000	0.012000
0.012820	5.600000	0.012000
0.012830	5.600000	0.012000
0.012840	5.600000	0.012000
0.012850	5.600000	0.012000
0.012860	5.600000	0.012000
0.012870	5.600000	0.012400
0.012880	5.600000	0.012000
0.012890	5.600000	0.012000
0.012900	5.600000	0.012400
0.012910	5.600000	0.012400
0.012920	5.600000	0.012400
0.012930	5.600000	0.012400
0.012940	5.600000	0.012400
0.012950	5.600000	0.012400
0.012960	5.600000	0.012400
0.012970	5.600000	0.012400
0.012980	5.600000	0.012400
0.012990	5.600000	0.012400
0.013000	5.600000	0.012400
0.013010	5.600000	0.012400
0.013020	5.600000	0.012400
0.013030	5.600000	0.012400
0.013040	5.600000	0.012400
0.013050	5.600000	0.012400
0.013060	5.600000	0.012400
0.013070	5.600000	0.012400
0.013080	5.600000	0.012400
0.013090	5.600000	0.012800
0.013100	5.600000	0.012800
0.013110	5.600000	0.012800
0.013120	5.600000	0.012800
0.013130	5.600000	0.012800
0.013140	5.600000	0.012800
0.013150	5.600000	0.012800
0.013160	5.600000	0.012800
0.013170	5.600000	0.012800
0.013180	5.600000	0.013200
0.013190	5.600000	0.013200
0.013200	5.600000	0.012800
0.013210	5.600000	0.013200
0.013220	5.600000	0.012800
0.013230	-1.920000	0.012800
0.013240	-6.400000	0.013200
0.013250	-6.400000	0.013200
0.013260	-6.400000	0.013200
0.013270	-6.400000	0.012800
0.013280	-6.400000	0.013200
0.013290	-6.400000	0.013200
0.013300	-6.400000	0.013200
0.013310	-6.400000	0.013200
0.013320	-6.320000	0.013200
0.013330	-6.320000	0.013200
0.013340	-6.320000	0.013200
0.013350	-6.320000	0.013200
0.013360	-6.320000	0.013600
0.013370	-6.320000	0.013200
0.013380	-6.320000	0.013600
0.013390	-6.320000	0.013600
0.013400	-6.320000	0.013600
0.013410	-6.320000	0.013600
0.013420	-6.320000	0.013600
0.013430	-6.320000	0.013600
0.013440	-6.320000	0.013600
0.013450	-6.320000	0.013600
0.013460	-6.320000	0.013600
0.013470	-6.240000	0.013600
0.013480	-6.240000	0.013600
0.013490	-6.240000	0.013600
0.013500	-6.240000	0.014000
0.013510	-6.240000	0.014000
0.013520	-6.240000	0.014000
0.013530	-6.240000	0.014000
0.013540	-6.240000	0.014000
0.013550	-6.240000	0.014000
0.013560	-6.240000	0.014000
0.013570	-6.240000	0.014000
0.013580	-6.240000	0.014000
0.013590	-6.240000	0.013600
0.013600	-6.240000	0.014000
0.013610	-6.240000	0.014000
0.013620	-6.240000	0.014000
0.013630	-6.240000	0.014000
0.013640	-6.160000	0.014400
0.013650	-6.160000	0.014000
0.013660	-6.160000	0.014000
0.013670	-6.160000	0.014000
0.013680	-6.160000	0.014400
0.013690	-6.160000	0.014000
0.013700	-6.160000	0.014400
0.013710	-6.160000	0.014400
0.013720	-6.160000	0.014000
0.013730	-6.160000	0.014400
0.013740	-6.160000	0.014400
0.013750	-6.160000	0.014400
0.013760	-6.160000	0.014400
0.013770	-6.160000	0.014400
0.013780	-6.160000	0.014400
0.013790	-6.160000	0.014400
0.013800	-6.160000	0.014400
0.013810	-6.160000	0.014400
0.013820	-6.160000	0.014400
0.013830	-6.160000	0.014400
0.013840	-6.160000	0.014400
0.013850	-6.160000	0.014400
0.013860	-6.160000	0.014400
0.013870	-6.080000	0.014400
0.013880	-6.080000	0.014400
0.013890	-6.080000	0.014400
0.013900	-6.080000	0.014400
0.013910	-6.080000	0.014800
0.013920	-6.080000	0.014800
0.013930	-6.080000	0.014800
0.013940	-6.080000	0.014800
0.013950	-6.080000	0.014800
0.013960	-6.080000	0.014800
0.013970	-6.080000	0.014800
0.013980	-6.080000	0.014800
0.013990	-6.080000	0.014800
0.014000	-6.080000	0.014800
0.014010	-6.080000	0.014800
0.014020	-6.080000	0.014800
0.014030	-6.080000	0.014800
0.014040	-6.080000	0.014800
0.014050	-6.080000	0.014800
0.014060	-6.080000	0.014800
0.014070	-6.080000	0.014800
0.014080	-6.080000	0.014800
0.014090	-6.080000	0.014800
0.014100	-6.080000	0.014800
0.014110	-6.080000	0.014800
0.014120	-6.080000	0.014800
0.014130	-6.080000	0.014800
0.014140	-6.080000	0.014800
0.014150	-6.080000	0.014800
0.014160	-6.000000	0.014800
0.014170	-6.000000	0.014800
0.014180	-6.000000	0.014800
0.014190	-6.000000	0.014800
0.014200	-6.000000	0.014800
0.014210	-6.000000	0.014800
0.014220	-6.000000	0.014800
0.014230	-6.000000	0.014800
0.014240	-6.000000	0.014800
0.014250	-6.000000	0.014800
0.014260	-6.000000	0.014800
0.014270	-6.000000	0.014800
0.014280	-6.000000	0.014800
0.014290	-6.000000	0.015200
0.014300	-6.000000	0.014800
0.014310	-6.000000	0.015200
0.014320	-6.000000	0.014800
0.014330	-6.000000	0.015200
0.014340	-6.000000	0.015200
0.014350	-6.000000	0.015200
0.014360	-6.000000	0.015200
0.014370	-6.000000	0.015200
0.014380	-6.000000	0.015200
0.014390	-6.000000	0.015200
0.014400	-6.000000	0.015200
0.014410	-6.000000	0.015200
0.014420	-6.000000	0.015200
0.014430	-6.000000	0.015200
0.014440	-6.000000	0.015200
0.014450	-6.000000	0.015200
0.014460	-6.000000	0.015200
0.014470	-6.000000	0.015200
0.014480	-6.000000	0.015200
0.014490	-6.000000	0.015200
0.014500	-6.000000	0.015200
0.014510	-6.000000	0.015200
0.014520	-6.000000	0.015200
0.014530	-6.000000	0.015200
0.014540	-6.000000	0.015200
0.014550	-5.920000	0.015200
0.014560	-5.920000	0.015200
0.014570	-5.920000	0.015200
0.014580	-5.920000	0.015200
0.014590	-5.920000	0.015200
0.014600	-5.920000	0.015200
0.014610	-5.920000	0.015200
0.014620	-5.920000	0.015200
0.014630	-5.920000	0.015200
0.014640	-5.920000	0.015200
0.014650	-5.920000	0.015200
0.014660	-5.920000	0.015200
0.014670	-5.920000	0.015200
0.014680	-5.920000	0.015200
0.014690	-5.920000	0.015200
0.014700	-5.920000	0.015200
0.014710	-5.920000	0.014800
0.014720	-5.920000	0.015200
0.014730	-5.920000	0.015200
0.014740	-5.920000	0.015200
0.014750	-5.920000	0.015200
0.014760	-5.920000	0.015200
0.014770	-5.920000	0.015200
0.014780	-5.920000	0.014800
0.014790	-5.920000	0.014800
0.014800	-5.920000	0.014800
0.014810	-5.920000	0.015200
0.014820	-5.920000	0.015200
0.014830	-5.920000	0.014800
0.014840	-5.920000	0.014800
0.014850	-5.920000	0.015200
0.014860	-5.920000	0.014800
0.014870	-5.920000	0.014800
0.014880	-5.840000	0.014800
0.014890	-5.840000	0.014800
0.014900	-5.840000	0.014800
0.014910	-5.840000	0.014800
0.014920	-5.840000	0.014800
0.014930	-5.840000	0.014800
0.014940	-5.840000	0.014800
0.014950	-5.840000	0.014800
0.014960	-5.840000	0.014800
0.014970	-5.840000	0.014800
0.014980	-5.840000	0.014400
0.014990	-5.840000	0.014400
0.015000	-5.840000	0.014400
0.015010	-5.840000	0.014400
0.015020	-5.840000	0.014400
0.015030	-5.840000	0.014000
0.015040	-5.840000	0.014000
0.015050	-5.840000	0.014000
0.015060	-5.840000	0.014000
0.015070	-5.840000	0.014000
0.015080	-5.840000	0.013600
0.015090	-5.840000	0.013600
0.015100	-5.840000	0.013600
0.015110	-5.840000	0.013200
0.015120	-5.840000	0.013200
0.015130	-5.840000	0.012800
0.015140	-5.840000	0.012400
0.015150	-5.840000	0.012000
0.015160	-5.840000	0.011600
0.015170	-5.840000	0.011200
0.015180	-5.840000	0.010800
0.015190	-5.840000	0.010000
0.015200	-5.840000	0.009600
0.015210	-5.840000	0.008400
0.015220	-5.840000	0.007600
0.015230	-5.840000	0.006400
0.015240	-5.840000	0.004800
0.015250	-5.840000	0.003200
0.015260	-5.840000	0.001200
0.015270	-5.760000	-0.001200
0.015280	-5.840000	-0.004000
0.015290	-5.760000	-0.006800
0.015300	-5.760000	-0.009600
0.015310	-5.760000	-0.013200
0.015320	-5.760000	-0.016400
0.015330	-5.760000	-0.020000
0.015340	-5.760000	-0.022800
0.015350	-5.760000	-0.026000
0.015360	-5.760000	-0.028800
0.015370	-5.760000	-0.031200
0.015380	-5.760000	-0.033200
0.015390	-5.760000	-0.034800
0.015400	-5.760000	-0.036400
0.015410	-5.760000	-0.037200
0.015420	-5.760000	-0.038000
0.015430	-5.760000	-0.038400
0.015440	-5.760000	-0.038800
0.015450	-5.760000	-0.038800
0.015460	-5.760000	-0.038400
0.015470	-5.760000	-0.038400
0.015480	-5.760000	-0.038000
0.015490	-5.760000	-0.037600
0.015500	-5.760000	-0.037600
0.015510	-5.760000	-0.037200
0.015520	-5.760000	-0.036800
0.015530	-5.760000	-0.036400
0.015540	-5.760000	-0.036000
0.015550	-5.760000	-0.036000
0.015560	-5.760000	-0.035600
0.015570	-5.760000	-0.035200
0.015580	-5.760000	-0.034800
0.015590	-5.760000	-0.034800
0.015600	-5.760000	-0.034400
0.015610	-5.760000	-0.034400
0.015620	-5.760000	-0.034000
0.015630	-5.760000	-0.034000
0.015640	-5.760000	-0.034000
0.015650	-5.760000	-0.033600
0.015660	-5.760000	-0.033600
0.015670	-5.760000	-0.033200
0.015680	-5.760000	-0.033200
0.015690	-5.760000	-0.033200
0.015700	-5.760000	-0.032800
0.015710	-5.760000	-0.032800
0.015720	-5.760000	-0.032400
0.015730	-5.760000	-0.032400
0.015740	-5.760000	-0.032400
0.015750	-5.760000	-0.032000
0.015760	-5.760000	-0.032000
0.015770	-5.760000	-0.031600
0.015780	-5.760000	-0.031600
0.015790	-5.760000	-0.031200
0.015800	-5.760000	-0.030800
0.015810	-5.760000	-0.030800
0.015820	-5.760000	-0.030800
0.015830	-5.760000	-0.030400
0.015840	-5.760000	-0.030400
0.015850	-5.760000	-0.030000
0.015860	-5.760000	-0.030000
0.015870	-5.760000	-0.030000
0.015880	-5.760000	-0.029600
0.015890	-5.760000	-0.029600
0.015900	-5.760000	-0.029200
0.015910	-5.680000	-0.029200
0.015920	-5.760000	-0.029200
0.015930	-5.760000	-0.028800
0.015940	-5.680000	-0.028800
0.015950	-5.680000	-0.028400
0.015960	-5.680000	-0.028400
0.015970	-5.680000	-0.028000
0.015980	-5.680000	-0.028000
0.015990	-5.760000	-0.027600
0.016000	-5.680000	-0.027600
0.016010	-5.680000	-0.027200
0.016020	-5.680000	-0.027200
0.016030	-5.760000	-0.026800
0.016040	-5.760000	-0.026800
0.016050	-5.680000	-0.026800
0.016060	-5.760000	-0.026400
0.016070	-5.680000	-0.026400
0.016080	-5.680000	-0.026400
0.016090	-5.680000	-0.026000
0.016100	-5.760000	-0.025600
0.016110	-5.760000	-0.025600
0.016120	-5.680000	-0.025600
0.016130	-5.680000	-0.025600
0.016140	-5.680000	-0.025200
0.016150	-5.680000	-0.025200
0.016160	-5.680000	-0.025200
0.016170	-5.680000	-0.024800
0.016180	-5.680000	-0.024800
0.016190	-5.680000	-0.024400
0.016200	-5.680000	-0.024400
0.016210	-5.680000	-0.024000
0.016220	-5.680000	-0.024000
0.016230	-5.680000	-0.024000
0.016240	-5.680000	-0.023600
0.016250	-5.680000	-0.023200
0.016260	-5.680000	-0.023200
0.016270	-5.680000	-0.023200
0.016280	-5.680000	-0.023200
0.016290	-5.680000	-0.022800
0.016300	-5.680000	-0.022800
0.016310	-5.680000	-0.022400
0.016320	-5.680000	-0.022400
0.016330	-5.680000	-0.022400
0.016340	-5.680000	-0.022400
0.016350	-5.680000	-0.022000
0.016360	-5.680000	-0.022000
0.016370	-5.680000	-0.021600
0.016380	-5.680000	-0.021600
0.016390	-5.680000	-0.021200
0.016400	-5.680000	-0.021200
0.016410	-5.680000	-0.021200
0.016420	-5.680000	-0.020800
0.016430	-5.680000	-0.020800
0.016440	-5.680000	-0.020800
0.016450	-5.680000	-0.020400
0.016460	-5.680000	-0.020400
0.016470	-5.680000	-0.020000
0.016480	-5.680000	-0.020000
0.016490	-5.680000	-0.020000
0.016500	-5.600000	-0.020000
0.016510	-5.600000	-0.020000
0.016520	-5.680000	-0.019600
0.016530	-5.600000	-0.019600
0.016540	-5.600000	-0.019200
0.016550	-5.680000	-0.019200
0.016560	-5.600000	-0.018800
0.016570	-5.600000	-0.018800
0.016580	-5.600000	-0.018800
0.016590	-5.680000	-0.018800
0.016600	-5.680000	-0.018400
0.016610	-5.600000	-0.018400
0.016620	-5.600000	-0.018400
0.016630	-5.600000	-0.018000
0.016640	-5.600000	-0.018000
0.016650	-5.600000	-0.017600
0.016660	-5.600000	-0.017600
0.016670	-5.600000	-0.017600
0.016680	-5.600000	-0.017200
0.016690	-5.600000	-0.017200
0.016700	-5.600000	-0.017200
0.016710	-5.600000	-0.016800
0.016720	-5.600000	-0.016800
0.016730	-5.600000	-0.016800
0.016740	-5.600000	-0.016400
0.016750	-5.600000	-0.016400
0.016760	-5.600000	-0.016400
0.016770	-5.600000	-0.016400
0.016780	-5.600000	-0.016000
0.016790	-5.600000	-0.016000
0.016800	-5.600000	-0.016000
0.016810	-5.600000	-0.015600
0.016820	-5.600000	-0.015600
0.016830	-5.600000	-0.015600
0.016840	-5.600000	-0.015200
0.016850	-5.600000	-0.015200
0.016860	-5.600000	-0.015200
0.016870	-5.600000	-0.015200
0.016880	-5.600000	-0.014800
0.016890	-5.600000	-0.014800
0.016900	-5.600000	-0.014800
0.016910	-5.600000	-0.014800
0.016920	-5.600000	-0.014400
0.016930	-5.600000	-0.014400
0.016940	-5.600000	-0.014000
0.016950	-5.600000	-0.014000
0.016960	-5.600000	-0.014000
0.016970	-5.600000	-0.014000
0.016980	-5.600000	-0.013600
0.016990	-5.600000	-0.013600
0.017000	-5.600000	-0.013200
0.017010	-5.600000	-0.013600
0.017020	-5.600000	-0.013200
0.017030	-5.600000	-0.013200
0.017040	-5.600000	-0.012800
0.017050	-5.600000	-0.012800
0.017060	-5.600000	-0.012800
0.017070	-5.600000	-0.012400
0.017080	-5.600000	-0.012400
0.017090	-5.600000	-0.012400
0.017100	-5.600000	-0.012000
0.017110	-5.600000	-0.012000
0.017120	-5.600000	-0.012000
0.017130	-5.600000	-0.012000
0.017140	-5.600000	-0.011600
0.017150	-5.600000	-0.011600
0.017160	-5.600000	-0.011600
0.017170	-5.600000	-0.011200
0.017180	-5.600000	-0.011200
0.017190	-5.600000	-0.011200
0.017200	-5.600000	-0.011200
0.017210	-5.600000	-0.010800
0.017220	-5.600000	-0.010800
0.017230	-5.600000	-0.010800
0.017240	-5.600000	-0.010800
0.017250	-5.600000	-0.010800
0.017260	-5.600000	-0.010400
0.017270	-5.600000	-0.010400
0.017280	-5.600000	-0.010400
0.017290	-5.600000	-0.010400
0.017300	-5.600000	-0.010000
0.017310	-5.600000	-0.010000
0.017320	-5.600000	-0.010000
0.017330	-5.600000	-0.010000
0.017340	-5.600000	-0.009600
0.017350	-5.600000	-0.009600
0.017360	-5.600000	-0.009600
0.017370	-5.600000	-0.009200
0.017380	-5.600000	-0.009200
0.017390	-5.600000	-0.009200
0.017400	-5.600000	-0.009200
0.017410	-5.600000	-0.008800
0.017420	-5.600000	-0.008800
0.017430	-5.600000	-0.008800
0.017440	-5.600000	-0.008400
0.017450	-5.600000	-0.008800
0.017460	-5.600000	-0.008400
0.017470	-5.520000	-0.008400
0.017480	-5.600000	-0.008400
0.017490	-5.600000	-0.008000
0.017500	-5.600000	-0.008000
0.017510	-5.520000	-0.008000
0.017520	-5.600000	-0.007600
0.017530	-5.520000	-0.007600
0.017540	-5.600000	-0.007600
0.017550	-5.520000	-0.007600
0.017560	-5.520000	-0.007600
0.017570	-5.520000	-0.007600
0.017580	-5.520000	-0.007600
0.017590	-5.520000	-0.007600
0.017600	-5.600000	-0.007200
0.017610	-5.520000	-0.007200
0.017620	-5.520000	-0.006800
0.017630	-5.520000	-0.006800
0.017640	-5.520000	-0.006800
0.017650	-5.520000	-0.006400
0.017660	-5.600000	-0.006800
0.017670	-5.520000	-0.006400
0.017680	-5.520000	-0.006400
0.017690	-5.520000	-0.006400
0.017700	-5.520000	-0.006400
0.017710	-5.520000	-0.006000
0.017720	-5.520000	-0.006000
0.017730	-5.520000	-0.006000
0.017740	-5.520000	-0.006000
0.017750	-5.520000	-0.006000
0.017760	-5.520000	-0.005600
0.017770	-5.520000	-0.005600
0.017780	-5.520000	-0.005600
0.017790	-5.520000	-0.005600
0.017800	-5.520000	-0.005200
0.017810	-5.520000	-0.005200
0.017820	-5.520000	-0.005200
0.017830	-5.520000	-0.005200
0.017840	-5.520000	-0.004800
0.017850	-5.520000	-0.004800
0.017860	-5.520000	-0.004800
0.017870	-5.520000	-0.004800
0.017880	-5.520000	-0.004800
0.017890	-5.520000	-0.004800
0.017900	-5.520000	-0.004800
0.017910	-5.520000	-0.004400
0.017920	-5.520000	-0.004400
0.017930	-5.520000	-0.004000
0.017940	-5.520000	-0.004000
0.017950	-5.520000	-0.004000
0.017960	-5.520000	-0.004000
0.017970	-5.520000	-0.004000
0.017980	-5.520000	-0.003600
0.017990	-5.520000	-0.003600
0.018000	-5.520000	-0.003600
0.018010	-5.520000	-0.003600
0.018020	-5.520000	-0.003600
0.018030	-5.520000	-0.003600
0.018040	-5.520000	-0.003200
0.018050	-5.520000	-0.003200
0.018060	-5.520000	-0.003200
0.018070	-5.520000	-0.003200
0.018080	-5.520000	-0.002800
0.018090	-5.520000	-0.002800
0.018100	-5.520000	-0.002800
0.018110	-5.520000	-0.002800
0.018120	-5.520000	-0.002800
0.018130	-5.520000	-0.002800
0.018140	-5.520000	-0.002800
0.018150	-5.520000	-0.002400
0.018160	-5.520000	-0.002400
0.018170	-5.520000	-0.002400
0.018180	-5.520000	-0.002400
0.018190	-5.520000	-0.002000
0.018200	-5.520000	-0.002400
0.018210	-5.520000	-0.002000
0.018220	-5.520000	-0.002000
0.018230	-5.520000	-0.002000
0.018240	-5.520000	-0.002000
0.018250	-5.520000	-0.002000
0.018260	-5.520000	-0.001600
0.018270	-5.520000	-0.001600
0.018280	-5.520000	-0.001600
0.018290	-5.520000	-0.001600
0.018300	-5.520000	-0.001200
0.018310	-5.520000	-0.001200
0.018320	-5.520000	-0.001200
0.018330	-5.520000	-0.001200
0.018340	-5.520000	-0.001200
0.018350	-5.520000	-0.001200
0.018360	-5.520000	-0.000800
0.018370	-5.520000	-0.000800
0.018380	-5.520000	-0.000800
0.018390	-5.520000	-0.000800
0.018400	-5.520000	-0.000800
0.018410	-5.520000	-0.000400
0.018420	-5.520000	-0.000400
0.018430	-5.520000	-0.000400
0.018440	-5.520000	-0.000400
0.018450	-5.520000	-0.000400
0.018460	-5.520000	0.000000
0.018470	-5.520000	0.000000
0.018480	-5.520000	0.000000
0.018490	-5.520000	0.000000
0.018500	-5.520000	0.000000
0.018510	-5.520000	0.000000
0.018520	-5.520000	0.000000
0.018530	-5.520000	0.000400
0.018540	-5.520000	0.000400
0.018550	-5.520000	0.000400
0.018560	-5.520000	0.000400
0.018570	-5.520000	0.000400
0.018580	-5.520000	0.000800
0.018590	-5.520000	0.000800
0.018600	-5.520000	0.000800
0.018610	-5.520000	0.000800
0.018620	-5.520000	0.000800
0.018630	-5.520000	0.000800
0.018640	-5.520000	0.001200
0.018650	-5.520000	0.000800
0.018660	-5.520000	0.001200
0.018670	-5.520000	0.001200
0.018680	-5.520000	0.001200
0.018690	-5.520000	0.001200
0.018700	-5.520000	0.001200
0.018710	-5.520000	0.001600
0.018720	-5.520000	0.001600
0.018730	-5.520000	0.001600
0.018740	-5.520000	0.001600
0.018750	-5.520000	0.001600
0.018760	-5.520000	0.001600
0.018770	-5.520000	0.002000
0.018780	-5.520000	0.002000
0.018790	-5.520000	0.002000
0.018800	-5.520000	0.002000
0.018810	-5.520000	0.002000
0.018820	-5.520000	0.002400
0.018830	-5.520000	0.002400
0.018840	-5.520000	0.002400
0.018850	-5.520000	0.002400
0.018860	-5.520000	0.002400
0.018870	-5.520000	0.002400
0.018880	-5.520000	0.002400
0.018890	-5.520000	0.002400
0.018900	-5.520000	0.002800
0.018910	-5.520000	0.002800
0.018920	-5.520000	0.002800
0.018930	-5.520000	0.002800
0.018940	-5.520000	0.002800
0.018950	-5.520000	0.003200
0.018960	-5.520000	0.003200
0.018970	-5.520000	0.003200
0.018980	-5.520000	0.003200
0.018990	-5.520000	0.003200
0.019000	-5.520000	0.003200
0.019010	-5.520000	0.003200
0.019020	-5.520000	0.003600
0.019030	-5.520000	0.003600
0.019040	-5.520000	0.003600
0.019050	-5.520000	0.003600
0.019060	-5.520000	0.003600
0.019070	-5.520000	0.003600
0.019080	-5.520000	0.003600
0.019090	-5.520000	0.003600
0.019100	-5.520000	0.004000
0.019110	-5.520000	0.004000
0.019120	-5.520000	0.004000
0.019130	-5.520000	0.004000
0.019140	-5.520000	0.004000
0.019150	-5.520000	0.004000
0.019160	-5.520000	0.004400
0.019170	-5.520000	0.004400
0.019180	-5.520000	0.004400
0.019190	-5.520000	0.004400
0.019200	-5.520000	0.004400
0.019210	-5.520000	0.004400
0.019220	-5.520000	0.004400
0.019230	-5.520000	0.004800
0.019240	-5.520000	0.004400
0.019250	-5.440000	0.004800
0.019260	-5.440000	0.004800
0.019270	-5.440000	0.004800
0.019280	-5.440000	0.004800
0.019290	-5.440000	0.004800
0.019300	-5.440000	0.004800
0.019310	-5.440000	0.004800
0.019320	-5.440000	0.004800
0.019330	-5.440000	0.005200
0.019340	-5.440000	0.005200
0.019350	-5.440000	0.005200
0.019360	-5.440000	0.005200
0.019370	-5.440000	0.005200
0.019380	-5.440000	0.005200
0.019390	-5.440000	0.005200
0.019400	-5.440000	0.005600
0.019410	-5.440000	0.005600
0.019420	-5.440000	0.005600
0.019430	-5.440000	0.005600
0.019440	-5.440000	0.005600
0.019450	-5.440000	0.005600
0.019460	-5.440000	0.005600
0.019470	-5.440000	0.005600
0.019480	-5.440000	0.005600
0.019490	-5.440000	0.006000
0.019500	-5.440000	0.006000
0.019510	-5.440000	0.006000
0.019520	-5.440000	0.006000
0.019530	-5.440000	0.006000
0.019540	-5.440000	0.006000
0.019550	-5.440000	0.006000
0.019560	-5.440000	0.006400
0.019570	-5.440000	0.006400
0.019580	-5.440000	0.006400
0.019590	-5.440000	0.006400
0.019600	-5.440000	0.006400
0.019610	-5.440000	0.006400
0.019620	-5.440000	0.006400
0.019630	-5.440000	0.006400
0.019640	-5.440000	0.006400
0.019650	-5.440000	0.006800
0.019660	-5.440000	0.006400
0.019670	-5.440000	0.006800
0.019680	-5.440000	0.006800
0.019690	-5.440000	0.006800
0.019700	-5.440000	0.006800
0.019710	-5.440000	0.006800
0.019720	-5.440000	0.007200
0.019730	-5.440000	0.007200
0.019740	-5.440000	0.007200
0.019750	-5.440000	0.007200
0.019760	-5.440000	0.006800
0.019770	-5.440000	0.007200
0.019780	-5.440000	0.007200
0.019790	-5.440000	0.007200
0.019800	-5.440000	0.007200
0.019810	-5.440000	0.007200
0.019820	-5.440000	0.007600
0.019830	-5.440000	0.007600
0.019840	-5.440000	0.007600
0.019850	-5.440000	0.007600
0.019860	-5.440000	0.007600
0.019870	-5.440000	0.007600
0.019880	-5.440000	0.008000
0.019890	-5.440000	0.007600
0.019900	-5.440000	0.008000
0.019910	-5.440000	0.008000
0.019920	-5.440000	0.008000
0.019930	-5.440000	0.008000
0.019940	-5.440000	0.008000
0.019950	-5.440000	0.008000
0.019960	-5.440000	0.008000
0.019970	-5.440000	0.008400
0.019980	-5.440000	0.008400
0.019990	-5.440000	0.008400
0.020000	-5.440000	0.008400
0.020010	-5.440000	0.008400
0.020020	-5.440000	0.008400
0.020030	-5.440000	0.008400
0.020040	-5.440000	0.008800
0.020050	-5.440000	0.008400
0.020060	-5.440000	0.008800
0.020070	-5.440000	0.008400
0.020080	-5.440000	0.008800
0.020090	-5.440000	0.008800
0.020100	-5.440000	0.008800
0.020110	-5.440000	0.008800
0.020120	-5.440000	0.009200
0.020130	-5.440000	0.008800
0.020140	-5.440000	0.008800
0.020150	-5.440000	0.009200
0.020160	-5.440000	0.009200
0.020170	-5.440000	0.008800
0.020180	-5.440000	0.009200
0.020190	-5.440000	0.009200
0.020200	-5.440000	0.009200
0.020210	-5.440000	0.009200
0.020220	-5.440000	0.009200
0.020230	-5.440000	0.009200
0.020240	-5.440000	0.009200
0.020250	-5.440000	0.009200
0.020260	-5.440000	0.009600
0.020270	-5.440000	0.009200
0.020280	-5.440000	0.009200
0.020290	-5.440000	0.009600
0.020300	-5.440000	0.009600
0.020310	-5.440000	0.009600
0.020320	-5.440000	0.009600
0.020330	-5.440000	0.010000
0.020340	-5.440000	0.009600
0.020350	-5.440000	0.009600
0.020360	-5.440000	0.009600
0.020370	-5.440000	0.010000
0.020380	-5.440000	0.010000
0.020390	-5.440000	0.010000
0.020400	-5.440000	0.010000
0.020410	-5.440000	0.010000
0.020420	-5.440000	0.010000
0.020430	-5.440000	0.010000
0.020440	-5.440000	0.010400
0.020450	-5.440000	0.010400
0.020460	-5.440000	0.010000
0.020470	-5.440000	0.010400
0.020480	-5.440000	0.010000
0.020490	-5.440000	0.010000
0.020500	-5.440000	0.010400
0.020510	-5.440000	0.010400
0.020520	-5.440000	0.010400
0.020530	-5.440000	0.010400
0.020540	-5.440000	0.010400
0.020550	-5.440000	0.010400
0.020560	-5.440000	0.010400
0.020570	-5.440000	0.010400
0.020580	-5.440000	0.010800
0.020590	-5.440000	0.010800
0.020600	-5.440000	0.010400
0.020610	-5.440000	0.010800
0.020620	-5.440000	0.010800
0.020630	-5.440000	0.010800
0.020640	-5.440000	0.010800
0.020650	-5.440000	0.010800
0.020660	-5.440000	0.010800
0.020670	-5.440000	0.010800
0.020680	-5.440000	0.010800
0.020690	-5.440000	0.010800
0.020700	-5.440000	0.010800
0.020710	-5.440000	0.011200
0.020720	-5.440000	0.011200
0.020730	-5.440000	0.011200
0.020740	-5.440000	0.011200
0.020750	-5.440000	0.011200
0.020760	-5.440000	0.011600
0.020770	-5.440000	0.011200
0.020780	-5.440000	0.011200
0.020790	-5.440000	0.011600
0.020800	-5.440000	0.011200
0.020810	-5.440000	0.011200
0.020820	-5.440000	0.011600
0.020830	-5.440000	0.011600
0.020840	-5.440000	0.011600
0.020850	-5.440000	0.011600
0.020860	-5.440000	0.011600
0.020870	-5.440000	0.011600
0.020880	-5.440000	0.011600
0.020890	-5.440000	0.011600
0.020900	-5.440000	0.011600
0.020910	-5.440000	0.011600
0.020920	-5.440000	0.012000
0.020930	-5.440000	0.011600
0.020940	-5.440000	0.012000
0.020950	-5.440000	0.012000
0.020960	-5.440000	0.012000
0.020970	-5.440000	0.012000
0.020980	-5.440000	0.012000
0.020990	-5.440000	0.012000
0.021000	-5.440000	0.012000
0.021010	-5.440000	0.012000
0.021020	-5.440000	0.012400
0.021030	-5.440000	0.012000
0.021040	-5.440000	0.012000
0.021050	-5.440000	0.012400
0.021060	-5.440000	0.012400
0.021070	-5.440000	0.012400
0.021080	-5.440000	0.012400
0.021090	-5.440000	0.012400
0.021100	-5.440000	0.012400
0.021110	-5.440000	0.012400
0.021120	-5.440000	0.012400
0.021130	-5.440000	0.012400
0.021140	-5.440000	0.012400
0.021150	-5.440000	0.012400
0.021160	-5.440000	0.012400
0.021170	-5.440000	0.012400
0.021180	-5.440000	0.012400
0.021190	-5.440000	0.012400
0.021200	-5.440000	0.012800
0.021210	-5.440000	0.012800
0.021220	-5.440000	0.012800
0.021230	-5.440000	0.012400
0.021240	-5.440000	0.012800
0.021250	-5.440000	0.012800
0.021260	-5.440000	0.012800
0.021270	-5.440000	0.012800
0.021280	-5.440000	0.012800
0.021290	-5.440000	0.012800
0.021300	-5.440000	0.012800
0.021310	-5.440000	0.012800
0.021320	-5.440000	0.013200
0.021330	-5.440000	0.012800
0.021340	-5.440000	0.013200
0.021350	-5.440000	0.013200
0.021360	-5.440000	0.013200
0.021370	-5.440000	0.013200
0.021380	-5.440000	0.013200
0.021390	-5.440000	0.013200
0.021400	-5.440000	0.013200
0.021410	-5.440000	0.013200
0.021420	-5.440000	0.013200
0.021430	-5.440000	0.013200
0.021440	-5.440000	0.013200
0.021450	-5.440000	0.013200
0.021460	-5.440000	0.013600
0.021470	-5.440000	0.013600
0.021480	-5.440000	0.013600
0.021490	-5.440000	0.013200
0.021500	-5.440000	0.013200
0.021510	-5.440000	0.013600
0.021520	-5.440000	0.013600
0.021530	-5.440000	0.013200
0.021540	-5.440000	0.013600
0.021550	-5.440000	0.013600
0.021560	-0.960000	0.013600
0.021570	6.480000	0.013600
0.021580	6.480000	0.013600
0.021590	6.480000	0.013600
0.021600	6.480000	0.013600
0.021610	6.480000	0.014000
0.021620	6.480000	0.014000
0.021630	6.480000	0.014000
0.021640	6.480000	0.014000
0.021650	6.480000	0.014000
0.021660	6.480000	0.014000
0.021670	6.480000	0.014000
0.021680	6.480000	0.014000
0.021690	6.480000	0.014000
0.021700	6.480000	0.014000
0.021710	6.480000	0.014000
0.021720	6.480000	0.014000
0.021730	6.480000	0.014000
0.021740	6.400000	0.014000
0.021750	6.400000	0.014000
0.021760	6.400000	0.014000
0.021770	6.400000	0.014000
0.021780	6.400000	0.014000
0.021790	6.400000	0.014400
0.021800	6.400000	0.014000
0.021810	6.400000	0.014000
0.021820	6.400000	0.014400
0.021830	6.400000	0.014400
0.021840	6.400000	0.014400
0.021850	6.400000	0.014400
0.021860	6.400000	0.014400
0.021870	6.400000	0.014400
0.021880	6.400000	0.014400
0.021890	6.400000	0.014400
0.021900	6.400000	0.014400
0.021910	6.400000	0.014400
0.021920	6.400000	0.014400
0.021930	6.400000	0.014400
0.021940	6.400000	0.014400
0.021950	6.400000	0.014400
0.021960	6.320000	0.014800
0.021970	6.320000	0.014400
0.021980	6.320000	0.014400
0.021990	6.320000	0.014800
0.022000	6.320000	0.014800
0.022010	6.320000	0.014400
0.022020	6.320000	0.014800
0.022030	6.320000	0.014800
0.022040	6.320000	0.014800
0.022050	6.320000	0.014800
0.022060	6.320000	0.014800
0.022070	6.320000	0.014800
0.022080	6.320000	0.014800
0.022090	6.320000	0.014800
0.022100	6.320000	0.014800
0.022110	6.320000	0.014800
0.022120	6.320000	0.014800
0.022130	6.320000	0.014800
0.022140	6.240000	0.014800
0.022150	6.240000	0.014800
0.022160	6.240000	0.015200
0.022170	6.240000	0.014800
0.022180	6.240000	0.014800
0.022190	6.240000	0.014800
0.022200	6.240000	0.014800
0.022210	6.240000	0.014800
0.022220	6.240000	0.014800
0.022230	6.240000	0.014800
0.022240	6.240000	0.015200
0.022250	6.240000	0.014800
0.022260	6.240000	0.015200
0.022270	6.240000	0.014800
0.022280	6.240000	0.015200
0.022290	6.240000	0.015200
0.022300	6.240000	0.015200
0.022310	6.240000	0.015200
0.022320	6.240000	0.014800
0.022330	6.240000	0.014800
0.022340	6.240000	0.014800
0.022350	6.240000	0.015200
0.022360	6.240000	0.015200
0.022370	6.240000	0.015200
0.022380	6.240000	0.015200
0.022390	6.240000	0.015200
0.022400	6.240000	0.015200
0.022410	6.240000	0.015200
0.022420	6.240000	0.015200
0.022430	6.240000	0.015200
0.022440	6.240000	0.015200
0.022450	6.160000	0.014800
0.022460	6.160000	0.015200
0.022470	6.160000	0.015200
0.022480	6.240000	0.015200
0.022490	6.160000	0.015200
0.022500	6.160000	0.015200
0.022510	6.160000	0.015200
0.022520	6.160000	0.015200
0.022530	6.160000	0.015200
0.022540	6.160000	0.015200
0.022550	6.160000	0.015200
0.022560	6.160000	0.015200
0.022570	6.160000	0.015200
0.022580	6.160000	0.015200
0.022590	6.160000	0.015200
0.022600	6.160000	0.015200
0.022610	6.160000	0.015200
0.022620	6.160000	0.015200
0.022630	6.160000	0.015600
0.022640	6.160000	0.015200
0.022650	6.160000	0.015200
0.022660	6.160000	0.015200
0.022670	6.080000	0.015200
0.022680	6.160000	0.015200
0.022690	6.080000	0.015200
0.022700	6.160000	0.015200
0.022710	6.080000	0.015600
0.022720	6.080000	0.015200
0.022730	6.080000	0.015600
0.022740	6.080000	0.015600
0.022750	6.080000	0.015600
0.022760	6.080000	0.015200
0.022770	6.080000	0.015600
0.022780	6.080000	0.015600
0.022790	6.080000	0.015600
0.022800	6.080000	0.015600
0.022810	6.080000	0.015600
0.022820	6.080000	0.015200
0.022830	6.080000	0.015200
0.022840	6.080000	0.015600
0.022850	6.080000	0.015600
0.022860	6.080000	0.015600
0.022870	6.080000	0.015600
0.022880	6.080000	0.015600
0.022890	6.080000	0.015600
0.022900	6.080000	0.015600
0.022910	6.080000	0.015600
0.022920	6.080000	0.015600
0.022930	6.080000	0.015600
0.022940	6.080000	0.015600
0.022950	6.080000	0.015600
0.022960	6.080000	0.015600
0.022970	6.080000	0.015600
0.022980	6.080000	0.015600
0.022990	6.080000	0.015600
0.023000	6.080000	0.015600
0.023010	6.080000	0.015600
0.023020	6.080000	0.015600
0.023030	6.080000	0.015600
0.023040	6.080000	0.015600
0.023050	6.080000	0.015600
0.023060	6.080000	0.015600
0.023070	6.080000	0.015600
0.023080	6.080000	0.015600
0.023090	6.080000	0.015200
0.023100	6.080000	0.015600
0.023110	6.080000	0.015600
0.023120	6.080000	0.015600
0.023130	6.080000	0.015600
0.023140	6.080000	0.015600
0.023150	6.080000	0.015600
0.023160	6.080000	0.015600
0.023170	6.000000	0.015200
0.023180	6.000000	0.015600
0.023190	6.000000	0.015600
0.023200	6.000000	0.015600
0.023210	6.000000	0.015600
0.023220	6.000000	0.015600
0.023230	6.000000	0.015600
0.023240	6.000000	0.015600
0.023250	6.000000	0.015600
0.023260	6.000000	0.015600
0.023270	6.000000	0.015600
0.023280	6.000000	0.015600
0.023290	6.000000	0.015600
0.023300	6.000000	0.015600
0.023310	6.000000	0.015200
0.023320	6.000000	0.015200
0.023330	6.000000	0.015600
0.023340	6.000000	0.015600
0.023350	6.000000	0.015200
0.023360	6.000000	0.015200
0.023370	6.000000	0.015200
0.023380	6.000000	0.015200
0.023390	6.000000	0.015200
0.023400	6.000000	0.015200
0.023410	6.000000	0.015200
0.023420	6.000000	0.015200
0.023430	6.000000	0.014800
0.023440	6.000000	0.014800
0.023450	6.000000	0.014800
0.023460	6.000000	0.014800
0.023470	6.000000	0.014400
0.023480	6.000000	0.014000
0.023490	6.000000	0.014000
0.023500	6.000000	0.013600
0.023510	6.000000	0.013200
0.023520	6.000000	0.012400
0.023530	6.000000	0.012000
0.023540	6.000000	0.010800
0.023550	6.000000	0.009600
0.023560	6.000000	0.007600
0.023570	6.000000	0.005200
0.023580	6.000000	0.002400
0.023590	6.000000	-0.000800
0.023600	6.000000	-0.004800
0.023610	6.000000	-0.008800
0.023620	6.000000	-0.013200
0.023630	6.000000	-0.017200
0.023640	6.000000	-0.021200
0.023650	6.000000	-0.025200
0.023660	6.000000	-0.028800
0.023670	6.000000	-0.031600
0.023680	6.000000	-0.034400
0.023690	6.000000	-0.036400
0.023700	6.000000	-0.038000
0.023710	6.000000	-0.039200
0.023720	6.000000	-0.039600
0.023730	6.000000	-0.040000
0.023740	6.000000	-0.040400
0.023750	6.000000	-0.040400
0.023760	6.000000	-0.040000
0.023770	6.000000	-0.039600
0.023780	6.000000	-0.039200
0.023790	5.920000	-0.038400
0.023800	6.000000	-0.038000
0.023810	5.920000	-0.037600
0.023820	5.920000	-0.036800
0.023830	5.920000	-0.036400
0.023840	5.920000	-0.036000
0.023850	5.920000	-0.035600
0.023860	5.920000	-0.035600
0.023870	5.920000	-0.035200
0.023880	5.920000	-0.034800
0.023890	5.920000	-0.034800
0.023900	5.920000	-0.034400
0.023910	5.920000	-0.034400
0.023920	5.920000	-0.034400
0.023930	5.920000	-0.034000
0.023940	5.920000	-0.034000
0.023950	5.920000	-0.033600
0.023960	5.920000	-0.033600
0.023970	5.920000	-0.033600
0.023980	5.920000	-0.033200
0.023990	5.920000	-0.033200
0.024000	5.920000	-0.033200
0.024010	5.920000	-0.032800
0.024020	5.920000	-0.032800
0.024030	5.920000	-0.032400
0.024040	5.920000	-0.032400
0.024050	5.920000	-0.032000
0.024060	5.920000	-0.032000
0.024070	5.920000	-0.032000
0.024080	5.920000	-0.031600
0.024090	5.920000	-0.031600
0.024100	5.920000	-0.031200
0.024110	5.920000	-0.031200
0.024120	5.920000	-0.030800
0.024130	5.920000	-0.030800
0.024140	5.920000	-0.030800
0.024150	5.920000	-0.030400
0.024160	5.920000	-0.030400
0.024170	5.920000	-0.030000
0.024180	5.920000	-0.030000
0.024190	5.920000	-0.029600
0.024200	5.920000	-0.029200
0.024210	5.920000	-0.029200
0.024220	5.920000	-0.029200
0.024230	5.920000	-0.028800
0.024240	5.920000	-0.028800
0.024250	5.920000	-0.028800
0.024260	5.840000	-0.028400
0.024270	5.840000	-0.028400
0.024280	5.920000	-0.028400
0.024290	5.920000	-0.028000
0.024300	5.840000	-0.027600
0.024310	5.920000	-0.027600
0.024320	5.840000	-0.027600
0.024330	5.920000	-0.027200
0.024340	5.840000	-0.027200
0.024350	5.840000	-0.027200
0.024360	5.840000	-0.026800
0.024370	5.840000	-0.026800
0.024380	5.840000	-0.026400
0.024390	5.920000	-0.026400
0.024400	5.840000	-0.026000
0.024410	5.840000	-0.026000
0.024420	5.840000	-0.026000
0.024430	5.840000	-0.025600
0.024440	5.840000	-0.025600
0.024450	5.840000	-0.025200
0.024460	5.840000	-0.025200
0.024470	5.840000	-0.025200
0.024480	5.840000	-0.025200
0.024490	5.840000	-0.024800
0.024500	5.840000	-0.024800
0.024510	5.840000	-0.024400
0.024520	5.840000	-0.024400
0.024530	5.840000	-0.024000
0.024540	5.840000	-0.024000
0.024550	5.840000	-0.023600
0.024560	5.840000	-0.023600
0.024570	5.840000	-0.023600
0.024580	5.840000	-0.023200
0.024590	5.840000	-0.023200
0.024600	5.840000	-0.023200
0.024610	5.840000	-0.023200
0.024620	5.840000	-0.022800
0.024630	5.840000	-0.022800
0.024640	5.840000	-0.022400
0.024650	5.840000	-0.022400
0.024660	5.840000	-0.022400
0.024670	5.840000	-0.022000
0.024680	5.840000	-0.022000
0.024690	5.840000	-0.021600
0.024700	5.840000	-0.021600
0.024710	5.840000	-0.021600
0.024720	5.840000	-0.021200
0.024730	5.840000	-0.021200
0.024740	5.840000	-0.021200
0.024750	5.840000	-0.021200
0.024760	5.840000	-0.020800
0.024770	5.840000	-0.020800
0.024780	5.840000	-0.020400
0.024790	5.840000	-0.020400
0.024800	5.840000	-0.020400
0.024810	5.840000	-0.020000
0.024820	5.840000	-0.020000
0.024830	5.840000	-0.020000
0.024840	5.840000	-0.019600
0.024850	5.840000	-0.019600
0.024860	5.840000	-0.019600
0.024870	5.840000	-0.019200
0.024880	5.840000	-0.019200
0.024890	5.840000	-0.019200
0.024900	5.840000	-0.019200
0.024910	5.840000	-0.018800
0.024920	5.840000	-0.018800
0.024930	5.840000	-0.018400
0.024940	5.840000	-0.018400
0.024950	5.840000	-0.018000
0.024960	5.840000	-0.018000
0.024970	5.840000	-0.018000
0.024980	5.840000	-0.017600
0.024990	5.840000	-0.017600
