0.000000	5.840000	-0.008400
4.000000E-6	5.840000	-0.008400
8.000000E-6	5.840000	-0.008400
1.200000E-5	5.840000	-0.008400
1.600000E-5	5.840000	-0.008400
2.000000E-5	5.840000	-0.008400
2.400000E-5	5.840000	-0.008400
2.800000E-5	5.840000	-0.008000
3.200000E-5	5.840000	-0.008000
3.600000E-5	5.840000	-0.008000
4.000000E-5	5.840000	-0.008000
4.400000E-5	5.840000	-0.008000
4.800000E-5	5.840000	-0.008000
5.200000E-5	5.840000	-0.008000
5.600000E-5	5.840000	-0.007600
6.000000E-5	5.840000	-0.007600
6.400000E-5	5.840000	-0.007600
6.800000E-5	5.840000	-0.007600
7.200000E-5	5.840000	-0.007600
7.600000E-5	5.840000	-0.007600
8.000000E-5	5.840000	-0.007600
8.400000E-5	5.840000	-0.007200
8.800000E-5	5.840000	-0.007200
9.200000E-5	5.840000	-0.007200
9.600000E-5	5.840000	-0.007600
0.000100	5.840000	-0.007200
0.000104	5.840000	-0.007200
0.000108	5.840000	-0.007200
0.000112	5.840000	-0.007200
0.000116	5.840000	-0.007200
0.000120	5.840000	-0.006800
0.000124	5.840000	-0.006800
0.000128	5.840000	-0.007200
0.000132	5.840000	-0.006800
0.000136	5.840000	-0.006800
0.000140	5.840000	-0.006800
0.000144	5.840000	-0.006800
0.000148	5.840000	-0.006800
0.000152	5.840000	-0.006800
0.000156	5.840000	-0.006400
0.000160	5.840000	-0.006400
0.000164	5.840000	-0.006400
0.000168	5.840000	-0.006400
0.000172	5.840000	-0.006400
0.000176	5.840000	-0.006400
0.000180	5.840000	-0.006000
0.000184	5.840000	-0.006400
0.000188	5.840000	-0.006000
0.000192	5.840000	-0.006000
0.000196	5.840000	-0.006000
0.000200	5.840000	-0.006000
0.000204	5.840000	-0.006000
0.000208	5.840000	-0.006000
0.000212	5.840000	-0.006000
0.000216	5.840000	-0.006000
0.000220	5.840000	-0.006000
0.000224	5.840000	-0.006000
0.000228	5.840000	-0.005600
0.000232	5.840000	-0.005600
0.000236	5.840000	-0.005600
0.000240	5.840000	-0.005600
0.000244	5.840000	-0.005600
0.000248	5.840000	-0.005600
0.000252	5.840000	-0.005600
0.000256	5.840000	-0.005600
0.000260	5.840000	-0.005200
0.000264	5.840000	-0.005200
0.000268	5.840000	-0.005200
0.000272	5.840000	-0.005200
0.000276	5.840000	-0.005200
0.000280	5.840000	-0.005200
0.000284	5.840000	-0.005200
0.000288	5.840000	-0.005200
0.000292	5.840000	-0.005200
0.000296	5.840000	-0.005200
0.000300	5.840000	-0.004800
0.000304	5.840000	-0.005200
0.000308	5.840000	-0.004800
0.000312	5.840000	-0.004800
0.000316	5.840000	-0.004800
0.000320	5.840000	-0.004800
0.000324	5.840000	-0.004800
0.000328	5.840000	-0.004800
0.000332	5.840000	-0.004400
0.000336	5.840000	-0.004400
0.000340	5.840000	-0.004400
0.000344	5.840000	-0.004400
0.000348	5.840000	-0.004400
0.000352	5.840000	-0.004400
0.000356	5.840000	-0.004400
0.000360	5.840000	-0.004400
0.000364	5.840000	-0.004400
0.000368	5.840000	-0.004000
0.000372	5.840000	-0.004000
0.000376	5.840000	-0.004000
0.000380	5.840000	-0.004000
0.000384	5.840000	-0.004000
0.000388	5.840000	-0.004000
0.000392	5.840000	-0.004000
0.000396	5.840000	-0.004000
0.000400	5.840000	-0.004000
0.000404	5.840000	-0.003600
0.000408	5.840000	-0.003600
0.000412	5.840000	-0.004000
0.000416	5.840000	-0.003600
0.000420	5.840000	-0.003600
0.000424	5.840000	-0.003600
0.000428	5.840000	-0.003600
0.000432	5.840000	-0.003600
0.000436	5.840000	-0.003200
0.000440	5.840000	-0.003600
0.000444	5.840000	-0.003200
0.000448	5.840000	-0.003200
0.000452	5.760000	-0.003600
0.000456	5.840000	-0.003200
0.000460	5.840000	-0.003200
0.000464	5.840000	-0.003200
0.000468	5.760000	-0.003200
0.000472	5.760000	-0.003200
0.000476	5.760000	-0.003200
0.000480	5.760000	-0.003200
0.000484	5.840000	-0.002800
0.000488	5.760000	-0.003200
0.000492	5.760000	-0.002800
0.000496	5.840000	-0.002800
0.000500	5.840000	-0.002800
0.000504	5.760000	-0.002800
0.000508	5.760000	-0.002800
0.000512	5.760000	-0.002800
0.000516	5.840000	-0.002800
0.000520	5.840000	-0.002800
0.000524	5.840000	-0.002800
0.000528	5.840000	-0.002400
0.000532	5.840000	-0.002400
0.000536	5.760000	-0.002400
0.000540	5.840000	-0.002400
0.000544	5.840000	-0.002000
0.000548	5.760000	-0.002000
0.000552	5.760000	-0.002400
0.000556	5.760000	-0.002400
0.000560	5.760000	-0.002000
0.000564	5.760000	-0.002000
0.000568	5.760000	-0.002000
0.000572	5.840000	-0.002000
0.000576	5.840000	-0.002000
0.000580	5.760000	-0.002000
0.000584	5.840000	-0.002000
0.000588	5.760000	-0.002000
0.000592	5.760000	-0.002000
0.000596	5.760000	-0.002000
0.000600	5.840000	-0.001600
0.000604	5.760000	-0.002000
0.000608	5.760000	-0.002000
0.000612	5.760000	-0.001600
0.000616	5.760000	-0.001600
0.000620	5.760000	-0.001600
0.000624	5.760000	-0.001600
0.000628	5.760000	-0.001600
0.000632	5.760000	-0.001600
0.000636	5.760000	-0.001600
0.000640	5.760000	-0.001600
0.000644	5.840000	-0.001600
0.000648	5.760000	-0.001200
0.000652	5.760000	-0.001200
0.000656	5.760000	-0.001200
0.000660	5.760000	-0.001200
0.000664	5.760000	-0.001200
0.000668	5.760000	-0.001200
0.000672	5.760000	-0.001200
0.000676	5.760000	-0.001200
0.000680	5.760000	-0.001200
0.000684	5.760000	-0.001200
0.000688	5.760000	-0.000800
0.000692	5.760000	-0.000800
0.000696	5.760000	-0.000800
0.000700	5.760000	-0.000800
0.000704	5.760000	-0.000800
0.000708	5.760000	-0.000800
0.000712	5.760000	-0.000800
0.000716	5.760000	-0.000800
0.000720	5.760000	-0.000400
0.000724	5.760000	-0.000400
0.000728	5.760000	-0.000400
0.000732	5.760000	-0.000400
0.000736	5.760000	-0.000400
0.000740	5.760000	-0.000400
0.000744	5.760000	-0.000400
0.000748	5.760000	-0.000400
0.000752	5.760000	-0.000400
0.000756	5.760000	-0.000400
0.000760	5.760000	-0.000400
0.000764	5.760000	0.000000
0.000768	5.760000	0.000000
0.000772	5.760000	0.000000
0.000776	5.760000	0.000000
0.000780	5.760000	0.000000
0.000784	5.760000	0.000000
0.000788	5.760000	0.000000
0.000792	5.760000	0.000000
0.000796	5.760000	0.000000
0.000800	5.760000	0.000400
0.000804	5.760000	0.000000
0.000808	5.760000	0.000000
0.000812	5.760000	0.000000
0.000816	5.760000	0.000400
0.000820	5.760000	0.000400
0.000824	5.760000	0.000400
0.000828	5.760000	0.000400
0.000832	5.760000	0.000400
0.000836	5.760000	0.000400
0.000840	5.760000	0.000400
0.000844	5.760000	0.000400
0.000848	5.760000	0.000400
0.000852	5.760000	0.000400
0.000856	5.760000	0.000400
0.000860	5.760000	0.000400
0.000864	5.760000	0.000800
0.000868	5.760000	0.000800
0.000872	5.760000	0.000800
0.000876	5.760000	0.000800
0.000880	5.760000	0.000800
0.000884	5.760000	0.000800
0.000888	5.760000	0.000800
0.000892	5.760000	0.000800
0.000896	5.760000	0.001200
0.000900	5.760000	0.001200
0.000904	5.760000	0.000800
0.000908	5.760000	0.000800
0.000912	5.760000	0.001200
0.000916	5.760000	0.001200
0.000920	5.760000	0.001200
0.000924	5.760000	0.001200
0.000928	5.760000	0.001200
0.000932	5.760000	0.001200
0.000936	5.760000	0.001200
0.000940	5.760000	0.001600
0.000944	5.760000	0.001600
0.000948	5.760000	0.001600
0.000952	5.760000	0.001600
0.000956	5.760000	0.001600
0.000960	5.760000	0.001600
0.000964	5.760000	0.001600
0.000968	5.760000	0.001600
0.000972	5.760000	0.001600
0.000976	5.760000	0.001600
0.000980	5.760000	0.001600
0.000984	5.760000	0.001600
0.000988	5.760000	0.002000
0.000992	5.760000	0.002000
0.000996	5.760000	0.001600
0.001000	5.760000	0.002000
0.001004	5.760000	0.002000
0.001008	5.760000	0.001600
0.001012	5.760000	0.002000
0.001016	5.760000	0.002000
0.001020	5.760000	0.002000
0.001024	5.760000	0.002000
0.001028	5.760000	0.002000
0.001032	5.760000	0.002000
0.001036	5.760000	0.002400
0.001040	5.760000	0.002400
0.001044	5.760000	0.002000
0.001048	5.760000	0.002400
0.001052	5.760000	0.002400
0.001056	5.760000	0.002400
0.001060	5.760000	0.002400
0.001064	5.760000	0.002400
0.001068	5.760000	0.002400
0.001072	5.760000	0.002400
0.001076	5.760000	0.002400
0.001080	5.760000	0.002400
0.001084	5.760000	0.002400
0.001088	5.760000	0.002800
0.001092	5.760000	0.002400
0.001096	5.760000	0.002800
0.001100	5.760000	0.002800
0.001104	5.760000	0.002800
0.001108	5.760000	0.002800
0.001112	5.760000	0.002800
0.001116	5.760000	0.002800
0.001120	5.760000	0.002800
0.001124	5.760000	0.002800
0.001128	5.760000	0.003200
0.001132	5.760000	0.003200
0.001136	5.760000	0.003200
0.001140	5.760000	0.003200
0.001144	5.760000	0.003200
0.001148	5.760000	0.003200
0.001152	5.760000	0.003200
0.001156	5.760000	0.003200
0.001160	5.760000	0.003200
0.001164	5.760000	0.003200
0.001168	5.760000	0.003200
0.001172	5.760000	0.003600
0.001176	5.760000	0.003200
0.001180	5.760000	0.003600
0.001184	5.760000	0.003200
0.001188	5.760000	0.003600
0.001192	5.760000	0.003600
0.001196	5.760000	0.003600
0.001200	5.760000	0.003200
0.001204	5.760000	0.003600
0.001208	5.760000	0.003600
0.001212	5.760000	0.003600
0.001216	5.760000	0.003600
0.001220	5.760000	0.003600
0.001224	5.760000	0.003600
0.001228	5.760000	0.003600
0.001232	5.760000	0.003600
0.001236	5.760000	0.004000
0.001240	5.760000	0.004000
0.001244	5.760000	0.004000
0.001248	5.760000	0.004000
0.001252	5.760000	0.004000
0.001256	5.760000	0.004000
0.001260	5.760000	0.004000
0.001264	5.760000	0.004000
0.001268	5.760000	0.004000
0.001272	5.760000	0.004000
0.001276	5.760000	0.004000
0.001280	5.760000	0.004400
0.001284	5.760000	0.004000
0.001288	5.760000	0.004000
0.001292	5.760000	0.004400
0.001296	5.760000	0.004400
0.001300	5.760000	0.004400
0.001304	5.760000	0.004400
0.001308	5.760000	0.004400
0.001312	5.760000	0.004400
0.001316	5.760000	0.004400
0.001320	5.760000	0.004400
0.001324	5.760000	0.004400
0.001328	5.760000	0.004400
0.001332	5.760000	0.004400
0.001336	5.760000	0.004400
0.001340	5.760000	0.004800
0.001344	5.760000	0.004800
0.001348	5.760000	0.004800
0.001352	5.760000	0.004800
0.001356	5.760000	0.004400
0.001360	5.760000	0.004800
0.001364	5.760000	0.004800
0.001368	5.760000	0.005200
0.001372	5.760000	0.004800
0.001376	5.760000	0.004800
0.001380	5.760000	0.004800
0.001384	5.760000	0.004800
0.001388	5.760000	0.004800
0.001392	5.760000	0.004800
0.001396	5.760000	0.004800
0.001400	5.760000	0.005200
0.001404	5.760000	0.005200
0.001408	5.680000	0.004800
0.001412	5.760000	0.005200
0.001416	5.760000	0.005200
0.001420	5.760000	0.005200
0.001424	5.760000	0.005200
0.001428	5.760000	0.005200
0.001432	5.760000	0.005200
0.001436	5.760000	0.005200
0.001440	5.760000	0.005200
0.001444	5.760000	0.005200
0.001448	5.760000	0.005600
0.001452	5.760000	0.005200
0.001456	5.760000	0.005600
0.001460	5.760000	0.005200
0.001464	5.760000	0.005200
0.001468	5.680000	0.005200
0.001472	5.760000	0.005600
0.001476	5.760000	0.005600
0.001480	5.760000	0.005600
0.001484	5.760000	0.005600
0.001488	5.760000	0.005600
0.001492	5.760000	0.005600
0.001496	5.760000	0.005600
0.001500	5.760000	0.005600
0.001504	5.680000	0.006000
0.001508	5.680000	0.005600
0.001512	5.680000	0.006000
0.001516	5.680000	0.005600
0.001520	5.680000	0.005600
0.001524	5.760000	0.006000
0.001528	5.760000	0.006000
0.001532	5.680000	0.006000
0.001536	5.680000	0.006000
0.001540	5.760000	0.006000
0.001544	5.760000	0.006000
0.001548	5.680000	0.006000
0.001552	5.680000	0.006000
0.001556	5.760000	0.006000
0.001560	5.680000	0.006000
0.001564	2.400000	0.006000
0.001568	-6.080000	0.006000
0.001572	-6.160000	0.006000
0.001576	-6.240000	0.006400
0.001580	-6.240000	0.006400
0.001584	-6.240000	0.006400
0.001588	-6.240000	0.006400
0.001592	-6.240000	0.006400
0.001596	-6.240000	0.006400
0.001600	-6.240000	0.006400
0.001604	-6.240000	0.006400
0.001608	-6.240000	0.006400
0.001612	-6.240000	0.006400
0.001616	-6.240000	0.006400
0.001620	-6.240000	0.006400
0.001624	-6.240000	0.006400
0.001628	-6.240000	0.006800
0.001632	-6.240000	0.006800
0.001636	-6.240000	0.006800
0.001640	-6.240000	0.006800
0.001644	-6.240000	0.006800
0.001648	-6.240000	0.006800
0.001652	-6.240000	0.006800
0.001656	-6.240000	0.006800
0.001660	-6.240000	0.006800
0.001664	-6.240000	0.006800
0.001668	-6.240000	0.006800
0.001672	-6.240000	0.006800
0.001676	-6.240000	0.006800
0.001680	-6.240000	0.007200
0.001684	-6.240000	0.007200
0.001688	-6.240000	0.007200
0.001692	-6.240000	0.007200
0.001696	-6.240000	0.007200
0.001700	-6.160000	0.007200
0.001704	-6.240000	0.007200
0.001708	-6.240000	0.007200
0.001712	-6.160000	0.007200
0.001716	-6.240000	0.007200
0.001720	-6.160000	0.007200
0.001724	-6.160000	0.007200
0.001728	-6.160000	0.007200
0.001732	-6.160000	0.007200
0.001736	-6.160000	0.007600
0.001740	-6.160000	0.007600
0.001744	-6.160000	0.007200
0.001748	-6.160000	0.007200
0.001752	-6.160000	0.007600
0.001756	-6.160000	0.007600
0.001760	-6.160000	0.007600
0.001764	-6.160000	0.007600
0.001768	-6.160000	0.007600
0.001772	-6.160000	0.007600
0.001776	-6.160000	0.007600
0.001780	-6.160000	0.007600
0.001784	-6.160000	0.007600
0.001788	-6.160000	0.007600
0.001792	-6.160000	0.007600
0.001796	-6.160000	0.007600
0.001800	-6.160000	0.007600
0.001804	-6.160000	0.008000
0.001808	-6.160000	0.008000
0.001812	-6.160000	0.008000
0.001816	-6.160000	0.007600
0.001820	-6.160000	0.008000
0.001824	-6.160000	0.008000
0.001828	-6.160000	0.008000
0.001832	-6.160000	0.008000
0.001836	-6.160000	0.008000
0.001840	-6.160000	0.008000
0.001844	-6.160000	0.008000
0.001848	-6.160000	0.008000
0.001852	-6.160000	0.008000
0.001856	-6.160000	0.008400
0.001860	-6.160000	0.008400
0.001864	-6.160000	0.008000
0.001868	-6.160000	0.008400
0.001872	-6.160000	0.008400
0.001876	-6.160000	0.008400
0.001880	-6.160000	0.008400
0.001884	-6.160000	0.008400
0.001888	-6.160000	0.008400
0.001892	-6.160000	0.008400
0.001896	-6.160000	0.008400
0.001900	-6.160000	0.008400
0.001904	-6.160000	0.008400
0.001908	-6.080000	0.008400
0.001912	-6.160000	0.008800
0.001916	-6.080000	0.008800
0.001920	-6.080000	0.008800
0.001924	-6.080000	0.008400
0.001928	-6.080000	0.008800
0.001932	-6.080000	0.008800
0.001936	-6.080000	0.008400
0.001940	-6.080000	0.008800
0.001944	-6.080000	0.008800
0.001948	-6.080000	0.008400
0.001952	-6.080000	0.008800
0.001956	-6.080000	0.008800
0.001960	-6.080000	0.008800
0.001964	-6.080000	0.009200
0.001968	-6.080000	0.008800
0.001972	-6.080000	0.008800
0.001976	-6.080000	0.008800
0.001980	-6.080000	0.009200
0.001984	-6.080000	0.008800
0.001988	-6.080000	0.009200
0.001992	-6.080000	0.009200
0.001996	-6.080000	0.009200
0.002000	-6.080000	0.009200
0.002004	-6.080000	0.009200
0.002008	-6.080000	0.008800
0.002012	-6.080000	0.009200
0.002016	-6.080000	0.009200
0.002020	-6.080000	0.009200
0.002024	-6.080000	0.009200
0.002028	-6.080000	0.009200
0.002032	-6.080000	0.009200
0.002036	-6.080000	0.009200
0.002040	-6.080000	0.009200
0.002044	-6.080000	0.009200
0.002048	-6.080000	0.009200
0.002052	-6.080000	0.009600
0.002056	-6.080000	0.009600
0.002060	-6.080000	0.009600
0.002064	-6.080000	0.009600
0.002068	-6.080000	0.009600
0.002072	-6.080000	0.009600
0.002076	-6.080000	0.009600
0.002080	-6.080000	0.009600
0.002084	-6.080000	0.009600
0.002088	-6.080000	0.009600
0.002092	-6.080000	0.009600
0.002096	-6.080000	0.009600
0.002100	-6.080000	0.009600
0.002104	-6.080000	0.009600
0.002108	-6.080000	0.009600
0.002112	-6.080000	0.009600
0.002116	-6.000000	0.009600
0.002120	-6.080000	0.010000
0.002124	-6.000000	0.009600
0.002128	-6.000000	0.009600
0.002132	-6.000000	0.010000
0.002136	-6.080000	0.010000
0.002140	-6.000000	0.010000
0.002144	-6.000000	0.010000
0.002148	-6.000000	0.010000
0.002152	-6.000000	0.010000
0.002156	-6.000000	0.010000
0.002160	-6.000000	0.010000
0.002164	-6.000000	0.010000
0.002168	-6.000000	0.010000
0.002172	-6.000000	0.010000
0.002176	-6.000000	0.010000
0.002180	-6.000000	0.010000
0.002184	-6.000000	0.010000
0.002188	-6.000000	0.010000
0.002192	-6.000000	0.010000
0.002196	-6.000000	0.010000
0.002200	-6.000000	0.010000
0.002204	-6.000000	0.010000
0.002208	-6.000000	0.010000
0.002212	-6.000000	0.010400
0.002216	-6.000000	0.010400
0.002220	-6.000000	0.010400
0.002224	-6.000000	0.010400
0.002228	-6.000000	0.010400
0.002232	-6.000000	0.010400
0.002236	-6.000000	0.010400
0.002240	-6.000000	0.010400
0.002244	-6.000000	0.010400
0.002248	-6.000000	0.010400
0.002252	-6.000000	0.010400
0.002256	-6.000000	0.010400
0.002260	-6.000000	0.010400
0.002264	-6.000000	0.010800
0.002268	-6.000000	0.010400
0.002272	-6.000000	0.010400
0.002276	-6.000000	0.010400
0.002280	-6.000000	0.010800
0.002284	-6.000000	0.010800
0.002288	-6.000000	0.010800
0.002292	-6.000000	0.010800
0.002296	-6.000000	0.010800
0.002300	-6.000000	0.010800
0.002304	-6.000000	0.010800
0.002308	-6.000000	0.010800
0.002312	-6.000000	0.010800
0.002316	-6.000000	0.010800
0.002320	-6.000000	0.010800
0.002324	-6.000000	0.010800
0.002328	-6.000000	0.010800
0.002332	-6.000000	0.010800
0.002336	-6.000000	0.010800
0.002340	-6.000000	0.010800
0.002344	-6.000000	0.010800
0.002348	-6.000000	0.010800
0.002352	-6.000000	0.010800
0.002356	-6.000000	0.010800
0.002360	-6.000000	0.010800
0.002364	-6.000000	0.011200
0.002368	-6.000000	0.011200
0.002372	-6.000000	0.010800
0.002376	-6.000000	0.010800
0.002380	-6.000000	0.011200
0.002384	-6.000000	0.011200
0.002388	-6.000000	0.011200
0.002392	-6.000000	0.011200
0.002396	-6.000000	0.011200
0.002400	-6.000000	0.011200
0.002404	-6.000000	0.011200
0.002408	-6.000000	0.011200
0.002412	-6.000000	0.011200
0.002416	-6.000000	0.011200
0.002420	-6.000000	0.011200
0.002424	-6.000000	0.011200
0.002428	-6.000000	0.011200
0.002432	-6.000000	0.011200
0.002436	-6.000000	0.011200
0.002440	-6.000000	0.011600
0.002444	-6.000000	0.011200
0.002448	-6.000000	0.011200
0.002452	-6.000000	0.011600
0.002456	-6.000000	0.011600
0.002460	-6.000000	0.011600
0.002464	-6.000000	0.011200
0.002468	-6.000000	0.011600
0.002472	-6.000000	0.011200
0.002476	-6.000000	0.011600
0.002480	-5.920000	0.011600
0.002484	-5.920000	0.011600
0.002488	-6.000000	0.011600
0.002492	-5.920000	0.011600
0.002496	-5.920000	0.011600
0.002500	-5.920000	0.011600
0.002504	-5.920000	0.011600
0.002508	-5.920000	0.011600
0.002512	-5.920000	0.011600
0.002516	-6.000000	0.011600
0.002520	-5.920000	0.011600
0.002524	-5.920000	0.012000
0.002528	-5.920000	0.011600
0.002532	-5.920000	0.011600
0.002536	-5.920000	0.011600
0.002540	-5.920000	0.012000
0.002544	-5.920000	0.012000
0.002548	-5.920000	0.012000
0.002552	-5.920000	0.012000
0.002556	-5.920000	0.012000
0.002560	-5.920000	0.012000
0.002564	-5.920000	0.012000
0.002568	-5.920000	0.012000
0.002572	-5.920000	0.012000
0.002576	-5.920000	0.012000
0.002580	-5.920000	0.012000
0.002584	-5.920000	0.012000
0.002588	-5.920000	0.012000
0.002592	-5.920000	0.012000
0.002596	-5.920000	0.012000
0.002600	-5.920000	0.011600
0.002604	-5.920000	0.012000
0.002608	-5.920000	0.012000
0.002612	-5.920000	0.012000
0.002616	-5.920000	0.012000
0.002620	-5.920000	0.012000
0.002624	-5.920000	0.012000
0.002628	-5.920000	0.012000
0.002632	-5.920000	0.012000
0.002636	-5.920000	0.012000
0.002640	-5.920000	0.012000
0.002644	-5.920000	0.012400
0.002648	-5.920000	0.012000
0.002652	-5.920000	0.012000
0.002656	-5.920000	0.012000
0.002660	-5.920000	0.012400
0.002664	-5.920000	0.012400
0.002668	-5.920000	0.012400
0.002672	-5.920000	0.012400
0.002676	-5.920000	0.012400
0.002680	-5.920000	0.012400
0.002684	-5.920000	0.012000
0.002688	-5.920000	0.012400
0.002692	-5.920000	0.012400
0.002696	-5.920000	0.012400
0.002700	-5.920000	0.012400
0.002704	-5.920000	0.012400
0.002708	-5.920000	0.012400
0.002712	-5.920000	0.012400
0.002716	-5.920000	0.012400
0.002720	-5.920000	0.012400
0.002724	-5.920000	0.012400
0.002728	-5.920000	0.012400
0.002732	-5.920000	0.012400
0.002736	-5.920000	0.012400
0.002740	-5.920000	0.012400
0.002744	-5.920000	0.012400
0.002748	-5.920000	0.012400
0.002752	-5.920000	0.012400
0.002756	-5.920000	0.012400
0.002760	-5.920000	0.012400
0.002764	-5.920000	0.012400
0.002768	-5.920000	0.012800
0.002772	-5.920000	0.012400
0.002776	-5.920000	0.012400
0.002780	-5.840000	0.012400
0.002784	-5.920000	0.012800
0.002788	-5.840000	0.012800
0.002792	-5.840000	0.012400
0.002796	-5.840000	0.012400
0.002800	-5.920000	0.012400
0.002804	-5.840000	0.012400
0.002808	-5.840000	0.012400
0.002812	-5.920000	0.012400
0.002816	-5.920000	0.012800
0.002820	-5.840000	0.012400
0.002824	-5.840000	0.012400
0.002828	-5.840000	0.012400
0.002832	-5.840000	0.012800
0.002836	-5.840000	0.012400
0.002840	-5.840000	0.012400
0.002844	-5.840000	0.012400
0.002848	-5.840000	0.012400
0.002852	-5.840000	0.012400
0.002856	-5.840000	0.012400
0.002860	-5.840000	0.012400
0.002864	-5.840000	0.012400
0.002868	-5.840000	0.012400
0.002872	-5.840000	0.012400
0.002876	-5.840000	0.012400
0.002880	-5.840000	0.012400
0.002884	-5.840000	0.012400
0.002888	-5.840000	0.012400
0.002892	-5.840000	0.012400
0.002896	-5.840000	0.012800
0.002900	-5.840000	0.012400
0.002904	-5.840000	0.012800
0.002908	-5.840000	0.012400
0.002912	-5.840000	0.012400
0.002916	-5.840000	0.012400
0.002920	-5.840000	0.012400
0.002924	-5.840000	0.012400
0.002928	-5.840000	0.012400
0.002932	-5.840000	0.012400
0.002936	-5.840000	0.012400
0.002940	-5.840000	0.012400
0.002944	-5.840000	0.012400
0.002948	-5.840000	0.012400
0.002952	-5.840000	0.012000
0.002956	-5.840000	0.012400
0.002960	-5.840000	0.012400
0.002964	-5.840000	0.012000
0.002968	-5.840000	0.012000
0.002972	-5.840000	0.012000
0.002976	-5.840000	0.012000
0.002980	-5.840000	0.012000
0.002984	-5.840000	0.012000
0.002988	-5.840000	0.012000
0.002992	-5.840000	0.011600
0.002996	-5.840000	0.012000
0.003000	-5.840000	0.012000
0.003004	-5.840000	0.012000
0.003008	-5.840000	0.011600
0.003012	-5.840000	0.011600
0.003016	-5.840000	0.011600
0.003020	-5.840000	0.011200
0.003024	-5.840000	0.011200
0.003028	-5.840000	0.011200
0.003032	-5.840000	0.011200
0.003036	-5.840000	0.010800
0.003040	-5.840000	0.010800
0.003044	-5.840000	0.010800
0.003048	-5.840000	0.010800
0.003052	-5.840000	0.010800
0.003056	-5.840000	0.010400
0.003060	-5.840000	0.010400
0.003064	-5.840000	0.010400
0.003068	-5.840000	0.010000
0.003072	-5.840000	0.010000
0.003076	-5.840000	0.009600
0.003080	-5.840000	0.009600
0.003084	-5.840000	0.009200
0.003088	-5.840000	0.008800
0.003092	-5.840000	0.008400
0.003096	-5.840000	0.008400
0.003100	-5.840000	0.008000
0.003104	-5.840000	0.007600
0.003108	-5.840000	0.007200
0.003112	-5.840000	0.006800
0.003116	-5.840000	0.006000
0.003120	-5.840000	0.005600
0.003124	-5.840000	0.005200
0.003128	-5.840000	0.004400
0.003132	-5.840000	0.004000
0.003136	-5.840000	0.003200
0.003140	-5.840000	0.002800
0.003144	-5.840000	0.002000
0.003148	-5.840000	0.001200
0.003152	-5.840000	0.000400
0.003156	-5.760000	-0.000400
0.003160	-5.840000	-0.001200
0.003164	-5.760000	-0.002000
0.003168	-5.760000	-0.002800
0.003172	-5.760000	-0.003600
0.003176	-5.840000	-0.004400
0.003180	-5.760000	-0.005600
0.003184	-5.760000	-0.006400
0.003188	-5.760000	-0.007200
0.003192	-5.760000	-0.008000
0.003196	-5.760000	-0.009200
0.003200	-5.760000	-0.010000
0.003204	-5.840000	-0.010800
0.003208	-5.840000	-0.011600
0.003212	-5.760000	-0.012400
0.003216	-5.840000	-0.013200
0.003220	-5.760000	-0.014000
0.003224	-5.760000	-0.014800
0.003228	-5.760000	-0.015600
0.003232	-5.760000	-0.016400
0.003236	-5.760000	-0.016800
0.003240	-5.760000	-0.017600
0.003244	-5.760000	-0.018400
0.003248	-5.760000	-0.018800
0.003252	-5.760000	-0.019200
0.003256	-5.760000	-0.019600
0.003260	-5.760000	-0.020000
0.003264	-5.760000	-0.020400
0.003268	-5.760000	-0.020800
0.003272	-5.760000	-0.021200
0.003276	-5.760000	-0.021200
0.003280	-5.760000	-0.021600
0.003284	-5.760000	-0.022000
0.003288	-5.760000	-0.022000
0.003292	-5.760000	-0.022000
0.003296	-5.760000	-0.022400
0.003300	-5.760000	-0.022400
0.003304	-5.760000	-0.022400
0.003308	-5.760000	-0.022400
0.003312	-5.760000	-0.022800
0.003316	-5.760000	-0.022400
0.003320	-5.760000	-0.022400
0.003324	-5.760000	-0.022400
0.003328	-5.760000	-0.022400
0.003332	-5.760000	-0.022400
0.003336	-5.760000	-0.022400
0.003340	-5.760000	-0.022400
0.003344	-5.760000	-0.022000
0.003348	-5.760000	-0.022000
0.003352	-5.760000	-0.022000
0.003356	-5.760000	-0.022000
0.003360	-5.760000	-0.021600
0.003364	-5.760000	-0.021600
0.003368	-5.760000	-0.021600
0.003372	-5.760000	-0.021600
0.003376	-5.760000	-0.021600
0.003380	-5.760000	-0.021200
0.003384	-5.760000	-0.021200
0.003388	-5.760000	-0.020800
0.003392	-5.760000	-0.020800
0.003396	-5.760000	-0.020800
0.003400	-5.760000	-0.020400
0.003404	-5.760000	-0.020400
0.003408	-5.760000	-0.020400
0.003412	-5.760000	-0.020400
0.003416	-5.760000	-0.020400
0.003420	-5.760000	-0.020000
0.003424	-5.760000	-0.020000
0.003428	-5.760000	-0.020000
0.003432	-5.760000	-0.019600
0.003436	-5.760000	-0.019600
0.003440	-5.760000	-0.019600
0.003444	-5.760000	-0.019600
0.003448	-5.760000	-0.019600
0.003452	-5.760000	-0.019600
0.003456	-5.760000	-0.019200
0.003460	-5.760000	-0.019200
0.003464	-5.760000	-0.019200
0.003468	-5.760000	-0.019200
0.003472	-5.760000	-0.019200
0.003476	-5.760000	-0.018800
0.003480	-5.760000	-0.018800
0.003484	-5.760000	-0.018800
0.003488	-5.760000	-0.018800
0.003492	-5.760000	-0.018400
0.003496	-5.760000	-0.018400
0.003500	-5.760000	-0.018800
0.003504	-5.760000	-0.018400
0.003508	-5.760000	-0.018400
0.003512	-5.760000	-0.018400
0.003516	-5.760000	-0.018400
0.003520	-5.760000	-0.018400
0.003524	-5.760000	-0.018400
0.003528	-5.760000	-0.018400
0.003532	-5.760000	-0.018400
0.003536	-5.760000	-0.018000
0.003540	-5.760000	-0.018000
0.003544	-5.760000	-0.018000
0.003548	-5.760000	-0.018000
0.003552	-5.760000	-0.018000
0.003556	-5.760000	-0.017600
0.003560	-5.760000	-0.017600
0.003564	-5.760000	-0.017600
0.003568	-5.760000	-0.017600
0.003572	-5.760000	-0.017600
0.003576	-5.760000	-0.017600
0.003580	-5.760000	-0.017200
0.003584	-5.760000	-0.017600
0.003588	-5.760000	-0.017200
0.003592	-5.760000	-0.017200
0.003596	-5.760000	-0.017200
0.003600	-5.760000	-0.017200
0.003604	-5.760000	-0.017200
0.003608	-5.760000	-0.016800
0.003612	-5.760000	-0.016800
0.003616	-5.760000	-0.016800
0.003620	-5.760000	-0.016800
0.003624	-5.760000	-0.016800
0.003628	-5.760000	-0.016800
0.003632	-5.760000	-0.016400
0.003636	-5.760000	-0.016400
0.003640	-5.760000	-0.016400
0.003644	-5.760000	-0.016400
0.003648	-5.760000	-0.016400
0.003652	-5.760000	-0.016400
0.003656	-5.760000	-0.016400
0.003660	-5.760000	-0.016000
0.003664	-5.760000	-0.016000
0.003668	-5.760000	-0.016000
0.003672	-5.760000	-0.016000
0.003676	-5.760000	-0.016000
0.003680	-5.760000	-0.016000
0.003684	-5.760000	-0.015600
0.003688	-5.760000	-0.016000
0.003692	-5.760000	-0.016000
0.003696	-5.760000	-0.015600
0.003700	-5.760000	-0.015600
0.003704	-5.760000	-0.015600
0.003708	-5.760000	-0.015600
0.003712	-5.760000	-0.015600
0.003716	-5.760000	-0.015200
0.003720	-5.760000	-0.015200
0.003724	-5.760000	-0.015200
0.003728	-5.760000	-0.015200
0.003732	-5.760000	-0.015200
0.003736	-5.760000	-0.014800
0.003740	-5.760000	-0.014800
0.003744	-5.760000	-0.014800
0.003748	-5.680000	-0.014800
0.003752	-5.760000	-0.014800
0.003756	-5.680000	-0.014800
0.003760	-5.760000	-0.014400
0.003764	-5.760000	-0.014800
0.003768	-5.680000	-0.014400
0.003772	-5.760000	-0.014400
0.003776	-5.680000	-0.014400
0.003780	-5.760000	-0.014400
0.003784	-5.760000	-0.014000
0.003788	-5.680000	-0.014000
0.003792	-5.680000	-0.014000
0.003796	-5.760000	-0.014000
0.003800	-5.760000	-0.014000
0.003804	-5.680000	-0.014000
0.003808	-5.760000	-0.014000
0.003812	-5.680000	-0.014000
0.003816	-5.680000	-0.013600
0.003820	-5.760000	-0.013600
0.003824	-5.760000	-0.013600
0.003828	-5.680000	-0.013600
0.003832	-5.760000	-0.013600
0.003836	-5.680000	-0.013200
0.003840	-5.680000	-0.013600
0.003844	-5.680000	-0.013200
0.003848	-5.680000	-0.013200
0.003852	-5.680000	-0.013200
0.003856	-5.760000	-0.013200
0.003860	-5.680000	-0.013200
0.003864	-5.680000	-0.013200
0.003868	-5.760000	-0.012800
0.003872	-5.680000	-0.012800
0.003876	-5.680000	-0.012800
0.003880	-5.680000	-0.012800
0.003884	-5.680000	-0.012800
0.003888	-5.680000	-0.012800
0.003892	-5.680000	-0.012400
0.003896	-5.680000	-0.012400
0.003900	-5.760000	-0.012400
0.003904	-5.680000	-0.012400
0.003908	-5.760000	-0.012400
0.003912	-5.680000	-0.012400
0.003916	-5.680000	-0.012400
0.003920	-5.680000	-0.012000
0.003924	-5.680000	-0.012400
0.003928	-5.680000	-0.012000
0.003932	-5.680000	-0.012000
0.003936	-5.760000	-0.012000
0.003940	-5.680000	-0.012000
0.003944	-5.760000	-0.012000
0.003948	-5.680000	-0.012000
0.003952	-5.680000	-0.011600
0.003956	-5.680000	-0.012000
0.003960	-5.680000	-0.011600
0.003964	-5.680000	-0.011600
0.003968	-5.680000	-0.011600
0.003972	-5.680000	-0.011600
0.003976	-5.680000	-0.011200
0.003980	-5.680000	-0.011200
0.003984	-5.680000	-0.011200
0.003988	-5.680000	-0.011200
0.003992	-5.680000	-0.011200
0.003996	-5.680000	-0.011200
0.004000	-5.680000	-0.011200
0.004004	-5.680000	-0.010800
0.004008	-5.680000	-0.010800
0.004012	-5.680000	-0.010800
0.004016	-5.680000	-0.010800
0.004020	-5.680000	-0.010800
0.004024	-5.680000	-0.010800
0.004028	-5.680000	-0.010800
0.004032	-5.680000	-0.010400
0.004036	-5.680000	-0.010800
0.004040	-5.680000	-0.010400
0.004044	-5.680000	-0.010400
0.004048	-5.680000	-0.010400
0.004052	-5.680000	-0.010400
0.004056	-5.680000	-0.010400
0.004060	-5.680000	-0.010400
0.004064	-5.680000	-0.010000
0.004068	-5.680000	-0.010000
0.004072	-5.680000	-0.010000
0.004076	-5.680000	-0.010000
0.004080	-5.680000	-0.010000
0.004084	-5.680000	-0.010000
0.004088	-5.680000	-0.009600
0.004092	-5.680000	-0.009600
0.004096	-5.680000	-0.009600
0.004100	-5.680000	-0.009600
0.004104	-5.680000	-0.009600
0.004108	-5.680000	-0.009600
0.004112	-5.680000	-0.009600
0.004116	-5.680000	-0.009600
0.004120	-5.680000	-0.009600
0.004124	-5.680000	-0.009200
0.004128	-5.680000	-0.009200
0.004132	-5.680000	-0.009200
0.004136	-5.680000	-0.009200
0.004140	-5.680000	-0.009200
0.004144	-5.680000	-0.009200
0.004148	-5.680000	-0.008800
0.004152	-5.680000	-0.008800
0.004156	-5.680000	-0.008800
0.004160	-5.680000	-0.008800
0.004164	-5.680000	-0.008800
0.004168	-5.680000	-0.008800
0.004172	-5.680000	-0.008800
0.004176	-5.680000	-0.008800
0.004180	-5.680000	-0.008400
0.004184	-5.680000	-0.008800
0.004188	-5.680000	-0.008400
0.004192	-5.680000	-0.008400
0.004196	-5.680000	-0.008400
0.004200	-5.680000	-0.008400
0.004204	-5.680000	-0.008400
0.004208	-5.680000	-0.008400
0.004212	-5.680000	-0.008400
0.004216	-5.680000	-0.008000
0.004220	-5.680000	-0.008000
0.004224	-5.680000	-0.008000
0.004228	-5.680000	-0.008000
0.004232	-5.680000	-0.008000
0.004236	-5.680000	-0.008000
0.004240	-5.680000	-0.008000
0.004244	-5.680000	-0.008000
0.004248	-5.680000	-0.007600
0.004252	-5.680000	-0.007600
0.004256	-5.680000	-0.007600
0.004260	-5.680000	-0.007600
0.004264	-5.680000	-0.007600
0.004268	-5.680000	-0.007600
0.004272	-5.680000	-0.007600
0.004276	-5.680000	-0.007200
0.004280	-5.680000	-0.007200
0.004284	-5.680000	-0.007200
0.004288	-5.680000	-0.007200
0.004292	-5.680000	-0.007200
0.004296	-5.680000	-0.007200
0.004300	-5.680000	-0.007200
0.004304	-5.680000	-0.006800
0.004308	-5.680000	-0.007200
0.004312	-5.680000	-0.006800
0.004316	-5.680000	-0.006800
0.004320	-5.680000	-0.006800
0.004324	-5.680000	-0.006800
0.004328	-5.680000	-0.006800
0.004332	-5.680000	-0.006400
0.004336	-5.680000	-0.006400
0.004340	-5.680000	-0.006400
0.004344	-5.680000	-0.006400
0.004348	-5.680000	-0.006400
0.004352	-5.680000	-0.006400
0.004356	-5.680000	-0.006400
0.004360	-5.680000	-0.006400
0.004364	-5.680000	-0.006400
0.004368	-5.680000	-0.006000
0.004372	-5.680000	-0.006400
0.004376	-5.680000	-0.006000
0.004380	-5.680000	-0.006400
0.004384	-5.680000	-0.006000
0.004388	-5.680000	-0.006000
0.004392	-5.680000	-0.006000
0.004396	-5.680000	-0.006000
0.004400	-5.680000	-0.006000
0.004404	-5.600000	-0.006000
0.004408	-5.680000	-0.005600
0.004412	-5.680000	-0.006000
0.004416	-5.680000	-0.005600
0.004420	-5.680000	-0.005600
0.004424	-5.680000	-0.005600
0.004428	-5.680000	-0.005600
0.004432	-5.680000	-0.005600
0.004436	-5.600000	-0.005600
0.004440	-5.600000	-0.005600
0.004444	-5.600000	-0.005600
0.004448	-5.680000	-0.005200
0.004452	-5.600000	-0.005200
0.004456	-5.600000	-0.005200
0.004460	-5.600000	-0.005200
0.004464	-5.600000	-0.005200
0.004468	-5.680000	-0.005200
0.004472	-5.680000	-0.005200
0.004476	-5.680000	-0.005200
0.004480	-5.600000	-0.005200
0.004484	-5.600000	-0.004800
0.004488	-5.600000	-0.004800
0.004492	-5.680000	-0.004800
0.004496	-5.600000	-0.004800
0.004500	-5.600000	-0.004800
0.004504	-5.600000	-0.004800
0.004508	-5.600000	-0.004400
0.004512	-5.600000	-0.004800
0.004516	-5.680000	-0.004400
0.004520	-5.680000	-0.004400
0.004524	-5.600000	-0.004400
0.004528	-5.600000	-0.004400
0.004532	-5.600000	-0.004400
0.004536	-5.600000	-0.004400
0.004540	-5.600000	-0.004400
0.004544	-5.600000	-0.004000
0.004548	-5.680000	-0.004000
0.004552	-5.600000	-0.004000
0.004556	-5.600000	-0.004000
0.004560	-5.600000	-0.004000
0.004564	-5.600000	-0.004000
0.004568	-5.600000	-0.004000
0.004572	-5.600000	-0.004000
0.004576	-5.600000	-0.003600
0.004580	-5.600000	-0.003600
0.004584	-5.600000	-0.003600
0.004588	-5.600000	-0.003600
0.004592	-5.600000	-0.003600
0.004596	-5.600000	-0.003600
0.004600	-5.600000	-0.003600
0.004604	-5.600000	-0.003600
0.004608	-5.600000	-0.003600
0.004612	-5.600000	-0.003600
0.004616	-5.600000	-0.003600
0.004620	-5.600000	-0.003200
0.004624	-5.600000	-0.003200
0.004628	-5.600000	-0.003200
0.004632	-5.600000	-0.003200
0.004636	-5.600000	-0.003200
0.004640	-5.600000	-0.003200
0.004644	-5.600000	-0.003200
0.004648	-5.600000	-0.003200
0.004652	-5.600000	-0.002800
0.004656	-5.600000	-0.003200
0.004660	-5.600000	-0.002800
0.004664	-5.600000	-0.002800
0.004668	-5.600000	-0.003200
0.004672	-5.600000	-0.002800
0.004676	-5.600000	-0.002800
0.004680	-5.600000	-0.002800
0.004684	-5.600000	-0.002800
0.004688	-5.600000	-0.002800
0.004692	-5.600000	-0.002800
0.004696	-5.600000	-0.002800
0.004700	-5.600000	-0.002400
0.004704	-5.600000	-0.002400
0.004708	-5.600000	-0.002400
0.004712	-5.600000	-0.002400
0.004716	-5.600000	-0.002400
0.004720	-5.600000	-0.002400
0.004724	-5.600000	-0.002400
0.004728	-5.600000	-0.002400
0.004732	-5.600000	-0.002400
0.004736	-5.600000	-0.002000
0.004740	-5.600000	-0.002000
0.004744	-5.600000	-0.002000
0.004748	-5.600000	-0.002000
0.004752	-5.600000	-0.002000
0.004756	-5.600000	-0.002000
0.004760	-5.600000	-0.002000
0.004764	-5.600000	-0.002000
0.004768	-5.600000	-0.002000
0.004772	-5.600000	-0.002000
0.004776	-5.600000	-0.002000
0.004780	-5.600000	-0.001600
0.004784	-5.600000	-0.001600
0.004788	-5.600000	-0.001600
0.004792	-5.600000	-0.001600
0.004796	-5.600000	-0.001600
0.004800	-5.600000	-0.001600
0.004804	-5.600000	-0.001600
0.004808	-5.600000	-0.001600
0.004812	-5.600000	-0.001600
0.004816	-5.600000	-0.001200
0.004820	-5.600000	-0.001200
0.004824	-5.600000	-0.001600
0.004828	-5.600000	-0.001200
0.004832	-5.600000	-0.001200
0.004836	-5.600000	-0.001200
0.004840	-5.600000	-0.001200
0.004844	-5.600000	-0.000800
0.004848	-5.600000	-0.001200
0.004852	-5.600000	-0.001200
0.004856	-5.600000	-0.001200
0.004860	-5.600000	-0.000800
0.004864	-5.600000	-0.000800
0.004868	-5.600000	-0.000800
0.004872	-5.600000	-0.000800
0.004876	-5.600000	-0.000800
0.004880	-5.600000	-0.000800
0.004884	-5.600000	-0.000800
0.004888	-5.600000	-0.000800
0.004892	-5.600000	-0.000800
0.004896	-5.600000	-0.000400
0.004900	-5.600000	-0.000400
0.004904	-5.600000	-0.000400
0.004908	-5.600000	-0.000400
0.004912	-5.600000	-0.000400
0.004916	-5.600000	-0.000400
0.004920	-5.600000	-0.000400
0.004924	-5.600000	-0.000400
0.004928	-5.600000	-0.000400
0.004932	-5.600000	0.000000
0.004936	-5.600000	0.000000
0.004940	-5.600000	-0.000400
0.004944	-5.600000	0.000000
0.004948	-5.600000	0.000000
0.004952	-5.600000	0.000000
0.004956	-5.600000	0.000000
0.004960	-5.600000	0.000000
0.004964	-5.600000	0.000000
0.004968	-5.600000	0.000000
0.004972	-5.600000	0.000000
0.004976	-5.600000	0.000000
0.004980	-5.600000	0.000000
0.004984	-5.600000	0.000400
0.004988	-5.600000	0.000400
0.004992	-5.600000	0.000400
0.004996	-5.600000	0.000400
0.005000	-5.600000	0.000400
0.005004	-5.600000	0.000400
0.005008	-5.600000	0.000400
0.005012	-5.600000	0.000400
0.005016	-5.600000	0.000400
0.005020	-5.600000	0.000400
0.005024	-5.600000	0.000800
0.005028	-5.600000	0.000800
0.005032	-5.600000	0.000800
0.005036	-5.600000	0.000800
0.005040	-5.600000	0.000800
0.005044	-5.600000	0.000800
0.005048	-5.600000	0.000800
0.005052	-5.600000	0.000800
0.005056	-5.600000	0.000800
0.005060	-5.600000	0.001200
0.005064	-5.600000	0.000800
0.005068	-5.600000	0.001200
0.005072	-5.600000	0.001200
0.005076	-5.600000	0.001200
0.005080	-5.600000	0.001200
0.005084	-5.600000	0.001200
0.005088	-5.600000	0.001200
0.005092	-5.600000	0.001200
0.005096	-5.600000	0.001200
0.005100	-5.600000	0.001200
0.005104	-5.600000	0.001200
0.005108	-5.600000	0.001200
0.005112	-5.600000	0.001200
0.005116	-5.600000	0.001600
0.005120	-5.600000	0.001600
0.005124	-5.600000	0.001600
0.005128	-5.600000	0.001600
0.005132	-5.600000	0.001600
0.005136	-5.600000	0.001600
0.005140	-5.600000	0.001600
0.005144	-5.600000	0.001600
0.005148	-5.600000	0.002000
0.005152	-5.600000	0.001600
0.005156	-5.600000	0.002000
0.005160	-5.600000	0.001600
0.005164	-5.600000	0.002000
0.005168	-5.600000	0.002000
0.005172	-5.600000	0.002000
0.005176	-5.600000	0.002000
0.005180	-5.600000	0.002000
0.005184	-5.600000	0.002000
0.005188	-5.600000	0.002000
0.005192	-5.600000	0.002400
0.005196	-5.600000	0.002000
0.005200	-5.600000	0.002400
0.005204	-5.600000	0.002400
0.005208	-5.600000	0.002000
0.005212	-5.600000	0.002400
0.005216	-5.600000	0.002400
0.005220	-5.600000	0.002400
0.005224	-5.600000	0.002400
0.005228	-5.600000	0.002400
0.005232	-5.600000	0.002400
0.005236	-5.600000	0.002400
0.005240	-5.600000	0.002800
0.005244	-5.600000	0.002400
0.005248	-5.600000	0.002400
0.005252	-5.600000	0.002400
0.005256	-5.600000	0.002800
0.005260	-5.600000	0.002800
0.005264	-5.600000	0.002800
0.005268	-5.600000	0.002800
0.005272	-5.600000	0.002800
0.005276	-5.600000	0.002800
0.005280	-5.600000	0.002800
0.005284	-5.600000	0.002800
0.005288	-5.600000	0.002800
0.005292	-5.600000	0.002800
0.005296	-5.600000	0.002800
0.005300	-5.600000	0.003200
0.005304	-5.600000	0.003200
0.005308	-5.600000	0.002800
0.005312	-5.600000	0.003200
0.005316	-5.600000	0.003200
0.005320	-5.600000	0.003200
0.005324	-5.600000	0.003200
0.005328	-5.600000	0.003200
0.005332	-5.600000	0.003200
0.005336	-5.600000	0.003200
0.005340	-5.600000	0.003200
0.005344	-5.600000	0.003600
0.005348	-5.600000	0.003600
0.005352	-5.600000	0.003600
0.005356	-5.600000	0.003600
0.005360	-5.600000	0.003600
0.005364	-5.600000	0.003600
0.005368	-5.600000	0.003600
0.005372	-5.600000	0.003600
0.005376	-5.600000	0.003600
0.005380	-5.600000	0.003600
0.005384	-5.600000	0.003600
0.005388	-5.600000	0.003600
0.005392	-5.600000	0.004000
0.005396	-5.600000	0.004000
0.005400	-5.600000	0.004000
0.005404	-5.600000	0.004000
0.005408	-5.600000	0.004000
0.005412	-5.600000	0.004000
0.005416	-5.600000	0.004000
0.005420	-5.600000	0.004000
0.005424	-5.600000	0.004000
0.005428	-5.600000	0.004000
0.005432	-5.600000	0.004400
0.005436	-5.600000	0.004000
0.005440	-5.600000	0.004400
0.005444	-5.600000	0.004000
0.005448	-5.600000	0.004000
0.005452	-5.600000	0.004400
0.005456	-5.600000	0.004400
0.005460	-5.600000	0.004400
0.005464	-5.600000	0.004400
0.005468	-5.600000	0.004400
0.005472	-5.600000	0.004400
0.005476	-5.600000	0.004400
0.005480	-5.600000	0.004400
0.005484	-5.600000	0.004800
0.005488	-5.600000	0.004400
0.005492	-5.600000	0.004800
0.005496	-5.600000	0.004800
0.005500	-5.600000	0.004800
0.005504	-5.600000	0.004800
0.005508	-5.600000	0.004800
0.005512	-5.600000	0.004800
0.005516	-5.600000	0.004800
0.005520	-5.600000	0.004800
0.005524	-5.600000	0.004800
0.005528	-5.600000	0.004800
0.005532	-5.600000	0.004800
0.005536	-5.600000	0.004800
0.005540	-5.600000	0.004800
0.005544	-5.600000	0.004800
0.005548	-5.600000	0.005200
0.005552	-5.520000	0.005200
0.005556	-5.600000	0.005200
0.005560	-5.600000	0.005200
0.005564	-5.520000	0.005200
0.005568	-5.600000	0.005200
0.005572	-5.600000	0.005200
0.005576	-5.520000	0.005200
0.005580	-5.520000	0.005200
0.005584	-5.520000	0.005600
0.005588	-5.520000	0.005200
0.005592	-5.520000	0.005600
0.005596	-5.520000	0.005200
0.005600	-5.520000	0.005200
0.005604	-5.520000	0.005600
0.005608	-5.520000	0.005600
0.005612	-5.520000	0.005600
0.005616	-5.520000	0.005600
0.005620	-5.520000	0.005600
0.005624	-5.520000	0.005600
0.005628	-5.520000	0.005600
0.005632	-5.520000	0.005600
0.005636	-5.520000	0.005600
0.005640	-5.520000	0.005600
0.005644	-5.520000	0.005600
0.005648	-5.520000	0.005600
0.005652	-5.520000	0.005600
0.005656	-5.520000	0.005600
0.005660	-5.520000	0.005600
0.005664	-5.520000	0.005600
0.005668	-5.520000	0.006000
0.005672	-5.520000	0.005600
0.005676	-5.520000	0.006000
0.005680	-5.520000	0.006000
0.005684	-5.520000	0.006000
0.005688	-5.520000	0.006000
0.005692	-5.520000	0.006000
0.005696	-5.520000	0.006000
0.005700	-5.520000	0.006000
0.005704	-5.520000	0.006400
0.005708	-5.520000	0.006000
0.005712	-5.520000	0.006400
0.005716	-5.520000	0.006400
0.005720	-5.520000	0.006000
0.005724	-5.520000	0.006400
0.005728	-5.520000	0.006400
0.005732	1.200000	0.006400
0.005736	6.240000	0.006400
0.005740	6.400000	0.006400
0.005744	6.400000	0.006400
0.005748	6.400000	0.006400
0.005752	6.400000	0.006400
0.005756	6.400000	0.006400
0.005760	6.400000	0.006400
0.005764	6.400000	0.006400
0.005768	6.400000	0.006400
0.005772	6.400000	0.006400
0.005776	6.400000	0.006800
0.005780	6.400000	0.006800
0.005784	6.400000	0.006800
0.005788	6.400000	0.006800
0.005792	6.400000	0.006800
0.005796	6.400000	0.006800
0.005800	6.400000	0.006800
0.005804	6.400000	0.006800
0.005808	6.400000	0.006800
0.005812	6.400000	0.006800
0.005816	6.400000	0.006800
0.005820	6.400000	0.006800
0.005824	6.400000	0.007200
0.005828	6.400000	0.006800
0.005832	6.400000	0.007200
0.005836	6.400000	0.007200
0.005840	6.400000	0.007200
0.005844	6.400000	0.007200
0.005848	6.400000	0.007200
0.005852	6.400000	0.007200
0.005856	6.400000	0.007200
0.005860	6.320000	0.007200
0.005864	6.320000	0.007200
0.005868	6.320000	0.007200
0.005872	6.400000	0.007200
0.005876	6.400000	0.007200
0.005880	6.320000	0.007200
0.005884	6.320000	0.007200
0.005888	6.320000	0.007600
0.005892	6.320000	0.007600
0.005896	6.320000	0.007600
0.005900	6.320000	0.007600
0.005904	6.320000	0.007600
0.005908	6.320000	0.007600
0.005912	6.320000	0.007600
0.005916	6.320000	0.007600
0.005920	6.320000	0.007600
0.005924	6.320000	0.007600
0.005928	6.320000	0.007600
0.005932	6.320000	0.007600
0.005936	6.320000	0.007600
0.005940	6.320000	0.008000
0.005944	6.320000	0.007600
0.005948	6.320000	0.008000
0.005952	6.320000	0.008000
0.005956	6.320000	0.008000
0.005960	6.320000	0.008000
0.005964	6.320000	0.008000
0.005968	6.320000	0.008000
0.005972	6.320000	0.008000
0.005976	6.320000	0.008000
0.005980	6.320000	0.008000
0.005984	6.320000	0.008000
0.005988	6.240000	0.008000
0.005992	6.320000	0.008000
0.005996	6.320000	0.008000
0.006000	6.240000	0.008400
0.006004	6.240000	0.008400
0.006008	6.240000	0.008000
0.006012	6.240000	0.008400
0.006016	6.240000	0.008400
0.006020	6.240000	0.008400
0.006024	6.240000	0.008400
0.006028	6.240000	0.008400
0.006032	6.240000	0.008400
0.006036	6.240000	0.008400
0.006040	6.240000	0.008400
0.006044	6.240000	0.008400
0.006048	6.240000	0.008400
0.006052	6.240000	0.008400
0.006056	6.240000	0.008400
0.006060	6.240000	0.008800
0.006064	6.240000	0.008800
0.006068	6.240000	0.008800
0.006072	6.240000	0.008800
0.006076	6.240000	0.008400
0.006080	6.240000	0.008800
0.006084	6.240000	0.008800
0.006088	6.240000	0.008800
0.006092	6.240000	0.008800
0.006096	6.240000	0.008800
0.006100	6.240000	0.008800
0.006104	6.240000	0.008800
0.006108	6.240000	0.008800
0.006112	6.240000	0.008800
0.006116	6.240000	0.008800
0.006120	6.240000	0.008800
0.006124	6.240000	0.009200
0.006128	6.240000	0.008800
0.006132	6.240000	0.008800
0.006136	6.240000	0.008800
0.006140	6.240000	0.009200
0.006144	6.240000	0.009200
0.006148	6.240000	0.009200
0.006152	6.240000	0.009200
0.006156	6.240000	0.009200
0.006160	6.240000	0.009200
0.006164	6.240000	0.009200
0.006168	6.240000	0.009200
0.006172	6.240000	0.009200
0.006176	6.240000	0.009200
0.006180	6.240000	0.009200
0.006184	6.240000	0.009200
0.006188	6.240000	0.009600
0.006192	6.240000	0.009600
0.006196	6.240000	0.009200
0.006200	6.240000	0.009600
0.006204	6.240000	0.009600
0.006208	6.240000	0.009600
0.006212	6.240000	0.009600
0.006216	6.240000	0.009600
0.006220	6.240000	0.009600
0.006224	6.160000	0.009600
0.006228	6.240000	0.009600
0.006232	6.240000	0.009600
0.006236	6.160000	0.009600
0.006240	6.160000	0.009600
0.006244	6.160000	0.009600
0.006248	6.160000	0.009600
0.006252	6.160000	0.009600
0.006256	6.240000	0.009600
0.006260	6.160000	0.009600
0.006264	6.160000	0.010000
0.006268	6.160000	0.010000
0.006272	6.160000	0.009600
0.006276	6.160000	0.010000
0.006280	6.160000	0.010000
0.006284	6.160000	0.010000
0.006288	6.160000	0.010000
0.006292	6.160000	0.010000
0.006296	6.160000	0.010000
0.006300	6.160000	0.010000
0.006304	6.160000	0.010000
0.006308	6.160000	0.010000
0.006312	6.160000	0.010000
0.006316	6.160000	0.010000
0.006320	6.160000	0.010000
0.006324	6.160000	0.010400
0.006328	6.160000	0.010000
0.006332	6.160000	0.010000
0.006336	6.160000	0.010000
0.006340	6.160000	0.010000
0.006344	6.160000	0.010000
0.006348	6.160000	0.010000
0.006352	6.160000	0.010400
0.006356	6.160000	0.010400
0.006360	6.160000	0.010400
0.006364	6.160000	0.010400
0.006368	6.160000	0.010400
0.006372	6.160000	0.010000
0.006376	6.160000	0.010400
0.006380	6.160000	0.010000
0.006384	6.160000	0.010400
0.006388	6.160000	0.010000
0.006392	6.160000	0.010400
0.006396	6.160000	0.010400
0.006400	6.160000	0.010400
0.006404	6.160000	0.010400
0.006408	6.160000	0.010800
0.006412	6.160000	0.010800
0.006416	6.160000	0.010800
0.006420	6.160000	0.010400
0.006424	6.160000	0.010400
0.006428	6.160000	0.010400
0.006432	6.160000	0.010400
0.006436	6.160000	0.010800
0.006440	6.160000	0.010800
0.006444	6.160000	0.010800
0.006448	6.160000	0.010800
0.006452	6.160000	0.010800
0.006456	6.160000	0.010800
0.006460	6.080000	0.010800
0.006464	6.160000	0.010800
0.006468	6.080000	0.010800
0.006472	6.080000	0.010800
0.006476	6.080000	0.010800
0.006480	6.080000	0.010800
0.006484	6.160000	0.010800
0.006488	6.080000	0.010800
0.006492	6.080000	0.010800
0.006496	6.080000	0.010800
0.006500	6.080000	0.011200
0.006504	6.080000	0.011200
0.006508	6.080000	0.011200
0.006512	6.080000	0.010800
0.006516	6.080000	0.010800
0.006520	6.080000	0.010800
0.006524	6.080000	0.011200
0.006528	6.080000	0.011200
0.006532	6.080000	0.011200
0.006536	6.080000	0.011200
0.006540	6.080000	0.011200
0.006544	6.080000	0.011200
0.006548	6.080000	0.011200
0.006552	6.080000	0.011200
0.006556	6.080000	0.011200
0.006560	6.080000	0.011200
0.006564	6.080000	0.011200
0.006568	6.080000	0.011200
0.006572	6.080000	0.011200
0.006576	6.080000	0.011200
0.006580	6.080000	0.011200
0.006584	6.080000	0.011600
0.006588	6.080000	0.011200
0.006592	6.080000	0.011600
0.006596	6.080000	0.011600
0.006600	6.080000	0.011600
0.006604	6.080000	0.011600
0.006608	6.080000	0.011600
0.006612	6.080000	0.011200
0.006616	6.080000	0.011600
0.006620	6.080000	0.011600
0.006624	6.080000	0.011200
0.006628	6.080000	0.011600
0.006632	6.080000	0.011600
0.006636	6.080000	0.011600
0.006640	6.080000	0.011600
0.006644	6.080000	0.011600
0.006648	6.080000	0.011600
0.006652	6.080000	0.011600
0.006656	6.080000	0.011600
0.006660	6.080000	0.011600
0.006664	6.080000	0.011600
0.006668	6.080000	0.011600
0.006672	6.080000	0.012000
0.006676	6.080000	0.012000
0.006680	6.080000	0.012000
0.006684	6.080000	0.012000
0.006688	6.080000	0.011600
0.006692	6.080000	0.012000
0.006696	6.080000	0.012000
0.006700	6.080000	0.012000
0.006704	6.080000	0.011600
0.006708	6.080000	0.012000
0.006712	6.080000	0.012000
0.006716	6.080000	0.011600
0.006720	6.080000	0.012000
0.006724	6.080000	0.012000
0.006728	6.080000	0.012000
0.006732	6.080000	0.012000
0.006736	6.080000	0.012000
0.006740	6.080000	0.012000
0.006744	6.080000	0.012000
0.006748	6.080000	0.012000
0.006752	6.080000	0.012000
0.006756	6.080000	0.012000
0.006760	6.080000	0.012000
0.006764	6.080000	0.012000
0.006768	6.080000	0.012000
0.006772	6.080000	0.012000
0.006776	6.080000	0.012000
0.006780	6.080000	0.012000
0.006784	6.080000	0.012400
0.006788	6.080000	0.012000
0.006792	6.080000	0.012000
0.006796	6.080000	0.012400
0.006800	6.080000	0.012400
0.006804	6.080000	0.012400
0.006808	6.080000	0.012000
0.006812	6.080000	0.012400
0.006816	6.080000	0.012400
0.006820	6.080000	0.012400
0.006824	6.080000	0.012400
0.006828	6.080000	0.012400
0.006832	6.080000	0.012400
0.006836	6.080000	0.012400
0.006840	6.080000	0.012400
0.006844	6.080000	0.012400
0.006848	6.080000	0.012400
0.006852	6.080000	0.012400
0.006856	6.080000	0.012400
0.006860	6.080000	0.012400
0.006864	6.080000	0.012400
0.006868	6.080000	0.012400
0.006872	6.080000	0.012400
0.006876	6.080000	0.012400
0.006880	6.080000	0.012400
0.006884	6.080000	0.012800
0.006888	6.000000	0.012800
0.006892	6.000000	0.012800
0.006896	6.080000	0.012400
0.006900	6.000000	0.012800
0.006904	6.080000	0.012800
0.006908	6.080000	0.012800
0.006912	6.000000	0.012400
0.006916	6.000000	0.012400
0.006920	6.000000	0.012400
0.006924	6.000000	0.012400
0.006928	6.000000	0.012800
0.006932	6.000000	0.012800
0.006936	6.000000	0.012800
0.006940	6.080000	0.012800
0.006944	6.000000	0.012800
0.006948	6.000000	0.012800
0.006952	6.000000	0.012800
0.006956	6.000000	0.012800
0.006960	6.000000	0.012800
0.006964	6.000000	0.012800
0.006968	6.000000	0.012800
0.006972	6.000000	0.012800
0.006976	6.000000	0.012800
0.006980	6.000000	0.012800
0.006984	6.000000	0.012800
0.006988	6.000000	0.012800
0.006992	6.000000	0.012800
0.006996	6.000000	0.012800
0.007000	6.000000	0.012800
0.007004	6.000000	0.012800
0.007008	6.000000	0.012800
0.007012	6.000000	0.012800
0.007016	6.000000	0.012800
0.007020	6.000000	0.012800
0.007024	6.000000	0.012800
0.007028	6.000000	0.012800
0.007032	6.000000	0.013200
0.007036	6.000000	0.012800
0.007040	6.000000	0.012800
0.007044	6.000000	0.013200
0.007048	6.000000	0.012800
0.007052	6.000000	0.012800
0.007056	6.000000	0.013200
0.007060	6.000000	0.012800
0.007064	6.000000	0.012800
0.007068	6.000000	0.013200
0.007072	6.000000	0.012800
0.007076	6.000000	0.013200
0.007080	6.000000	0.013200
0.007084	6.000000	0.013200
0.007088	6.000000	0.013200
0.007092	6.000000	0.013200
0.007096	6.000000	0.013200
0.007100	6.000000	0.013200
0.007104	6.000000	0.013200
0.007108	6.000000	0.013200
0.007112	6.000000	0.013200
0.007116	6.000000	0.013200
0.007120	6.000000	0.012800
0.007124	6.000000	0.012800
0.007128	6.000000	0.013200
0.007132	6.000000	0.013200
0.007136	6.000000	0.012800
0.007140	6.000000	0.013200
0.007144	6.000000	0.013200
0.007148	6.000000	0.012800
0.007152	6.000000	0.012800
0.007156	6.000000	0.013200
0.007160	6.000000	0.012800
0.007164	6.000000	0.012800
0.007168	6.000000	0.012800
0.007172	6.000000	0.012800
0.007176	6.000000	0.012800
0.007180	6.000000	0.012800
0.007184	6.000000	0.012800
0.007188	6.000000	0.012400
0.007192	6.000000	0.012400
0.007196	6.000000	0.012400
0.007200	6.000000	0.012400
0.007204	6.000000	0.012400
0.007208	6.000000	0.012000
0.007212	6.000000	0.012000
0.007216	6.000000	0.012000
0.007220	6.000000	0.012000
0.007224	6.000000	0.011600
0.007228	6.000000	0.011200
0.007232	6.000000	0.011200
0.007236	6.000000	0.011200
0.007240	6.000000	0.010800
0.007244	6.000000	0.010400
0.007248	6.000000	0.010400
0.007252	6.000000	0.009600
0.007256	6.000000	0.009200
0.007260	6.000000	0.008800
0.007264	6.000000	0.008400
0.007268	6.000000	0.007600
0.007272	6.000000	0.007200
0.007276	6.000000	0.006400
0.007280	6.000000	0.005600
0.007284	6.000000	0.004800
0.007288	6.000000	0.004000
0.007292	6.000000	0.002800
0.007296	6.000000	0.002000
0.007300	6.000000	0.000800
0.007304	6.000000	-0.000400
0.007308	6.000000	-0.001200
0.007312	6.000000	-0.002400
0.007316	6.000000	-0.003600
0.007320	6.000000	-0.004400
0.007324	6.000000	-0.006000
0.007328	6.000000	-0.006800
0.007332	6.000000	-0.008000
0.007336	6.000000	-0.009200
0.007340	6.000000	-0.010400
0.007344	6.000000	-0.011200
0.007348	6.000000	-0.012400
0.007352	6.000000	-0.013200
0.007356	6.000000	-0.014400
0.007360	6.000000	-0.015200
0.007364	6.000000	-0.016000
0.007368	6.000000	-0.017200
0.007372	6.000000	-0.017600
0.007376	6.000000	-0.018400
0.007380	6.000000	-0.019200
0.007384	6.000000	-0.020000
0.007388	6.000000	-0.020400
0.007392	6.000000	-0.020800
0.007396	6.000000	-0.021200
0.007400	6.000000	-0.021600
0.007404	6.000000	-0.022000
0.007408	6.000000	-0.022400
0.007412	6.000000	-0.022400
0.007416	6.000000	-0.022800
0.007420	6.000000	-0.023200
0.007424	6.000000	-0.023200
0.007428	6.000000	-0.023200
0.007432	6.000000	-0.023200
0.007436	6.000000	-0.023200
0.007440	6.000000	-0.023200
0.007444	6.000000	-0.023600
0.007448	6.000000	-0.023200
0.007452	6.000000	-0.023200
0.007456	6.000000	-0.023200
0.007460	6.000000	-0.023200
0.007464	6.000000	-0.022800
0.007468	6.000000	-0.022800
0.007472	6.000000	-0.022800
0.007476	6.000000	-0.022400
0.007480	6.000000	-0.022400
0.007484	5.920000	-0.022400
0.007488	6.000000	-0.022000
0.007492	6.000000	-0.022000
0.007496	6.000000	-0.021600
0.007500	6.000000	-0.021600
0.007504	6.000000	-0.021600
0.007508	6.000000	-0.021600
0.007512	6.000000	-0.021200
0.007516	6.000000	-0.020800
0.007520	5.920000	-0.020800
0.007524	6.000000	-0.020800
0.007528	5.920000	-0.020400
0.007532	5.920000	-0.020400
0.007536	6.000000	-0.020400
0.007540	5.920000	-0.020000
0.007544	6.000000	-0.020000
0.007548	5.920000	-0.020000
0.007552	6.000000	-0.020000
0.007556	5.920000	-0.019600
0.007560	5.920000	-0.019600
0.007564	5.920000	-0.019600
0.007568	5.920000	-0.019600
0.007572	5.920000	-0.019600
0.007576	5.920000	-0.019200
0.007580	5.920000	-0.019200
0.007584	5.920000	-0.019200
0.007588	5.920000	-0.018800
0.007592	5.920000	-0.019200
0.007596	5.920000	-0.018800
0.007600	5.920000	-0.018800
0.007604	5.920000	-0.018800
0.007608	5.920000	-0.018800
0.007612	5.920000	-0.018800
0.007616	5.920000	-0.018800
0.007620	5.920000	-0.018800
0.007624	5.920000	-0.018400
0.007628	5.920000	-0.018400
0.007632	5.920000	-0.018400
0.007636	5.920000	-0.018400
0.007640	5.920000	-0.018400
0.007644	5.920000	-0.018400
0.007648	5.920000	-0.018400
0.007652	5.920000	-0.018000
0.007656	5.920000	-0.018000
0.007660	5.920000	-0.018000
0.007664	5.920000	-0.018000
0.007668	5.920000	-0.018000
0.007672	5.920000	-0.018000
0.007676	5.920000	-0.018000
0.007680	5.920000	-0.018000
0.007684	5.920000	-0.017600
0.007688	5.920000	-0.017600
0.007692	5.920000	-0.017600
0.007696	5.920000	-0.017600
0.007700	5.920000	-0.017600
0.007704	5.920000	-0.017600
0.007708	5.920000	-0.017600
0.007712	5.920000	-0.017200
0.007716	5.920000	-0.017200
0.007720	5.920000	-0.017200
0.007724	5.920000	-0.017200
0.007728	5.920000	-0.017200
0.007732	5.920000	-0.017200
0.007736	5.920000	-0.017200
0.007740	5.920000	-0.016800
0.007744	5.920000	-0.016800
0.007748	5.920000	-0.016800
0.007752	5.920000	-0.016800
0.007756	5.920000	-0.016800
0.007760	5.920000	-0.016400
0.007764	5.920000	-0.016400
0.007768	5.920000	-0.016400
0.007772	5.920000	-0.016400
0.007776	5.920000	-0.016000
0.007780	5.920000	-0.016400
0.007784	5.920000	-0.016000
0.007788	5.920000	-0.016400
0.007792	5.920000	-0.016000
0.007796	5.920000	-0.016000
0.007800	5.920000	-0.016000
0.007804	5.920000	-0.016000
0.007808	5.920000	-0.015600
0.007812	5.920000	-0.015600
0.007816	5.920000	-0.015600
0.007820	5.920000	-0.015600
0.007824	5.920000	-0.015600
0.007828	5.920000	-0.015600
0.007832	5.920000	-0.015600
0.007836	5.920000	-0.015200
0.007840	5.920000	-0.015200
0.007844	5.920000	-0.015200
0.007848	5.920000	-0.015200
0.007852	5.920000	-0.015200
0.007856	5.920000	-0.015200
0.007860	5.920000	-0.014800
0.007864	5.920000	-0.014800
0.007868	5.920000	-0.014800
0.007872	5.920000	-0.014800
0.007876	5.920000	-0.014800
0.007880	5.920000	-0.014800
0.007884	5.920000	-0.014400
0.007888	5.920000	-0.014400
0.007892	5.920000	-0.014400
0.007896	5.920000	-0.014400
0.007900	5.920000	-0.014400
0.007904	5.920000	-0.014400
0.007908	5.920000	-0.014400
0.007912	5.920000	-0.014400
0.007916	5.920000	-0.014000
0.007920	5.920000	-0.014000
0.007924	5.920000	-0.014000
0.007928	5.920000	-0.014000
0.007932	5.920000	-0.014000
0.007936	5.920000	-0.014000
0.007940	5.920000	-0.013600
0.007944	5.920000	-0.014000
0.007948	5.920000	-0.013600
0.007952	5.920000	-0.013600
0.007956	5.920000	-0.013600
0.007960	5.920000	-0.013600
0.007964	5.920000	-0.013600
0.007968	5.920000	-0.013600
0.007972	5.920000	-0.013600
0.007976	5.920000	-0.013200
0.007980	5.920000	-0.013200
0.007984	5.920000	-0.013200
0.007988	5.840000	-0.013200
0.007992	5.920000	-0.013200
0.007996	5.920000	-0.013200
0.008000	5.920000	-0.013200
0.008004	5.840000	-0.012800
0.008008	5.920000	-0.012800
0.008012	5.920000	-0.012800
0.008016	5.920000	-0.012800
0.008020	5.920000	-0.012800
0.008024	5.840000	-0.012800
0.008028	5.840000	-0.012800
0.008032	5.920000	-0.012400
0.008036	5.840000	-0.012400
0.008040	5.840000	-0.012400
0.008044	5.920000	-0.012400
0.008048	5.840000	-0.012400
0.008052	5.920000	-0.012400
0.008056	5.840000	-0.012000
0.008060	5.840000	-0.012000
0.008064	5.840000	-0.012000
0.008068	5.840000	-0.012000
0.008072	5.840000	-0.012000
0.008076	5.840000	-0.012000
0.008080	5.840000	-0.012000
0.008084	5.840000	-0.011600
0.008088	5.840000	-0.012000
0.008092	5.840000	-0.011600
0.008096	5.840000	-0.011600
0.008100	5.840000	-0.011600
0.008104	5.840000	-0.011600
0.008108	5.840000	-0.011200
0.008112	5.840000	-0.011200
0.008116	5.840000	-0.011200
0.008120	5.840000	-0.011200
0.008124	5.840000	-0.011200
0.008128	5.840000	-0.011200
0.008132	5.840000	-0.010800
0.008136	5.840000	-0.011200
0.008140	5.840000	-0.010800
0.008144	5.840000	-0.010800
0.008148	5.840000	-0.010800
0.008152	5.840000	-0.010800
0.008156	5.840000	-0.010800
0.008160	5.840000	-0.010800
0.008164	5.840000	-0.010400
0.008168	5.840000	-0.010400
0.008172	5.840000	-0.010800
0.008176	5.840000	-0.010400
0.008180	5.840000	-0.010400
0.008184	5.840000	-0.010400
0.008188	5.840000	-0.010400
0.008192	5.840000	-0.010000
0.008196	5.840000	-0.010000
0.008200	5.840000	-0.010000
0.008204	5.840000	-0.010000
0.008208	5.840000	-0.010000
0.008212	5.840000	-0.010000
0.008216	5.840000	-0.009600
0.008220	5.840000	-0.010000
0.008224	5.840000	-0.010000
0.008228	5.840000	-0.010000
0.008232	5.840000	-0.009600
0.008236	5.840000	-0.009600
0.008240	5.840000	-0.009600
0.008244	5.840000	-0.009600
0.008248	5.840000	-0.009600
0.008252	5.840000	-0.009200
0.008256	5.840000	-0.009600
0.008260	5.840000	-0.009200
0.008264	5.840000	-0.009200
0.008268	5.840000	-0.009200
0.008272	5.840000	-0.009200
0.008276	5.840000	-0.009200
0.008280	5.840000	-0.009200
0.008284	5.840000	-0.009200
0.008288	5.840000	-0.009200
0.008292	5.840000	-0.009200
0.008296	5.840000	-0.008800
0.008300	5.840000	-0.008800
0.008304	5.840000	-0.008800
0.008308	5.840000	-0.008800
0.008312	5.840000	-0.008800
0.008316	5.840000	-0.008800
0.008320	5.840000	-0.008800
0.008324	5.840000	-0.008800
0.008328	5.840000	-0.008400
0.008332	5.840000	-0.008400
0.008336	5.840000	-0.008400
0.008340	5.840000	-0.008400
0.008344	5.840000	-0.008400
0.008348	5.840000	-0.008400
0.008352	5.840000	-0.008400
0.008356	5.840000	-0.008000
0.008360	5.840000	-0.008000
0.008364	5.840000	-0.008000
0.008368	5.840000	-0.008000
0.008372	5.840000	-0.008000
0.008376	5.840000	-0.008000
0.008380	5.840000	-0.008000
0.008384	5.840000	-0.008000
0.008388	5.840000	-0.007600
0.008392	5.840000	-0.007600
0.008396	5.840000	-0.007600
0.008400	5.840000	-0.007600
0.008404	5.840000	-0.007600
0.008408	5.840000	-0.007600
0.008412	5.840000	-0.007600
0.008416	5.840000	-0.007200
0.008420	5.840000	-0.007600
0.008424	5.840000	-0.007600
0.008428	5.840000	-0.007600
0.008432	5.840000	-0.007200
0.008436	5.840000	-0.007200
0.008440	5.840000	-0.007200
0.008444	5.840000	-0.007200
0.008448	5.840000	-0.006800
0.008452	5.840000	-0.007200
0.008456	5.840000	-0.007200
0.008460	5.840000	-0.006800
0.008464	5.840000	-0.006800
0.008468	5.840000	-0.006800
0.008472	5.840000	-0.006800
0.008476	5.840000	-0.006800
0.008480	5.840000	-0.006800
0.008484	5.840000	-0.006800
0.008488	5.840000	-0.006400
0.008492	5.840000	-0.006800
0.008496	5.840000	-0.006400
0.008500	5.840000	-0.006400
0.008504	5.840000	-0.006400
0.008508	5.840000	-0.006400
0.008512	5.840000	-0.006400
0.008516	5.840000	-0.006400
0.008520	5.840000	-0.006400
0.008524	5.840000	-0.006000
0.008528	5.840000	-0.006000
0.008532	5.840000	-0.006000
0.008536	5.840000	-0.006000
0.008540	5.840000	-0.006000
0.008544	5.840000	-0.006000
0.008548	5.840000	-0.006000
0.008552	5.840000	-0.005600
0.008556	5.840000	-0.006000
0.008560	5.840000	-0.005600
0.008564	5.840000	-0.005600
0.008568	5.840000	-0.005600
0.008572	5.840000	-0.005600
0.008576	5.840000	-0.005600
0.008580	5.840000	-0.005600
0.008584	5.840000	-0.005600
0.008588	5.840000	-0.005600
0.008592	5.840000	-0.005200
0.008596	5.840000	-0.005600
0.008600	5.840000	-0.005200
0.008604	5.840000	-0.005200
0.008608	5.840000	-0.005200
0.008612	5.840000	-0.005200
0.008616	5.840000	-0.005200
0.008620	5.840000	-0.005200
0.008624	5.840000	-0.005200
0.008628	5.840000	-0.005200
0.008632	5.840000	-0.004800
0.008636	5.840000	-0.004800
0.008640	5.840000	-0.004800
0.008644	5.840000	-0.004800
0.008648	5.840000	-0.004800
0.008652	5.840000	-0.004800
0.008656	5.840000	-0.004800
0.008660	5.840000	-0.004800
0.008664	5.840000	-0.004400
0.008668	5.840000	-0.004400
0.008672	5.840000	-0.004400
0.008676	5.840000	-0.004400
0.008680	5.840000	-0.004400
0.008684	5.840000	-0.004400
0.008688	5.840000	-0.004400
0.008692	5.840000	-0.004400
0.008696	5.840000	-0.004000
0.008700	5.840000	-0.004000
0.008704	5.840000	-0.004000
0.008708	5.840000	-0.004000
0.008712	5.840000	-0.004000
0.008716	5.840000	-0.004000
0.008720	5.840000	-0.004000
0.008724	5.840000	-0.003600
0.008728	5.840000	-0.003600
0.008732	5.840000	-0.004000
0.008736	5.840000	-0.004000
0.008740	5.840000	-0.003600
0.008744	5.840000	-0.004000
0.008748	5.840000	-0.003600
0.008752	5.840000	-0.003600
0.008756	5.840000	-0.003600
0.008760	5.840000	-0.003600
0.008764	5.840000	-0.003600
0.008768	5.840000	-0.003600
0.008772	5.840000	-0.003600
0.008776	5.840000	-0.003600
0.008780	5.840000	-0.003200
0.008784	5.840000	-0.003200
0.008788	5.840000	-0.003200
0.008792	5.840000	-0.003200
0.008796	5.840000	-0.003200
0.008800	5.840000	-0.003200
0.008804	5.840000	-0.003200
0.008808	5.840000	-0.003200
0.008812	5.840000	-0.003200
0.008816	5.840000	-0.002800
0.008820	5.760000	-0.003200
0.008824	5.760000	-0.002800
0.008828	5.840000	-0.003200
0.008832	5.760000	-0.002800
0.008836	5.840000	-0.002800
0.008840	5.840000	-0.002800
0.008844	5.760000	-0.002800
0.008848	5.760000	-0.002800
0.008852	5.840000	-0.002800
0.008856	5.840000	-0.002800
0.008860	5.760000	-0.002400
0.008864	5.760000	-0.002400
0.008868	5.840000	-0.002400
0.008872	5.840000	-0.002400
0.008876	5.760000	-0.002400
0.008880	5.840000	-0.002400
0.008884	5.760000	-0.002400
0.008888	5.840000	-0.002400
0.008892	5.760000	-0.002400
0.008896	5.760000	-0.002000
0.008900	5.840000	-0.002000
0.008904	5.840000	-0.002000
0.008908	5.760000	-0.002000
0.008912	5.760000	-0.002000
0.008916	5.760000	-0.002000
0.008920	5.840000	-0.002000
0.008924	5.760000	-0.002000
0.008928	5.760000	-0.002000
0.008932	5.840000	-0.001600
0.008936	5.840000	-0.001600
0.008940	5.760000	-0.001600
0.008944	5.760000	-0.001600
0.008948	5.760000	-0.002000
0.008952	5.760000	-0.001600
0.008956	5.760000	-0.001600
0.008960	5.760000	-0.001600
0.008964	5.760000	-0.001600
0.008968	5.760000	-0.001600
0.008972	5.840000	-0.001600
0.008976	5.760000	-0.001200
0.008980	5.760000	-0.001200
0.008984	5.760000	-0.001600
0.008988	5.760000	-0.001200
0.008992	5.760000	-0.001200
0.008996	5.760000	-0.001200
0.009000	5.760000	-0.001200
0.009004	5.760000	-0.001200
0.009008	5.760000	-0.001200
0.009012	5.760000	-0.001200
0.009016	5.760000	-0.000800
0.009020	5.760000	-0.000800
0.009024	5.760000	-0.000800
0.009028	5.760000	-0.000800
0.009032	5.760000	-0.000800
0.009036	5.760000	-0.000800
0.009040	5.760000	-0.000800
0.009044	5.760000	-0.000800
0.009048	5.760000	-0.000800
0.009052	5.760000	-0.000800
0.009056	5.760000	-0.000800
0.009060	5.760000	-0.000800
0.009064	5.760000	-0.000800
0.009068	5.760000	-0.000400
0.009072	5.760000	-0.000400
0.009076	5.760000	-0.000400
0.009080	5.760000	-0.000400
0.009084	5.760000	-0.000400
0.009088	5.760000	-0.000400
0.009092	5.760000	-0.000400
0.009096	5.760000	-0.000400
0.009100	5.760000	-0.000400
0.009104	5.760000	-0.000400
0.009108	5.760000	-0.000400
0.009112	5.760000	0.000000
0.009116	5.760000	0.000000
0.009120	5.760000	0.000000
0.009124	5.760000	0.000000
0.009128	5.760000	0.000000
0.009132	5.760000	0.000000
0.009136	5.760000	0.000000
0.009140	5.760000	0.000400
0.009144	5.760000	0.000000
0.009148	5.760000	0.000400
0.009152	5.760000	0.000400
0.009156	5.760000	0.000400
0.009160	5.760000	0.000400
0.009164	5.760000	0.000400
0.009168	5.760000	0.000400
0.009172	5.760000	0.000400
0.009176	5.760000	0.000400
0.009180	5.760000	0.000400
0.009184	5.760000	0.000800
0.009188	5.760000	0.000400
0.009192	5.760000	0.000400
0.009196	5.760000	0.000800
0.009200	5.760000	0.000800
0.009204	5.760000	0.000800
0.009208	5.760000	0.000800
0.009212	5.760000	0.000800
0.009216	5.760000	0.000800
0.009220	5.760000	0.000800
0.009224	5.760000	0.000800
0.009228	5.760000	0.000800
0.009232	5.760000	0.000800
0.009236	5.760000	0.000800
0.009240	5.760000	0.001200
0.009244	5.760000	0.001200
0.009248	5.760000	0.001200
0.009252	5.760000	0.001200
0.009256	5.760000	0.001200
0.009260	5.760000	0.001200
0.009264	5.760000	0.001200
0.009268	5.760000	0.001200
0.009272	5.760000	0.001200
0.009276	5.760000	0.001200
0.009280	5.760000	0.001200
0.009284	5.760000	0.001600
0.009288	5.760000	0.001600
0.009292	5.760000	0.001600
0.009296	5.760000	0.001600
0.009300	5.760000	0.001600
0.009304	5.760000	0.001600
0.009308	5.760000	0.001600
0.009312	5.760000	0.001600
0.009316	5.760000	0.001600
0.009320	5.760000	0.001600
0.009324	5.760000	0.001600
0.009328	5.760000	0.002000
0.009332	5.760000	0.002000
0.009336	5.760000	0.002000
0.009340	5.760000	0.001600
0.009344	5.760000	0.002000
0.009348	5.760000	0.002000
0.009352	5.760000	0.002000
0.009356	5.760000	0.002000
0.009360	5.760000	0.002000
0.009364	5.760000	0.002000
0.009368	5.760000	0.002000
0.009372	5.760000	0.002000
0.009376	5.760000	0.002400
0.009380	5.760000	0.002000
0.009384	5.760000	0.002000
0.009388	5.760000	0.002400
0.009392	5.760000	0.002400
0.009396	5.760000	0.002000
0.009400	5.760000	0.002400
0.009404	5.760000	0.002400
0.009408	5.760000	0.002400
0.009412	5.760000	0.002400
0.009416	5.760000	0.002400
0.009420	5.760000	0.002400
0.009424	5.760000	0.002400
0.009428	5.760000	0.002400
0.009432	5.760000	0.002800
0.009436	5.760000	0.002800
0.009440	5.760000	0.002800
0.009444	5.760000	0.002800
0.009448	5.760000	0.002800
0.009452	5.760000	0.002800
0.009456	5.760000	0.002800
0.009460	5.760000	0.002800
0.009464	5.760000	0.002800
0.009468	5.760000	0.002800
0.009472	5.760000	0.003200
0.009476	5.760000	0.002800
0.009480	5.760000	0.003200
0.009484	5.760000	0.003200
0.009488	5.760000	0.003200
0.009492	5.760000	0.003200
0.009496	5.760000	0.003200
0.009500	5.760000	0.003200
0.009504	5.760000	0.003200
0.009508	5.760000	0.003200
0.009512	5.760000	0.003200
0.009516	5.760000	0.003600
0.009520	5.760000	0.003600
0.009524	5.760000	0.003200
0.009528	5.760000	0.003200
0.009532	5.760000	0.003600
0.009536	5.760000	0.003600
0.009540	5.760000	0.003600
0.009544	5.760000	0.003600
0.009548	5.760000	0.003600
0.009552	5.760000	0.003600
0.009556	5.760000	0.003600
0.009560	5.760000	0.003600
0.009564	5.760000	0.003600
0.009568	5.760000	0.003600
0.009572	5.760000	0.003600
0.009576	5.760000	0.004000
0.009580	5.760000	0.004000
0.009584	5.760000	0.003600
0.009588	5.760000	0.004000
0.009592	5.760000	0.004000
0.009596	5.760000	0.003600
0.009600	5.760000	0.004000
0.009604	5.760000	0.004000
0.009608	5.760000	0.004000
0.009612	5.760000	0.004000
0.009616	5.760000	0.004000
0.009620	5.760000	0.004000
0.009624	5.760000	0.004000
0.009628	5.760000	0.004000
0.009632	5.760000	0.004400
0.009636	5.760000	0.004000
0.009640	5.760000	0.004400
0.009644	5.760000	0.004400
0.009648	5.760000	0.004400
0.009652	5.760000	0.004400
0.009656	5.760000	0.004400
0.009660	5.760000	0.004400
0.009664	5.760000	0.004400
0.009668	5.760000	0.004400
0.009672	5.760000	0.004400
0.009676	5.760000	0.004400
0.009680	5.760000	0.004800
0.009684	5.760000	0.004800
0.009688	5.760000	0.004800
0.009692	5.760000	0.004800
0.009696	5.760000	0.004800
0.009700	5.760000	0.004800
0.009704	5.760000	0.004800
0.009708	5.760000	0.004800
0.009712	5.760000	0.004800
0.009716	5.760000	0.004800
0.009720	5.760000	0.004800
0.009724	5.760000	0.004800
0.009728	5.760000	0.004800
0.009732	5.760000	0.004800
0.009736	5.760000	0.004800
0.009740	5.680000	0.005200
0.009744	5.760000	0.005200
0.009748	5.760000	0.005200
0.009752	5.760000	0.005200
0.009756	5.760000	0.005200
0.009760	5.760000	0.005200
0.009764	5.760000	0.005200
0.009768	5.760000	0.005200
0.009772	5.760000	0.005200
0.009776	5.760000	0.005200
0.009780	5.760000	0.005200
0.009784	5.760000	0.005600
0.009788	5.760000	0.005200
0.009792	5.760000	0.005200
0.009796	5.760000	0.005200
0.009800	5.760000	0.005200
0.009804	5.760000	0.005200
0.009808	5.680000	0.005200
0.009812	5.680000	0.005200
0.009816	5.760000	0.005600
0.009820	5.680000	0.005600
0.009824	5.760000	0.005600
0.009828	5.760000	0.005600
0.009832	5.680000	0.005600
0.009836	5.680000	0.005600
0.009840	5.760000	0.005600
0.009844	5.760000	0.005600
0.009848	5.760000	0.005600
0.009852	5.680000	0.006000
0.009856	5.680000	0.006000
0.009860	5.680000	0.005600
0.009864	5.760000	0.006000
0.009868	5.680000	0.006000
0.009872	5.680000	0.006000
0.009876	5.680000	0.006000
0.009880	5.680000	0.006000
0.009884	5.680000	0.006000
0.009888	5.680000	0.006000
0.009892	5.680000	0.006000
0.009896	5.680000	0.006000
0.009900	-5.920000	0.005600
0.009904	-6.160000	0.006000
0.009908	-6.240000	0.006400
0.009912	-6.240000	0.006000
0.009916	-6.240000	0.006000
0.009920	-6.240000	0.006400
0.009924	-6.240000	0.006400
0.009928	-6.240000	0.006400
0.009932	-6.240000	0.006400
0.009936	-6.240000	0.006400
0.009940	-6.240000	0.006400
0.009944	-6.240000	0.006400
0.009948	-6.240000	0.006400
0.009952	-6.240000	0.006400
0.009956	-6.240000	0.006400
0.009960	-6.240000	0.006800
0.009964	-6.240000	0.006400
0.009968	-6.240000	0.006800
0.009972	-6.240000	0.006800
0.009976	-6.240000	0.006800
0.009980	-6.240000	0.006800
0.009984	-6.240000	0.006800
0.009988	-6.240000	0.006800
0.009992	-6.240000	0.006800
0.009996	-6.240000	0.006800
