0.000000	-5.920000	0.012400
2.000000E-6	-5.920000	0.012400
4.000000E-6	-5.920000	0.012400
6.000000E-6	-5.920000	0.012400
8.000000E-6	-5.920000	0.012400
1.000000E-5	-5.920000	0.012400
1.200000E-5	-5.920000	0.012400
1.400000E-5	-5.920000	0.012400
1.600000E-5	-5.920000	0.012400
1.800000E-5	-5.920000	0.012400
2.000000E-5	-5.920000	0.012400
2.200000E-5	-5.920000	0.012400
2.400000E-5	-5.920000	0.012400
2.600000E-5	-5.920000	0.012400
2.800000E-5	-5.920000	0.012400
3.000000E-5	-5.920000	0.012400
3.200000E-5	-5.920000	0.012400
3.400000E-5	-5.920000	0.012400
3.600000E-5	-5.840000	0.012400
3.800000E-5	-5.920000	0.012400
4.000000E-5	-5.920000	0.012400
4.200000E-5	-5.840000	0.012400
4.400000E-5	-5.920000	0.012400
4.600000E-5	-5.920000	0.012400
4.800000E-5	-5.920000	0.012400
5.000000E-5	-5.920000	0.012400
5.200000E-5	-5.920000	0.012400
5.400000E-5	-5.840000	0.012400
5.600000E-5	-5.920000	0.012000
5.800000E-5	-5.920000	0.012400
6.000000E-5	-5.840000	0.012400
6.200000E-5	-5.840000	0.012400
6.400000E-5	-5.920000	0.012400
6.600000E-5	-5.840000	0.012400
6.800000E-5	-5.840000	0.012400
7.000000E-5	-5.840000	0.012400
7.200000E-5	-5.840000	0.012400
7.400000E-5	-5.920000	0.012400
7.600000E-5	-5.920000	0.012400
7.800000E-5	-5.840000	0.012400
8.000000E-5	-5.840000	0.012400
8.200000E-5	-5.840000	0.012400
8.400000E-5	-5.840000	0.012400
8.600000E-5	-5.840000	0.012400
8.800000E-5	-5.840000	0.012400
9.000000E-5	-5.840000	0.012400
9.200000E-5	-5.920000	0.012400
9.400000E-5	-5.840000	0.012400
9.600000E-5	-5.840000	0.012800
9.800000E-5	-5.840000	0.012400
0.000100	-5.840000	0.012400
0.000102	-5.840000	0.012400
0.000104	-5.840000	0.012400
0.000106	-5.840000	0.012400
0.000108	-5.840000	0.012400
0.000110	-5.840000	0.012400
0.000112	-5.840000	0.012400
0.000114	-5.840000	0.012400
0.000116	-5.840000	0.012400
0.000118	-5.840000	0.012400
0.000120	-5.840000	0.012400
0.000122	-5.840000	0.012400
0.000124	-5.840000	0.012400
0.000126	-5.840000	0.012400
0.000128	-5.840000	0.012400
0.000130	-5.840000	0.012400
0.000132	-5.840000	0.012400
0.000134	-5.840000	0.012400
0.000136	-5.840000	0.012400
0.000138	-5.840000	0.012400
0.000140	-5.840000	0.012400
0.000142	-5.840000	0.012400
0.000144	-5.840000	0.012800
0.000146	-5.840000	0.012400
0.000148	-5.840000	0.012400
0.000150	-5.840000	0.012400
0.000152	-5.840000	0.012400
0.000154	-5.840000	0.012400
0.000156	-5.840000	0.012400
0.000158	-5.840000	0.012400
0.000160	-5.840000	0.012400
0.000162	-5.840000	0.012400
0.000164	-5.840000	0.012400
0.000166	-5.840000	0.012400
0.000168	-5.840000	0.012400
0.000170	-5.840000	0.012400
0.000172	-5.840000	0.012400
0.000174	-5.840000	0.012400
0.000176	-5.840000	0.012400
0.000178	-5.840000	0.012400
0.000180	-5.840000	0.012400
0.000182	-5.840000	0.012400
0.000184	-5.840000	0.012400
0.000186	-5.840000	0.012400
0.000188	-5.840000	0.012400
0.000190	-5.840000	0.012400
0.000192	-5.840000	0.012400
0.000194	-5.840000	0.012400
0.000196	-5.840000	0.012400
0.000198	-5.840000	0.012400
0.000200	-5.840000	0.012400
0.000202	-5.840000	0.012400
0.000204	-5.840000	0.012400
0.000206	-5.840000	0.012400
0.000208	-5.840000	0.012400
0.000210	-5.840000	0.012400
0.000212	-5.840000	0.012400
0.000214	-5.840000	0.012000
0.000216	-5.840000	0.012400
0.000218	-5.840000	0.012400
0.000220	-5.840000	0.012400
0.000222	-5.840000	0.012400
0.000224	-5.840000	0.012400
0.000226	-5.840000	0.012000
0.000228	-5.840000	0.012400
0.000230	-5.840000	0.012400
0.000232	-5.840000	0.012000
0.000234	-5.840000	0.012000
0.000236	-5.840000	0.012000
0.000238	-5.840000	0.012000
0.000240	-5.840000	0.012000
0.000242	-5.840000	0.012400
0.000244	-5.840000	0.012000
0.000246	-5.840000	0.012000
0.000248	-5.840000	0.012000
0.000250	-5.840000	0.012000
0.000252	-5.840000	0.012000
0.000254	-5.840000	0.011600
0.000256	-5.840000	0.012000
0.000258	-5.840000	0.012000
0.000260	-5.840000	0.011600
0.000262	-5.840000	0.012000
0.000264	-5.840000	0.011600
0.000266	-5.840000	0.011600
0.000268	-5.840000	0.011600
0.000270	-5.840000	0.011600
0.000272	-5.840000	0.011600
0.000274	-5.840000	0.011600
0.000276	-5.840000	0.011600
0.000278	-5.840000	0.011600
0.000280	-5.840000	0.011600
0.000282	-5.840000	0.011600
0.000284	-5.840000	0.011200
0.000286	-5.840000	0.011600
0.000288	-5.840000	0.011200
0.000290	-5.840000	0.011200
0.000292	-5.840000	0.011200
0.000294	-5.840000	0.011200
0.000296	-5.840000	0.011200
0.000298	-5.840000	0.011200
0.000300	-5.840000	0.010800
0.000302	-5.840000	0.010800
0.000304	-5.840000	0.010800
0.000306	-5.840000	0.010800
0.000308	-5.840000	0.010800
0.000310	-5.840000	0.010800
0.000312	-5.840000	0.010800
0.000314	-5.840000	0.010800
0.000316	-5.840000	0.010400
0.000318	-5.840000	0.010400
0.000320	-5.840000	0.010400
0.000322	-5.840000	0.010400
0.000324	-5.840000	0.010000
0.000326	-5.840000	0.010000
0.000328	-5.840000	0.010000
0.000330	-5.840000	0.010000
0.000332	-5.840000	0.009600
0.000334	-5.840000	0.009600
0.000336	-5.840000	0.009600
0.000338	-5.840000	0.009600
0.000340	-5.840000	0.009600
0.000342	-5.840000	0.009200
0.000344	-5.840000	0.009200
0.000346	-5.840000	0.008800
0.000348	-5.840000	0.008800
0.000350	-5.840000	0.008800
0.000352	-5.840000	0.008800
0.000354	-5.840000	0.008400
0.000356	-5.840000	0.008400
0.000358	-5.840000	0.008000
0.000360	-5.840000	0.008000
0.000362	-5.840000	0.007600
0.000364	-5.840000	0.007600
0.000366	-5.840000	0.007200
0.000368	-5.840000	0.007200
0.000370	-5.840000	0.006800
0.000372	-5.840000	0.006800
0.000374	-5.840000	0.006400
0.000376	-5.840000	0.006400
0.000378	-5.840000	0.006000
0.000380	-5.840000	0.005600
0.000382	-5.840000	0.005600
0.000384	-5.840000	0.005200
0.000386	-5.840000	0.005200
0.000388	-5.840000	0.004800
0.000390	-5.840000	0.004400
0.000392	-5.840000	0.004400
0.000394	-5.840000	0.004000
0.000396	-5.840000	0.003600
0.000398	-5.840000	0.003600
0.000400	-5.840000	0.003200
0.000402	-5.840000	0.002800
0.000404	-5.840000	0.002400
0.000406	-5.840000	0.002000
0.000408	-5.840000	0.001600
0.000410	-5.840000	0.001200
0.000412	-5.840000	0.000800
0.000414	-5.760000	0.000400
0.000416	-5.840000	0.000000
0.000418	-5.840000	-0.000400
0.000420	-5.760000	-0.000800
0.000422	-5.840000	-0.001200
0.000424	-5.760000	-0.001600
0.000426	-5.840000	-0.002000
0.000428	-5.840000	-0.002400
0.000430	-5.760000	-0.002800
0.000432	-5.840000	-0.003200
0.000434	-5.760000	-0.003600
0.000436	-5.760000	-0.004000
0.000438	-5.760000	-0.004400
0.000440	-5.760000	-0.004800
0.000442	-5.840000	-0.005600
0.000444	-5.760000	-0.006000
0.000446	-5.840000	-0.006400
0.000448	-5.760000	-0.006800
0.000450	-5.760000	-0.007200
0.000452	-5.840000	-0.007600
0.000454	-5.760000	-0.008400
0.000456	-5.760000	-0.008800
0.000458	-5.760000	-0.009200
0.000460	-5.760000	-0.009600
0.000462	-5.840000	-0.010000
0.000464	-5.840000	-0.010400
0.000466	-5.840000	-0.010800
0.000468	-5.840000	-0.011200
0.000470	-5.840000	-0.011600
0.000472	-5.760000	-0.012000
0.000474	-5.840000	-0.012400
0.000476	-5.760000	-0.012800
0.000478	-5.760000	-0.013200
0.000480	-5.760000	-0.013600
0.000482	-5.760000	-0.014000
0.000484	-5.840000	-0.014400
0.000486	-5.760000	-0.014800
0.000488	-5.760000	-0.015200
0.000490	-5.760000	-0.015600
0.000492	-5.760000	-0.016000
0.000494	-5.760000	-0.016400
0.000496	-5.760000	-0.016400
0.000498	-5.760000	-0.016800
0.000500	-5.760000	-0.017200
0.000502	-5.760000	-0.017600
0.000504	-5.760000	-0.018000
0.000506	-5.760000	-0.018400
0.000508	-5.760000	-0.018400
0.000510	-5.760000	-0.018800
0.000512	-5.760000	-0.018800
0.000514	-5.760000	-0.019200
0.000516	-5.760000	-0.019600
0.000518	-5.760000	-0.019600
0.000520	-5.760000	-0.020000
0.000522	-5.760000	-0.020000
0.000524	-5.760000	-0.020000
0.000526	-5.760000	-0.020400
0.000528	-5.760000	-0.020800
0.000530	-5.760000	-0.020800
0.000532	-5.760000	-0.020800
0.000534	-5.760000	-0.021200
0.000536	-5.760000	-0.021200
0.000538	-5.760000	-0.021600
0.000540	-5.760000	-0.021600
0.000542	-5.760000	-0.021600
0.000544	-5.760000	-0.021600
0.000546	-5.760000	-0.021600
0.000548	-5.760000	-0.022000
0.000550	-5.760000	-0.022000
0.000552	-5.760000	-0.022000
0.000554	-5.760000	-0.022000
0.000556	-5.760000	-0.022400
0.000558	-5.760000	-0.022400
0.000560	-5.760000	-0.022400
0.000562	-5.760000	-0.022400
0.000564	-5.760000	-0.022400
0.000566	-5.760000	-0.022400
0.000568	-5.760000	-0.022400
0.000570	-5.760000	-0.022400
0.000572	-5.760000	-0.022400
0.000574	-5.760000	-0.022400
0.000576	-5.760000	-0.022400
0.000578	-5.760000	-0.022400
0.000580	-5.760000	-0.022400
0.000582	-5.760000	-0.022400
0.000584	-5.760000	-0.022400
0.000586	-5.760000	-0.022400
0.000588	-5.760000	-0.022400
0.000590	-5.760000	-0.022400
0.000592	-5.760000	-0.022400
0.000594	-5.760000	-0.022400
0.000596	-5.760000	-0.022400
0.000598	-5.760000	-0.022400
0.000600	-5.760000	-0.022000
0.000602	-5.760000	-0.022000
0.000604	-5.760000	-0.022000
0.000606	-5.760000	-0.022000
0.000608	-5.760000	-0.022000
0.000610	-5.760000	-0.022000
0.000612	-5.760000	-0.022000
0.000614	-5.760000	-0.022000
0.000616	-5.760000	-0.021600
0.000618	-5.760000	-0.021600
0.000620	-5.760000	-0.022000
0.000622	-5.760000	-0.021600
0.000624	-5.760000	-0.021600
0.000626	-5.760000	-0.021600
0.000628	-5.760000	-0.021200
0.000630	-5.760000	-0.021600
0.000632	-5.760000	-0.021200
0.000634	-5.760000	-0.021200
0.000636	-5.760000	-0.021200
0.000638	-5.760000	-0.021200
0.000640	-5.760000	-0.020800
0.000642	-5.760000	-0.020800
0.000644	-5.760000	-0.020800
0.000646	-5.760000	-0.020800
0.000648	-5.760000	-0.020800
0.000650	-5.760000	-0.020800
0.000652	-5.760000	-0.020800
0.000654	-5.760000	-0.020800
0.000656	-5.760000	-0.020400
0.000658	-5.760000	-0.020400
0.000660	-5.760000	-0.020400
0.000662	-5.760000	-0.020400
0.000664	-5.760000	-0.020400
0.000666	-5.760000	-0.020400
0.000668	-5.760000	-0.020400
0.000670	-5.760000	-0.020400
0.000672	-5.760000	-0.020000
0.000674	-5.760000	-0.020000
0.000676	-5.760000	-0.020000
0.000678	-5.760000	-0.020000
0.000680	-5.760000	-0.020000
0.000682	-5.760000	-0.020000
0.000684	-5.760000	-0.020000
0.000686	-5.760000	-0.020000
0.000688	-5.760000	-0.019600
0.000690	-5.760000	-0.019600
0.000692	-5.760000	-0.019600
0.000694	-5.760000	-0.019600
0.000696	-5.760000	-0.019600
0.000698	-5.760000	-0.019600
0.000700	-5.760000	-0.019600
0.000702	-5.760000	-0.019600
0.000704	-5.760000	-0.019200
0.000706	-5.760000	-0.019600
0.000708	-5.760000	-0.019200
0.000710	-5.760000	-0.019200
0.000712	-5.760000	-0.019200
0.000714	-5.760000	-0.019200
0.000716	-5.760000	-0.019200
0.000718	-5.760000	-0.019200
0.000720	-5.760000	-0.019200
0.000722	-5.760000	-0.019200
0.000724	-5.760000	-0.019200
0.000726	-5.760000	-0.019200
0.000728	-5.760000	-0.019200
0.000730	-5.760000	-0.019200
0.000732	-5.760000	-0.019200
0.000734	-5.760000	-0.019200
0.000736	-5.760000	-0.018800
0.000738	-5.760000	-0.018800
0.000740	-5.760000	-0.018800
0.000742	-5.760000	-0.018800
0.000744	-5.760000	-0.018800
0.000746	-5.760000	-0.018800
0.000748	-5.760000	-0.018800
0.000750	-5.760000	-0.018800
0.000752	-5.760000	-0.018800
0.000754	-5.760000	-0.018800
0.000756	-5.760000	-0.018800
0.000758	-5.760000	-0.018400
0.000760	-5.760000	-0.018400
0.000762	-5.760000	-0.018400
0.000764	-5.760000	-0.018400
0.000766	-5.760000	-0.018400
0.000768	-5.760000	-0.018400
0.000770	-5.760000	-0.018400
0.000772	-5.760000	-0.018400
0.000774	-5.760000	-0.018400
0.000776	-5.760000	-0.018400
0.000778	-5.760000	-0.018400
0.000780	-5.760000	-0.018400
0.000782	-5.760000	-0.018400
0.000784	-5.760000	-0.018000
0.000786	-5.760000	-0.018400
0.000788	-5.760000	-0.018400
0.000790	-5.760000	-0.018000
0.000792	-5.760000	-0.018000
0.000794	-5.760000	-0.018000
0.000796	-5.760000	-0.018000
0.000798	-5.760000	-0.018000
0.000800	-5.760000	-0.018000
0.000802	-5.760000	-0.018000
0.000804	-5.760000	-0.018000
0.000806	-5.760000	-0.018000
0.000808	-5.760000	-0.018000
0.000810	-5.760000	-0.017600
0.000812	-5.760000	-0.017600
0.000814	-5.760000	-0.017600
0.000816	-5.760000	-0.018000
0.000818	-5.760000	-0.017600
0.000820	-5.760000	-0.017600
0.000822	-5.760000	-0.017600
0.000824	-5.760000	-0.017600
0.000826	-5.760000	-0.017600
0.000828	-5.760000	-0.017600
0.000830	-5.760000	-0.017600
0.000832	-5.760000	-0.017600
0.000834	-5.760000	-0.017200
0.000836	-5.760000	-0.017200
0.000838	-5.760000	-0.017600
0.000840	-5.760000	-0.017200
0.000842	-5.760000	-0.017200
0.000844	-5.760000	-0.017200
0.000846	-5.760000	-0.017200
0.000848	-5.760000	-0.017200
0.000850	-5.760000	-0.017200
0.000852	-5.760000	-0.017200
0.000854	-5.760000	-0.017200
0.000856	-5.760000	-0.016800
0.000858	-5.760000	-0.017200
0.000860	-5.760000	-0.017200
0.000862	-5.760000	-0.017200
0.000864	-5.760000	-0.017200
0.000866	-5.760000	-0.017200
0.000868	-5.760000	-0.017200
0.000870	-5.760000	-0.016800
0.000872	-5.760000	-0.016800
0.000874	-5.760000	-0.016800
0.000876	-5.760000	-0.016800
0.000878	-5.760000	-0.016800
0.000880	-5.760000	-0.016800
0.000882	-5.760000	-0.016800
0.000884	-5.760000	-0.016800
0.000886	-5.760000	-0.016800
0.000888	-5.760000	-0.016800
0.000890	-5.760000	-0.016800
0.000892	-5.760000	-0.016800
0.000894	-5.760000	-0.016400
0.000896	-5.760000	-0.016400
0.000898	-5.760000	-0.016400
0.000900	-5.760000	-0.016400
0.000902	-5.760000	-0.016400
0.000904	-5.760000	-0.016400
0.000906	-5.760000	-0.016400
0.000908	-5.760000	-0.016400
0.000910	-5.760000	-0.016400
0.000912	-5.760000	-0.016400
0.000914	-5.760000	-0.016400
0.000916	-5.760000	-0.016400
0.000918	-5.760000	-0.016000
0.000920	-5.760000	-0.016400
0.000922	-5.760000	-0.016000
0.000924	-5.760000	-0.016000
0.000926	-5.760000	-0.016000
0.000928	-5.760000	-0.016000
0.000930	-5.760000	-0.016000
0.000932	-5.760000	-0.016000
0.000934	-5.760000	-0.016000
0.000936	-5.760000	-0.016000
0.000938	-5.760000	-0.016000
0.000940	-5.760000	-0.016000
0.000942	-5.760000	-0.016000
0.000944	-5.760000	-0.015600
0.000946	-5.760000	-0.015600
0.000948	-5.760000	-0.015600
0.000950	-5.760000	-0.015600
0.000952	-5.760000	-0.015600
0.000954	-5.760000	-0.015600
0.000956	-5.760000	-0.015600
0.000958	-5.760000	-0.015600
0.000960	-5.760000	-0.015600
0.000962	-5.760000	-0.015600
0.000964	-5.760000	-0.015600
0.000966	-5.760000	-0.015600
0.000968	-5.760000	-0.015200
0.000970	-5.760000	-0.015600
0.000972	-5.760000	-0.015200
0.000974	-5.760000	-0.015200
0.000976	-5.760000	-0.015200
0.000978	-5.760000	-0.015600
0.000980	-5.760000	-0.015200
0.000982	-5.760000	-0.015200
0.000984	-5.760000	-0.015200
0.000986	-5.760000	-0.015200
0.000988	-5.760000	-0.015200
0.000990	-5.760000	-0.015200
0.000992	-5.760000	-0.015200
0.000994	-5.760000	-0.014800
0.000996	-5.760000	-0.014800
0.000998	-5.760000	-0.014800
0.001000	-5.760000	-0.014800
0.001002	-5.760000	-0.014800
0.001004	-5.680000	-0.014800
0.001006	-5.760000	-0.014800
0.001008	-5.760000	-0.014800
0.001010	-5.760000	-0.014800
0.001012	-5.760000	-0.014800
0.001014	-5.760000	-0.014800
0.001016	-5.760000	-0.014800
0.001018	-5.760000	-0.014400
0.001020	-5.760000	-0.014400
0.001022	-5.760000	-0.014400
0.001024	-5.680000	-0.014400
0.001026	-5.760000	-0.014400
0.001028	-5.760000	-0.014400
0.001030	-5.680000	-0.014400
0.001032	-5.680000	-0.014400
0.001034	-5.760000	-0.014400
0.001036	-5.760000	-0.014400
0.001038	-5.760000	-0.014400
0.001040	-5.680000	-0.014400
0.001042	-5.680000	-0.014400
0.001044	-5.760000	-0.014000
0.001046	-5.760000	-0.014000
0.001048	-5.760000	-0.014000
0.001050	-5.760000	-0.014000
0.001052	-5.760000	-0.014000
0.001054	-5.680000	-0.014000
0.001056	-5.760000	-0.014000
0.001058	-5.680000	-0.014000
0.001060	-5.680000	-0.014000
0.001062	-5.760000	-0.014000
0.001064	-5.760000	-0.014000
0.001066	-5.680000	-0.014000
0.001068	-5.680000	-0.014000
0.001070	-5.760000	-0.014000
0.001072	-5.760000	-0.013600
0.001074	-5.760000	-0.013600
0.001076	-5.760000	-0.013600
0.001078	-5.680000	-0.013600
0.001080	-5.680000	-0.013600
0.001082	-5.680000	-0.013600
0.001084	-5.760000	-0.013600
0.001086	-5.760000	-0.013600
0.001088	-5.680000	-0.013600
0.001090	-5.760000	-0.013600
0.001092	-5.760000	-0.013200
0.001094	-5.680000	-0.013200
0.001096	-5.760000	-0.013200
0.001098	-5.680000	-0.013200
0.001100	-5.760000	-0.013200
0.001102	-5.680000	-0.013200
0.001104	-5.760000	-0.013200
0.001106	-5.760000	-0.013200
0.001108	-5.680000	-0.013200
0.001110	-5.680000	-0.013200
0.001112	-5.680000	-0.013200
0.001114	-5.680000	-0.013200
0.001116	-5.680000	-0.013200
0.001118	-5.680000	-0.013200
0.001120	-5.680000	-0.013200
0.001122	-5.760000	-0.013200
0.001124	-5.680000	-0.013200
0.001126	-5.680000	-0.012800
0.001128	-5.680000	-0.012800
0.001130	-5.680000	-0.012800
0.001132	-5.760000	-0.012800
0.001134	-5.760000	-0.012800
0.001136	-5.760000	-0.012800
0.001138	-5.760000	-0.012800
0.001140	-5.760000	-0.012800
0.001142	-5.680000	-0.012800
0.001144	-5.680000	-0.012800
0.001146	-5.680000	-0.012800
0.001148	-5.760000	-0.012800
0.001150	-5.760000	-0.012400
0.001152	-5.760000	-0.012400
0.001154	-5.680000	-0.012400
0.001156	-5.760000	-0.012400
0.001158	-5.680000	-0.012400
0.001160	-5.680000	-0.012400
0.001162	-5.760000	-0.012400
0.001164	-5.680000	-0.012400
0.001166	-5.680000	-0.012000
0.001168	-5.680000	-0.012400
0.001170	-5.760000	-0.012400
0.001172	-5.680000	-0.012000
0.001174	-5.680000	-0.012000
0.001176	-5.760000	-0.012400
0.001178	-5.680000	-0.012000
0.001180	-5.680000	-0.012000
0.001182	-5.680000	-0.012000
0.001184	-5.760000	-0.012000
0.001186	-5.680000	-0.012000
0.001188	-5.680000	-0.012000
0.001190	-5.680000	-0.012000
0.001192	-5.760000	-0.012000
0.001194	-5.680000	-0.012000
0.001196	-5.760000	-0.012000
0.001198	-5.680000	-0.011600
0.001200	-5.760000	-0.012000
0.001202	-5.680000	-0.011600
0.001204	-5.680000	-0.011600
0.001206	-5.680000	-0.011600
0.001208	-5.760000	-0.011600
0.001210	-5.680000	-0.011600
0.001212	-5.680000	-0.011600
0.001214	-5.680000	-0.011600
0.001216	-5.680000	-0.011600
0.001218	-5.760000	-0.011600
0.001220	-5.680000	-0.011600
0.001222	-5.680000	-0.011600
0.001224	-5.680000	-0.011600
0.001226	-5.680000	-0.011600
0.001228	-5.680000	-0.011600
0.001230	-5.680000	-0.011600
0.001232	-5.680000	-0.011600
0.001234	-5.680000	-0.011200
0.001236	-5.680000	-0.011200
0.001238	-5.680000	-0.011200
0.001240	-5.680000	-0.011200
0.001242	-5.680000	-0.011200
0.001244	-5.680000	-0.011200
0.001246	-5.680000	-0.011200
0.001248	-5.680000	-0.011200
0.001250	-5.680000	-0.011200
0.001252	-5.680000	-0.011200
0.001254	-5.680000	-0.011200
0.001256	-5.680000	-0.011200
0.001258	-5.680000	-0.011200
0.001260	-5.680000	-0.010800
0.001262	-5.680000	-0.010800
0.001264	-5.680000	-0.010800
0.001266	-5.680000	-0.010800
0.001268	-5.680000	-0.010800
0.001270	-5.680000	-0.010800
0.001272	-5.680000	-0.010800
0.001274	-5.680000	-0.010800
0.001276	-5.680000	-0.010800
0.001278	-5.680000	-0.010800
0.001280	-5.680000	-0.010800
0.001282	-5.680000	-0.010400
0.001284	-5.680000	-0.010800
0.001286	-5.680000	-0.010800
0.001288	-5.680000	-0.010800
0.001290	-5.680000	-0.010400
0.001292	-5.680000	-0.010800
0.001294	-5.680000	-0.010800
0.001296	-5.680000	-0.010400
0.001298	-5.680000	-0.010400
0.001300	-5.680000	-0.010800
0.001302	-5.680000	-0.010400
0.001304	-5.680000	-0.010400
0.001306	-5.680000	-0.010400
0.001308	-5.680000	-0.010400
0.001310	-5.680000	-0.010400
0.001312	-5.680000	-0.010400
0.001314	-5.680000	-0.010400
0.001316	-5.680000	-0.010400
0.001318	-5.680000	-0.010000
0.001320	-5.680000	-0.010400
0.001322	-5.680000	-0.010000
0.001324	-5.680000	-0.010000
0.001326	-5.680000	-0.010000
0.001328	-5.680000	-0.010000
0.001330	-5.680000	-0.010000
0.001332	-5.680000	-0.010000
0.001334	-5.680000	-0.010000
0.001336	-5.680000	-0.010000
0.001338	-5.680000	-0.010000
0.001340	-5.680000	-0.010000
0.001342	-5.680000	-0.010000
0.001344	-5.680000	-0.010000
0.001346	-5.680000	-0.010000
0.001348	-5.680000	-0.009600
0.001350	-5.680000	-0.009600
0.001352	-5.680000	-0.010000
0.001354	-5.680000	-0.009600
0.001356	-5.680000	-0.009600
0.001358	-5.680000	-0.009600
0.001360	-5.680000	-0.009600
0.001362	-5.680000	-0.009600
0.001364	-5.680000	-0.009600
0.001366	-5.680000	-0.009600
0.001368	-5.680000	-0.009600
0.001370	-5.680000	-0.009200
0.001372	-5.680000	-0.009200
0.001374	-5.680000	-0.009200
0.001376	-5.680000	-0.009200
0.001378	-5.680000	-0.009200
0.001380	-5.680000	-0.009200
0.001382	-5.680000	-0.009200
0.001384	-5.680000	-0.009200
0.001386	-5.680000	-0.009200
0.001388	-5.680000	-0.009200
0.001390	-5.680000	-0.009200
0.001392	-5.680000	-0.009200
0.001394	-5.680000	-0.009200
0.001396	-5.680000	-0.009200
0.001398	-5.680000	-0.009200
0.001400	-5.680000	-0.008800
0.001402	-5.680000	-0.009200
0.001404	-5.680000	-0.008800
0.001406	-5.680000	-0.009200
0.001408	-5.680000	-0.008800
0.001410	-5.680000	-0.008800
0.001412	-5.680000	-0.008800
0.001414	-5.680000	-0.009200
0.001416	-5.680000	-0.008800
0.001418	-5.680000	-0.008800
0.001420	-5.680000	-0.008800
0.001422	-5.680000	-0.008800
0.001424	-5.680000	-0.008800
0.001426	-5.680000	-0.008800
0.001428	-5.680000	-0.008800
0.001430	-5.680000	-0.008800
0.001432	-5.680000	-0.008800
0.001434	-5.680000	-0.008800
0.001436	-5.680000	-0.008800
0.001438	-5.680000	-0.008400
0.001440	-5.680000	-0.008400
0.001442	-5.680000	-0.008400
0.001444	-5.680000	-0.008400
0.001446	-5.680000	-0.008400
0.001448	-5.680000	-0.008400
0.001450	-5.680000	-0.008400
0.001452	-5.680000	-0.008400
0.001454	-5.680000	-0.008400
0.001456	-5.680000	-0.008400
0.001458	-5.680000	-0.008400
0.001460	-5.680000	-0.008400
0.001462	-5.680000	-0.008400
0.001464	-5.680000	-0.008000
0.001466	-5.680000	-0.008400
0.001468	-5.680000	-0.008400
0.001470	-5.680000	-0.008400
0.001472	-5.680000	-0.008000
0.001474	-5.680000	-0.008000
0.001476	-5.680000	-0.008000
0.001478	-5.680000	-0.008000
0.001480	-5.680000	-0.008000
0.001482	-5.680000	-0.008000
0.001484	-5.680000	-0.008000
0.001486	-5.680000	-0.008000
0.001488	-5.680000	-0.008000
0.001490	-5.680000	-0.008000
0.001492	-5.680000	-0.008000
0.001494	-5.680000	-0.008000
0.001496	-5.680000	-0.008000
0.001498	-5.680000	-0.008000
0.001500	-5.680000	-0.007600
0.001502	-5.680000	-0.008000
0.001504	-5.680000	-0.008000
0.001506	-5.680000	-0.007600
0.001508	-5.680000	-0.007600
0.001510	-5.680000	-0.007600
0.001512	-5.680000	-0.007600
0.001514	-5.680000	-0.007600
0.001516	-5.680000	-0.007600
0.001518	-5.680000	-0.007600
0.001520	-5.680000	-0.007600
0.001522	-5.680000	-0.007600
0.001524	-5.680000	-0.007600
0.001526	-5.680000	-0.007600
0.001528	-5.680000	-0.007600
0.001530	-5.680000	-0.007200
0.001532	-5.680000	-0.007200
0.001534	-5.680000	-0.007200
0.001536	-5.680000	-0.007200
0.001538	-5.680000	-0.007200
0.001540	-5.680000	-0.007200
0.001542	-5.680000	-0.007200
0.001544	-5.680000	-0.007200
0.001546	-5.680000	-0.007200
0.001548	-5.680000	-0.007200
0.001550	-5.680000	-0.007200
0.001552	-5.680000	-0.007200
0.001554	-5.680000	-0.007200
0.001556	-5.680000	-0.007200
0.001558	-5.680000	-0.006800
0.001560	-5.680000	-0.007200
0.001562	-5.680000	-0.006800
0.001564	-5.680000	-0.007200
0.001566	-5.680000	-0.006800
0.001568	-5.680000	-0.006800
0.001570	-5.680000	-0.007200
0.001572	-5.680000	-0.006800
0.001574	-5.680000	-0.006800
0.001576	-5.680000	-0.006800
0.001578	-5.680000	-0.006800
0.001580	-5.680000	-0.006800
0.001582	-5.680000	-0.006800
0.001584	-5.680000	-0.006800
0.001586	-5.680000	-0.006800
0.001588	-5.680000	-0.006800
0.001590	-5.680000	-0.006400
0.001592	-5.680000	-0.006800
0.001594	-5.680000	-0.006400
0.001596	-5.680000	-0.006400
0.001598	-5.680000	-0.006400
0.001600	-5.680000	-0.006400
0.001602	-5.680000	-0.006400
0.001604	-5.680000	-0.006400
0.001606	-5.680000	-0.006400
0.001608	-5.680000	-0.006400
0.001610	-5.680000	-0.006400
0.001612	-5.680000	-0.006400
0.001614	-5.680000	-0.006400
0.001616	-5.680000	-0.006400
0.001618	-5.680000	-0.006400
0.001620	-5.680000	-0.006400
0.001622	-5.680000	-0.006400
0.001624	-5.680000	-0.006400
0.001626	-5.680000	-0.006000
0.001628	-5.680000	-0.006000
0.001630	-5.680000	-0.006000
0.001632	-5.680000	-0.006400
0.001634	-5.680000	-0.006000
0.001636	-5.680000	-0.006000
0.001638	-5.680000	-0.006000
0.001640	-5.680000	-0.006000
0.001642	-5.680000	-0.006000
0.001644	-5.600000	-0.006000
0.001646	-5.680000	-0.006000
0.001648	-5.680000	-0.006000
0.001650	-5.680000	-0.006000
0.001652	-5.680000	-0.006000
0.001654	-5.680000	-0.006000
0.001656	-5.600000	-0.006000
0.001658	-5.680000	-0.006000
0.001660	-5.680000	-0.006000
0.001662	-5.680000	-0.006000
0.001664	-5.680000	-0.006000
0.001666	-5.680000	-0.005600
0.001668	-5.680000	-0.005600
0.001670	-5.600000	-0.006000
0.001672	-5.600000	-0.005600
0.001674	-5.680000	-0.005600
0.001676	-5.680000	-0.005600
0.001678	-5.680000	-0.005600
0.001680	-5.600000	-0.005600
0.001682	-5.680000	-0.005600
0.001684	-5.680000	-0.005600
0.001686	-5.680000	-0.005600
0.001688	-5.680000	-0.005600
0.001690	-5.680000	-0.005600
0.001692	-5.680000	-0.005600
0.001694	-5.680000	-0.005600
0.001696	-5.680000	-0.005600
0.001698	-5.680000	-0.005600
0.001700	-5.600000	-0.005600
0.001702	-5.600000	-0.005200
0.001704	-5.680000	-0.005200
0.001706	-5.680000	-0.005600
0.001708	-5.600000	-0.005200
0.001710	-5.600000	-0.005200
0.001712	-5.680000	-0.005200
0.001714	-5.680000	-0.005200
0.001716	-5.680000	-0.005200
0.001718	-5.680000	-0.005200
0.001720	-5.600000	-0.005200
0.001722	-5.600000	-0.005200
0.001724	-5.680000	-0.005200
0.001726	-5.680000	-0.005200
0.001728	-5.600000	-0.005200
0.001730	-5.600000	-0.005200
0.001732	-5.600000	-0.005200
0.001734	-5.680000	-0.005200
0.001736	-5.600000	-0.005200
0.001738	-5.680000	-0.005200
0.001740	-5.600000	-0.004800
0.001742	-5.600000	-0.004800
0.001744	-5.600000	-0.004800
0.001746	-5.600000	-0.004800
0.001748	-5.680000	-0.004800
0.001750	-5.600000	-0.004800
0.001752	-5.680000	-0.004800
0.001754	-5.680000	-0.004800
0.001756	-5.680000	-0.004800
0.001758	-5.680000	-0.004800
0.001760	-5.600000	-0.004800
0.001762	-5.600000	-0.004800
0.001764	-5.600000	-0.004800
0.001766	-5.680000	-0.004800
0.001768	-5.600000	-0.004800
0.001770	-5.600000	-0.004800
0.001772	-5.600000	-0.004400
0.001774	-5.680000	-0.004800
0.001776	-5.600000	-0.004400
0.001778	-5.600000	-0.004800
0.001780	-5.600000	-0.004800
0.001782	-5.600000	-0.004400
0.001784	-5.600000	-0.004400
0.001786	-5.600000	-0.004400
0.001788	-5.680000	-0.004400
0.001790	-5.600000	-0.004400
0.001792	-5.600000	-0.004400
0.001794	-5.600000	-0.004400
0.001796	-5.600000	-0.004400
0.001798	-5.600000	-0.004400
0.001800	-5.600000	-0.004400
0.001802	-5.600000	-0.004400
0.001804	-5.600000	-0.004400
0.001806	-5.600000	-0.004000
0.001808	-5.600000	-0.004000
0.001810	-5.600000	-0.004000
0.001812	-5.600000	-0.004000
0.001814	-5.600000	-0.004000
0.001816	-5.600000	-0.004000
0.001818	-5.600000	-0.004400
0.001820	-5.600000	-0.004000
0.001822	-5.600000	-0.004000
0.001824	-5.600000	-0.004000
0.001826	-5.600000	-0.004000
0.001828	-5.600000	-0.004000
0.001830	-5.600000	-0.004000
0.001832	-5.600000	-0.004000
0.001834	-5.600000	-0.004000
0.001836	-5.600000	-0.004000
0.001838	-5.600000	-0.004000
0.001840	-5.600000	-0.004000
0.001842	-5.600000	-0.003600
0.001844	-5.600000	-0.003600
0.001846	-5.600000	-0.003600
0.001848	-5.600000	-0.003600
0.001850	-5.600000	-0.003600
0.001852	-5.600000	-0.003600
0.001854	-5.600000	-0.003600
0.001856	-5.600000	-0.003600
0.001858	-5.600000	-0.003600
0.001860	-5.600000	-0.003600
0.001862	-5.600000	-0.003600
0.001864	-5.600000	-0.003600
0.001866	-5.600000	-0.003600
0.001868	-5.600000	-0.003600
0.001870	-5.600000	-0.003600
0.001872	-5.600000	-0.003200
0.001874	-5.600000	-0.003600
0.001876	-5.600000	-0.003600
0.001878	-5.600000	-0.003200
0.001880	-5.600000	-0.003200
0.001882	-5.600000	-0.003200
0.001884	-5.600000	-0.003200
0.001886	-5.600000	-0.003200
0.001888	-5.600000	-0.003200
0.001890	-5.600000	-0.003200
0.001892	-5.600000	-0.003200
0.001894	-5.600000	-0.003200
0.001896	-5.600000	-0.003200
0.001898	-5.600000	-0.003200
0.001900	-5.600000	-0.003200
0.001902	-5.600000	-0.003200
0.001904	-5.600000	-0.003200
0.001906	-5.600000	-0.002800
0.001908	-5.600000	-0.002800
0.001910	-5.600000	-0.002800
0.001912	-5.600000	-0.002800
0.001914	-5.600000	-0.003200
0.001916	-5.600000	-0.002800
0.001918	-5.600000	-0.002800
0.001920	-5.600000	-0.002800
0.001922	-5.600000	-0.002800
0.001924	-5.600000	-0.002800
0.001926	-5.600000	-0.002800
0.001928	-5.600000	-0.002800
0.001930	-5.600000	-0.002800
0.001932	-5.600000	-0.002800
0.001934	-5.600000	-0.002800
0.001936	-5.600000	-0.002800
0.001938	-5.600000	-0.002800
0.001940	-5.600000	-0.002800
0.001942	-5.600000	-0.002800
0.001944	-5.600000	-0.002800
0.001946	-5.600000	-0.002800
0.001948	-5.600000	-0.002800
0.001950	-5.600000	-0.002800
0.001952	-5.600000	-0.002800
0.001954	-5.600000	-0.002800
0.001956	-5.600000	-0.002800
0.001958	-5.600000	-0.002800
0.001960	-5.600000	-0.002800
0.001962	-5.600000	-0.002400
0.001964	-5.600000	-0.002400
0.001966	-5.600000	-0.002400
0.001968	-5.600000	-0.002400
0.001970	-5.600000	-0.002400
0.001972	-5.600000	-0.002400
0.001974	-5.600000	-0.002400
0.001976	-5.600000	-0.002400
0.001978	-5.600000	-0.002400
0.001980	-5.600000	-0.002400
0.001982	-5.600000	-0.002400
0.001984	-5.600000	-0.002000
0.001986	-5.600000	-0.002400
0.001988	-5.600000	-0.002000
0.001990	-5.600000	-0.002400
0.001992	-5.600000	-0.002000
0.001994	-5.600000	-0.002400
0.001996	-5.600000	-0.002000
0.001998	-5.600000	-0.002000
0.002000	-5.600000	-0.002400
0.002002	-5.600000	-0.002000
0.002004	-5.600000	-0.002000
0.002006	-5.600000	-0.002000
0.002008	-5.600000	-0.002000
0.002010	-5.600000	-0.002000
0.002012	-5.600000	-0.002000
0.002014	-5.600000	-0.002000
0.002016	-5.600000	-0.002000
0.002018	-5.600000	-0.002000
0.002020	-5.600000	-0.002000
0.002022	-5.600000	-0.002000
0.002024	-5.600000	-0.002000
0.002026	-5.600000	-0.002000
0.002028	-5.600000	-0.001600
0.002030	-5.600000	-0.002000
0.002032	-5.600000	-0.002000
0.002034	-5.600000	-0.001600
0.002036	-5.600000	-0.002000
0.002038	-5.600000	-0.002000
0.002040	-5.600000	-0.002000
0.002042	-5.600000	-0.001600
0.002044	-5.600000	-0.001600
0.002046	-5.600000	-0.001600
0.002048	-5.600000	-0.001600
0.002050	-5.600000	-0.001600
0.002052	-5.600000	-0.001600
0.002054	-5.600000	-0.001600
0.002056	-5.600000	-0.001600
0.002058	-5.600000	-0.001600
0.002060	-5.600000	-0.001600
0.002062	-5.600000	-0.001600
0.002064	-5.600000	-0.001600
0.002066	-5.600000	-0.001600
0.002068	-5.600000	-0.001600
0.002070	-5.600000	-0.001600
0.002072	-5.600000	-0.001600
0.002074	-5.600000	-0.001200
0.002076	-5.600000	-0.001200
0.002078	-5.600000	-0.001600
0.002080	-5.600000	-0.001200
0.002082	-5.600000	-0.001200
0.002084	-5.600000	-0.001200
0.002086	-5.600000	-0.001200
0.002088	-5.600000	-0.001200
0.002090	-5.600000	-0.001200
0.002092	-5.600000	-0.001200
0.002094	-5.600000	-0.001200
0.002096	-5.600000	-0.001200
0.002098	-5.600000	-0.001200
0.002100	-5.600000	-0.001200
0.002102	-5.600000	-0.000800
0.002104	-5.600000	-0.001200
0.002106	-5.600000	-0.000800
0.002108	-5.600000	-0.001200
0.002110	-5.600000	-0.000800
0.002112	-5.600000	-0.000800
0.002114	-5.600000	-0.000800
0.002116	-5.600000	-0.000800
0.002118	-5.600000	-0.000800
0.002120	-5.600000	-0.000800
0.002122	-5.600000	-0.000800
0.002124	-5.600000	-0.000800
0.002126	-5.600000	-0.000800
0.002128	-5.600000	-0.000800
0.002130	-5.600000	-0.000800
0.002132	-5.600000	-0.000800
0.002134	-5.600000	-0.000800
0.002136	-5.600000	-0.000800
0.002138	-5.600000	-0.000800
0.002140	-5.600000	-0.000800
0.002142	-5.600000	-0.000400
0.002144	-5.600000	-0.000800
0.002146	-5.600000	-0.000800
0.002148	-5.600000	-0.000400
0.002150	-5.600000	-0.000400
0.002152	-5.600000	-0.000400
0.002154	-5.600000	-0.000400
0.002156	-5.600000	-0.000400
0.002158	-5.600000	-0.000400
0.002160	-5.600000	-0.000400
0.002162	-5.600000	-0.000800
0.002164	-5.600000	-0.000800
0.002166	-5.600000	-0.000400
0.002168	-5.600000	-0.000400
0.002170	-5.600000	-0.000400
0.002172	-5.600000	-0.000400
0.002174	-5.600000	-0.000400
0.002176	-5.600000	-0.000400
0.002178	-5.600000	-0.000400
0.002180	-5.600000	-0.000400
0.002182	-5.600000	-0.000400
0.002184	-5.600000	-0.000400
0.002186	-5.600000	-0.000400
0.002188	-5.600000	-0.000400
0.002190	-5.600000	-0.000400
0.002192	-5.600000	-0.000400
0.002194	-5.600000	0.000000
0.002196	-5.600000	-0.000400
0.002198	-5.600000	0.000000
0.002200	-5.600000	0.000000
0.002202	-5.600000	0.000000
0.002204	-5.600000	0.000000
0.002206	-5.600000	0.000000
0.002208	-5.600000	0.000000
0.002210	-5.600000	0.000000
0.002212	-5.600000	0.000000
0.002214	-5.600000	0.000000
0.002216	-5.600000	0.000000
0.002218	-5.600000	0.000000
0.002220	-5.600000	0.000000
0.002222	-5.600000	0.000000
0.002224	-5.600000	0.000000
0.002226	-5.600000	0.000000
0.002228	-5.600000	0.000000
0.002230	-5.600000	0.000000
0.002232	-5.600000	0.000000
0.002234	-5.600000	0.000000
0.002236	-5.600000	0.000000
0.002238	-5.600000	0.000400
0.002240	-5.600000	0.000400
0.002242	-5.600000	0.000400
0.002244	-5.600000	0.000400
0.002246	-5.600000	0.000400
0.002248	-5.600000	0.000400
0.002250	-5.600000	0.000400
0.002252	-5.600000	0.000400
0.002254	-5.600000	0.000400
0.002256	-5.600000	0.000400
0.002258	-5.600000	0.000400
0.002260	-5.600000	0.000400
0.002262	-5.600000	0.000400
0.002264	-5.600000	0.000400
0.002266	-5.600000	0.000400
0.002268	-5.600000	0.000800
0.002270	-5.600000	0.000400
0.002272	-5.600000	0.000400
0.002274	-5.600000	0.000400
0.002276	-5.600000	0.000400
0.002278	-5.600000	0.000400
0.002280	-5.600000	0.000400
0.002282	-5.600000	0.000800
0.002284	-5.600000	0.000800
0.002286	-5.600000	0.000800
0.002288	-5.600000	0.000800
0.002290	-5.600000	0.000800
0.002292	-5.600000	0.000800
0.002294	-5.600000	0.000800
0.002296	-5.600000	0.000800
0.002298	-5.600000	0.000800
0.002300	-5.600000	0.000800
0.002302	-5.600000	0.000800
0.002304	-5.600000	0.000800
0.002306	-5.600000	0.000800
0.002308	-5.600000	0.000800
0.002310	-5.600000	0.000800
0.002312	-5.600000	0.000800
0.002314	-5.600000	0.001200
0.002316	-5.600000	0.000800
0.002318	-5.600000	0.000800
0.002320	-5.600000	0.000800
0.002322	-5.600000	0.000800
0.002324	-5.600000	0.000800
0.002326	-5.600000	0.000800
0.002328	-5.600000	0.000800
0.002330	-5.600000	0.001200
0.002332	-5.600000	0.001200
0.002334	-5.600000	0.001200
0.002336	-5.600000	0.001200
0.002338	-5.600000	0.001200
0.002340	-5.600000	0.001200
0.002342	-5.600000	0.001200
0.002344	-5.600000	0.001200
0.002346	-5.600000	0.001200
0.002348	-5.600000	0.001200
0.002350	-5.600000	0.001200
0.002352	-5.600000	0.001200
0.002354	-5.600000	0.001200
0.002356	-5.600000	0.001600
0.002358	-5.600000	0.001200
0.002360	-5.600000	0.001200
0.002362	-5.600000	0.001200
0.002364	-5.600000	0.001200
0.002366	-5.600000	0.001200
0.002368	-5.600000	0.001200
0.002370	-5.600000	0.001600
0.002372	-5.600000	0.001600
0.002374	-5.600000	0.001600
0.002376	-5.600000	0.001200
0.002378	-5.600000	0.001600
0.002380	-5.600000	0.001600
0.002382	-5.600000	0.001600
0.002384	-5.600000	0.001600
0.002386	-5.600000	0.001600
0.002388	-5.600000	0.001600
0.002390	-5.600000	0.001600
0.002392	-5.600000	0.001600
0.002394	-5.600000	0.001600
0.002396	-5.600000	0.001600
0.002398	-5.600000	0.001600
0.002400	-5.600000	0.001600
0.002402	-5.600000	0.002000
0.002404	-5.600000	0.001600
0.002406	-5.600000	0.001600
0.002408	-5.600000	0.001600
0.002410	-5.600000	0.001600
0.002412	-5.600000	0.002000
0.002414	-5.600000	0.002000
0.002416	-5.600000	0.002000
0.002418	-5.600000	0.002000
0.002420	-5.600000	0.002000
0.002422	-5.600000	0.001600
0.002424	-5.600000	0.002000
0.002426	-5.600000	0.002000
0.002428	-5.600000	0.002000
0.002430	-5.600000	0.002000
0.002432	-5.600000	0.002000
0.002434	-5.600000	0.002000
0.002436	-5.600000	0.002000
0.002438	-5.600000	0.002000
0.002440	-5.600000	0.002000
0.002442	-5.600000	0.002000
0.002444	-5.600000	0.002000
0.002446	-5.600000	0.002000
0.002448	-5.600000	0.002000
0.002450	-5.600000	0.002000
0.002452	-5.600000	0.002000
0.002454	-5.600000	0.002400
0.002456	-5.600000	0.002400
0.002458	-5.600000	0.002400
0.002460	-5.600000	0.002400
0.002462	-5.600000	0.002000
0.002464	-5.600000	0.002400
0.002466	-5.600000	0.002000
0.002468	-5.600000	0.002400
0.002470	-5.600000	0.002400
0.002472	-5.600000	0.002400
0.002474	-5.600000	0.002400
0.002476	-5.600000	0.002400
0.002478	-5.600000	0.002400
0.002480	-5.600000	0.002400
0.002482	-5.600000	0.002400
0.002484	-5.600000	0.002400
0.002486	-5.600000	0.002400
0.002488	-5.600000	0.002400
0.002490	-5.600000	0.002400
0.002492	-5.600000	0.002400
0.002494	-5.600000	0.002400
0.002496	-5.600000	0.002400
0.002498	-5.600000	0.002400
0.002500	-5.600000	0.002800
0.002502	-5.600000	0.002800
0.002504	-5.600000	0.002800
0.002506	-5.600000	0.002800
0.002508	-5.600000	0.002800
0.002510	-5.600000	0.002800
0.002512	-5.600000	0.002800
0.002514	-5.600000	0.002800
0.002516	-5.600000	0.002800
0.002518	-5.600000	0.002800
0.002520	-5.600000	0.002400
0.002522	-5.600000	0.002800
0.002524	-5.600000	0.002800
0.002526	-5.600000	0.002800
0.002528	-5.600000	0.002800
0.002530	-5.600000	0.002800
0.002532	-5.600000	0.002800
0.002534	-5.600000	0.002800
0.002536	-5.600000	0.002800
0.002538	-5.600000	0.002800
0.002540	-5.600000	0.002800
0.002542	-5.600000	0.002800
0.002544	-5.600000	0.002800
0.002546	-5.600000	0.003200
0.002548	-5.600000	0.003200
0.002550	-5.600000	0.002800
0.002552	-5.600000	0.003200
0.002554	-5.600000	0.002800
0.002556	-5.600000	0.003200
0.002558	-5.600000	0.002800
0.002560	-5.600000	0.003200
0.002562	-5.600000	0.003200
0.002564	-5.600000	0.003200
0.002566	-5.600000	0.003200
0.002568	-5.600000	0.003200
0.002570	-5.600000	0.003200
0.002572	-5.600000	0.003200
0.002574	-5.600000	0.003200
0.002576	-5.600000	0.003200
0.002578	-5.600000	0.003200
0.002580	-5.600000	0.003200
0.002582	-5.600000	0.003200
0.002584	-5.600000	0.003200
0.002586	-5.600000	0.003200
0.002588	-5.600000	0.003200
0.002590	-5.600000	0.003600
0.002592	-5.600000	0.003200
0.002594	-5.600000	0.003200
0.002596	-5.600000	0.003200
0.002598	-5.600000	0.003600
0.002600	-5.600000	0.003200
0.002602	-5.600000	0.003600
0.002604	-5.600000	0.003600
0.002606	-5.600000	0.003600
0.002608	-5.600000	0.003600
0.002610	-5.600000	0.003600
0.002612	-5.600000	0.003600
0.002614	-5.600000	0.003600
0.002616	-5.600000	0.003600
0.002618	-5.600000	0.003600
0.002620	-5.600000	0.003600
0.002622	-5.600000	0.003600
0.002624	-5.600000	0.003600
0.002626	-5.600000	0.003600
0.002628	-5.600000	0.003600
0.002630	-5.600000	0.003600
0.002632	-5.600000	0.003600
0.002634	-5.600000	0.003600
0.002636	-5.600000	0.003600
0.002638	-5.600000	0.003600
0.002640	-5.600000	0.003600
0.002642	-5.600000	0.003600
0.002644	-5.600000	0.003600
0.002646	-5.600000	0.003600
0.002648	-5.600000	0.003600
0.002650	-5.600000	0.004000
0.002652	-5.600000	0.004000
0.002654	-5.600000	0.004000
0.002656	-5.600000	0.004000
0.002658	-5.600000	0.004000
0.002660	-5.600000	0.004000
0.002662	-5.600000	0.004000
0.002664	-5.600000	0.004000
0.002666	-5.600000	0.004000
0.002668	-5.600000	0.004000
0.002670	-5.600000	0.004000
0.002672	-5.600000	0.004000
0.002674	-5.600000	0.004000
0.002676	-5.600000	0.004000
0.002678	-5.600000	0.004000
0.002680	-5.600000	0.004000
0.002682	-5.600000	0.004000
0.002684	-5.600000	0.004000
0.002686	-5.600000	0.004000
0.002688	-5.600000	0.004000
0.002690	-5.600000	0.004000
0.002692	-5.600000	0.004000
0.002694	-5.600000	0.004000
0.002696	-5.600000	0.004400
0.002698	-5.600000	0.004400
0.002700	-5.600000	0.004000
0.002702	-5.600000	0.004000
0.002704	-5.600000	0.004000
0.002706	-5.600000	0.004400
0.002708	-5.600000	0.004400
0.002710	-5.600000	0.004000
0.002712	-5.600000	0.004400
0.002714	-5.600000	0.004400
0.002716	-5.600000	0.004400
0.002718	-5.600000	0.004400
0.002720	-5.600000	0.004400
0.002722	-5.600000	0.004400
0.002724	-5.600000	0.004400
0.002726	-5.600000	0.004400
0.002728	-5.600000	0.004400
0.002730	-5.600000	0.004400
0.002732	-5.600000	0.004400
0.002734	-5.600000	0.004400
0.002736	-5.600000	0.004400
0.002738	-5.600000	0.004400
0.002740	-5.600000	0.004800
0.002742	-5.600000	0.004400
0.002744	-5.600000	0.004400
0.002746	-5.600000	0.004400
0.002748	-5.600000	0.004400
0.002750	-5.600000	0.004400
0.002752	-5.600000	0.004400
0.002754	-5.600000	0.004400
0.002756	-5.600000	0.004800
0.002758	-5.600000	0.004400
0.002760	-5.600000	0.004400
0.002762	-5.600000	0.004800
0.002764	-5.600000	0.004800
0.002766	-5.600000	0.004800
0.002768	-5.600000	0.004800
0.002770	-5.600000	0.004800
0.002772	-5.600000	0.004800
0.002774	-5.600000	0.004800
0.002776	-5.600000	0.004800
0.002778	-5.600000	0.004800
0.002780	-5.600000	0.004800
0.002782	-5.600000	0.004800
0.002784	-5.600000	0.004800
0.002786	-5.600000	0.004800
0.002788	-5.600000	0.004800
0.002790	-5.600000	0.004800
0.002792	-5.600000	0.004800
0.002794	-5.600000	0.004800
0.002796	-5.600000	0.005200
0.002798	-5.600000	0.004800
0.002800	-5.600000	0.004800
0.002802	-5.600000	0.004800
0.002804	-5.600000	0.005200
0.002806	-5.600000	0.005200
0.002808	-5.600000	0.005200
0.002810	-5.520000	0.004800
0.002812	-5.600000	0.004800
0.002814	-5.600000	0.004800
0.002816	-5.600000	0.005200
0.002818	-5.600000	0.005200
0.002820	-5.520000	0.005200
0.002822	-5.600000	0.004800
0.002824	-5.600000	0.005200
0.002826	-5.520000	0.005200
0.002828	-5.520000	0.005200
0.002830	-5.520000	0.005200
0.002832	-5.600000	0.005200
0.002834	-5.600000	0.005200
0.002836	-5.600000	0.005200
0.002838	-5.600000	0.005200
0.002840	-5.600000	0.005200
0.002842	-5.600000	0.005200
0.002844	-5.600000	0.005200
0.002846	-5.520000	0.005200
0.002848	-5.520000	0.005200
0.002850	-5.520000	0.005200
0.002852	-5.520000	0.005200
0.002854	-5.600000	0.005200
0.002856	-5.520000	0.005200
0.002858	-5.520000	0.005200
0.002860	-5.520000	0.005600
0.002862	-5.600000	0.005200
0.002864	-5.520000	0.005200
0.002866	-5.520000	0.005200
0.002868	-5.520000	0.005200
0.002870	-5.520000	0.005200
0.002872	-5.520000	0.005600
0.002874	-5.600000	0.005600
0.002876	-5.520000	0.005600
0.002878	-5.520000	0.005600
0.002880	-5.520000	0.005600
0.002882	-5.520000	0.005200
0.002884	-5.600000	0.005600
0.002886	-5.520000	0.005600
0.002888	-5.520000	0.005600
0.002890	-5.520000	0.005600
0.002892	-5.520000	0.005600
0.002894	-5.520000	0.005600
0.002896	-5.520000	0.006000
0.002898	-5.520000	0.005600
0.002900	-5.520000	0.005600
0.002902	-5.520000	0.005600
0.002904	-5.520000	0.005600
0.002906	-5.520000	0.005600
0.002908	-5.520000	0.005600
0.002910	-5.520000	0.005600
0.002912	-5.520000	0.005600
0.002914	-5.520000	0.005600
0.002916	-5.520000	0.006000
0.002918	-5.520000	0.006000
0.002920	-5.520000	0.005600
0.002922	-5.520000	0.006000
0.002924	-5.520000	0.006000
0.002926	-5.520000	0.006000
0.002928	-5.520000	0.006000
0.002930	-5.520000	0.006000
0.002932	-5.520000	0.006000
0.002934	-5.520000	0.006000
0.002936	-5.520000	0.006000
0.002938	-5.520000	0.006000
0.002940	-5.520000	0.006000
0.002942	-5.520000	0.006000
0.002944	-5.520000	0.006000
0.002946	-5.520000	0.006000
0.002948	-5.520000	0.006000
0.002950	-5.520000	0.006000
0.002952	-5.520000	0.006000
0.002954	-5.520000	0.006400
0.002956	-5.520000	0.006000
0.002958	-5.520000	0.006000
0.002960	-5.520000	0.006000
0.002962	-5.520000	0.006000
0.002964	-5.520000	0.006000
0.002966	-5.520000	0.006000
0.002968	-5.520000	0.006000
0.002970	-5.520000	0.006000
0.002972	-5.520000	0.006400
0.002974	-5.520000	0.006400
0.002976	-5.520000	0.006400
0.002978	-5.520000	0.006400
0.002980	-5.520000	0.006400
0.002982	-5.520000	0.006400
0.002984	-5.520000	0.006400
0.002986	-5.520000	0.006400
0.002988	-5.520000	0.006400
0.002990	-5.520000	0.006400
0.002992	-0.240000	0.006400
0.002994	6.240000	0.006400
0.002996	6.240000	0.006800
0.002998	6.320000	0.006400
0.003000	6.320000	0.006400
0.003002	6.400000	0.006400
0.003004	6.400000	0.006400
0.003006	6.400000	0.006400
0.003008	6.400000	0.006400
0.003010	6.400000	0.006400
0.003012	6.400000	0.006400
0.003014	6.400000	0.006400
0.003016	6.400000	0.006400
0.003018	6.400000	0.006400
0.003020	6.400000	0.006400
0.003022	6.400000	0.006800
0.003024	6.400000	0.006400
0.003026	6.400000	0.006800
0.003028	6.400000	0.006800
0.003030	6.400000	0.006800
0.003032	6.400000	0.006400
0.003034	6.400000	0.006800
0.003036	6.400000	0.006800
0.003038	6.400000	0.006800
0.003040	6.400000	0.006800
0.003042	6.400000	0.006400
0.003044	6.400000	0.006800
0.003046	6.400000	0.006800
0.003048	6.400000	0.006800
0.003050	6.400000	0.006800
0.003052	6.400000	0.006800
0.003054	6.400000	0.006800
0.003056	6.400000	0.006800
0.003058	6.400000	0.006800
0.003060	6.400000	0.006800
0.003062	6.400000	0.006800
0.003064	6.400000	0.006800
0.003066	6.400000	0.006800
0.003068	6.400000	0.006800
0.003070	6.400000	0.006800
0.003072	6.400000	0.007200
0.003074	6.400000	0.006800
0.003076	6.400000	0.006800
0.003078	6.400000	0.006800
0.003080	6.400000	0.006800
0.003082	6.400000	0.006800
0.003084	6.400000	0.006800
0.003086	6.400000	0.007200
0.003088	6.400000	0.007200
0.003090	6.400000	0.006800
0.003092	6.400000	0.007200
0.003094	6.400000	0.007200
0.003096	6.400000	0.006800
0.003098	6.400000	0.007200
0.003100	6.400000	0.007200
0.003102	6.400000	0.007200
0.003104	6.320000	0.007200
0.003106	6.400000	0.007200
0.003108	6.400000	0.007200
0.003110	6.400000	0.007200
0.003112	6.400000	0.007200
0.003114	6.400000	0.007200
0.003116	6.400000	0.007200
0.003118	6.400000	0.007200
0.003120	6.400000	0.007600
0.003122	6.320000	0.007200
0.003124	6.320000	0.007200
0.003126	6.400000	0.007200
0.003128	6.320000	0.007200
0.003130	6.320000	0.007200
0.003132	6.320000	0.007600
0.003134	6.320000	0.007200
0.003136	6.320000	0.007600
0.003138	6.320000	0.007200
0.003140	6.320000	0.007200
0.003142	6.320000	0.007200
0.003144	6.320000	0.007200
0.003146	6.320000	0.007600
0.003148	6.320000	0.007600
0.003150	6.320000	0.007600
0.003152	6.320000	0.007600
0.003154	6.320000	0.007600
0.003156	6.320000	0.007600
0.003158	6.320000	0.007200
0.003160	6.320000	0.007600
0.003162	6.320000	0.007600
0.003164	6.320000	0.007600
0.003166	6.320000	0.007600
0.003168	6.320000	0.007600
0.003170	6.320000	0.007600
0.003172	6.320000	0.007600
0.003174	6.320000	0.007600
0.003176	6.320000	0.007600
0.003178	6.320000	0.007600
0.003180	6.320000	0.007600
0.003182	6.320000	0.007600
0.003184	6.320000	0.007600
0.003186	6.320000	0.008000
0.003188	6.320000	0.007600
0.003190	6.320000	0.007600
0.003192	6.320000	0.008000
0.003194	6.320000	0.008000
0.003196	6.320000	0.008000
0.003198	6.320000	0.007600
0.003200	6.320000	0.008000
0.003202	6.320000	0.008000
0.003204	6.320000	0.007600
0.003206	6.320000	0.008000
0.003208	6.320000	0.008000
0.003210	6.320000	0.008000
0.003212	6.320000	0.008000
0.003214	6.320000	0.008000
0.003216	6.320000	0.008000
0.003218	6.320000	0.008000
0.003220	6.320000	0.008000
0.003222	6.320000	0.008000
0.003224	6.320000	0.008000
0.003226	6.320000	0.008000
0.003228	6.320000	0.008000
0.003230	6.320000	0.008000
0.003232	6.320000	0.008000
0.003234	6.320000	0.008000
0.003236	6.320000	0.008000
0.003238	6.320000	0.008000
0.003240	6.320000	0.008000
0.003242	6.320000	0.008000
0.003244	6.320000	0.008000
0.003246	6.320000	0.008000
0.003248	6.240000	0.008000
0.003250	6.320000	0.008000
0.003252	6.240000	0.008000
0.003254	6.320000	0.008000
0.003256	6.240000	0.008000
0.003258	6.240000	0.008000
0.003260	6.240000	0.008400
0.003262	6.240000	0.008000
0.003264	6.240000	0.008400
0.003266	6.240000	0.008400
0.003268	6.240000	0.008000
0.003270	6.240000	0.008400
0.003272	6.240000	0.008400
0.003274	6.240000	0.008000
0.003276	6.240000	0.008400
0.003278	6.240000	0.008400
0.003280	6.240000	0.008400
0.003282	6.240000	0.008400
0.003284	6.240000	0.008400
0.003286	6.240000	0.008400
0.003288	6.240000	0.008400
0.003290	6.240000	0.008400
0.003292	6.240000	0.008400
0.003294	6.240000	0.008000
0.003296	6.240000	0.008400
0.003298	6.240000	0.008400
0.003300	6.240000	0.008400
0.003302	6.240000	0.008400
0.003304	6.240000	0.008400
0.003306	6.240000	0.008400
0.003308	6.240000	0.008400
0.003310	6.240000	0.008400
0.003312	6.240000	0.008400
0.003314	6.240000	0.008400
0.003316	6.240000	0.008400
0.003318	6.240000	0.008400
0.003320	6.240000	0.008400
0.003322	6.240000	0.008800
0.003324	6.240000	0.008800
0.003326	6.240000	0.008800
0.003328	6.240000	0.008800
0.003330	6.240000	0.008800
0.003332	6.240000	0.008800
0.003334	6.240000	0.008800
0.003336	6.240000	0.008400
0.003338	6.240000	0.008800
0.003340	6.240000	0.008400
0.003342	6.240000	0.008800
0.003344	6.240000	0.008800
0.003346	6.240000	0.008800
0.003348	6.240000	0.008800
0.003350	6.240000	0.008800
0.003352	6.240000	0.008400
0.003354	6.240000	0.008800
0.003356	6.240000	0.008800
0.003358	6.240000	0.008800
0.003360	6.240000	0.008800
0.003362	6.240000	0.008800
0.003364	6.240000	0.008800
0.003366	6.240000	0.009200
0.003368	6.240000	0.009200
0.003370	6.240000	0.008800
0.003372	6.240000	0.009200
0.003374	6.240000	0.008800
0.003376	6.240000	0.008800
0.003378	6.240000	0.008800
0.003380	6.240000	0.009200
0.003382	6.240000	0.008800
0.003384	6.240000	0.008800
0.003386	6.240000	0.009200
0.003388	6.240000	0.009200
0.003390	6.240000	0.009200
0.003392	6.240000	0.008800
0.003394	6.240000	0.009200
0.003396	6.240000	0.009200
0.003398	6.240000	0.009200
0.003400	6.240000	0.009200
0.003402	6.240000	0.009200
0.003404	6.240000	0.009200
0.003406	6.240000	0.009200
0.003408	6.240000	0.009200
0.003410	6.240000	0.009200
0.003412	6.240000	0.008800
0.003414	6.240000	0.009200
0.003416	6.240000	0.009200
0.003418	6.240000	0.009200
0.003420	6.240000	0.008800
0.003422	6.240000	0.009200
0.003424	6.240000	0.009200
0.003426	6.240000	0.009200
0.003428	6.240000	0.009200
0.003430	6.240000	0.009200
0.003432	6.240000	0.009200
0.003434	6.240000	0.009200
0.003436	6.240000	0.009200
0.003438	6.240000	0.009200
0.003440	6.240000	0.009200
0.003442	6.240000	0.009200
0.003444	6.240000	0.009200
0.003446	6.240000	0.009200
0.003448	6.240000	0.009200
0.003450	6.240000	0.009200
0.003452	6.240000	0.009200
0.003454	6.240000	0.009200
0.003456	6.240000	0.009600
0.003458	6.240000	0.009600
0.003460	6.240000	0.009600
0.003462	6.240000	0.009600
0.003464	6.240000	0.009600
0.003466	6.240000	0.009200
0.003468	6.240000	0.009600
0.003470	6.240000	0.009600
0.003472	6.240000	0.009600
0.003474	6.240000	0.009600
0.003476	6.240000	0.009600
0.003478	6.240000	0.009600
0.003480	6.240000	0.009600
0.003482	6.240000	0.009600
0.003484	6.240000	0.009600
0.003486	6.240000	0.009600
0.003488	6.240000	0.009600
0.003490	6.240000	0.009600
0.003492	6.240000	0.009600
0.003494	6.240000	0.009600
0.003496	6.160000	0.009600
0.003498	6.240000	0.009600
0.003500	6.160000	0.009600
0.003502	6.240000	0.009600
0.003504	6.240000	0.009600
0.003506	6.160000	0.009600
0.003508	6.160000	0.009600
0.003510	6.160000	0.009600
0.003512	6.160000	0.009600
0.003514	6.160000	0.009600
0.003516	6.160000	0.009600
0.003518	6.160000	0.009600
0.003520	6.160000	0.010000
0.003522	6.160000	0.009600
0.003524	6.160000	0.009600
0.003526	6.160000	0.009600
0.003528	6.160000	0.009600
0.003530	6.160000	0.010000
0.003532	6.160000	0.009600
0.003534	6.160000	0.010000
0.003536	6.160000	0.010000
0.003538	6.160000	0.010000
0.003540	6.160000	0.010000
0.003542	6.160000	0.009600
0.003544	6.160000	0.010000
0.003546	6.160000	0.010000
0.003548	6.160000	0.010000
0.003550	6.160000	0.010000
0.003552	6.160000	0.010000
0.003554	6.160000	0.010000
0.003556	6.160000	0.010000
0.003558	6.160000	0.010000
0.003560	6.160000	0.010000
0.003562	6.160000	0.010000
0.003564	6.160000	0.010000
0.003566	6.160000	0.010000
0.003568	6.160000	0.010000
0.003570	6.160000	0.010000
0.003572	6.160000	0.010000
0.003574	6.160000	0.010000
0.003576	6.160000	0.010000
0.003578	6.160000	0.010000
0.003580	6.160000	0.010000
0.003582	6.160000	0.010000
0.003584	6.160000	0.010000
0.003586	6.160000	0.010000
0.003588	6.160000	0.010000
0.003590	6.160000	0.010000
0.003592	6.160000	0.010000
0.003594	6.160000	0.010000
0.003596	6.160000	0.010400
0.003598	6.160000	0.010000
0.003600	6.160000	0.010000
0.003602	6.160000	0.010000
0.003604	6.160000	0.010400
0.003606	6.160000	0.010400
0.003608	6.160000	0.010400
0.003610	6.160000	0.010000
0.003612	6.160000	0.010400
0.003614	6.160000	0.010000
0.003616	6.160000	0.010400
0.003618	6.160000	0.010400
0.003620	6.160000	0.010400
0.003622	6.160000	0.010400
0.003624	6.160000	0.010400
0.003626	6.160000	0.010400
0.003628	6.160000	0.010400
0.003630	6.160000	0.010400
0.003632	6.160000	0.010400
0.003634	6.160000	0.010400
0.003636	6.160000	0.010400
0.003638	6.160000	0.010400
0.003640	6.160000	0.010400
0.003642	6.160000	0.010400
0.003644	6.160000	0.010400
0.003646	6.160000	0.010400
0.003648	6.160000	0.010400
0.003650	6.160000	0.010400
0.003652	6.160000	0.010400
0.003654	6.160000	0.010400
0.003656	6.160000	0.010400
0.003658	6.160000	0.010400
0.003660	6.160000	0.010400
0.003662	6.160000	0.010400
0.003664	6.160000	0.010400
0.003666	6.160000	0.010400
0.003668	6.160000	0.010400
0.003670	6.160000	0.010400
0.003672	6.160000	0.010800
0.003674	6.160000	0.010400
0.003676	6.160000	0.010800
0.003678	6.160000	0.010800
0.003680	6.160000	0.010800
0.003682	6.160000	0.010800
0.003684	6.160000	0.010800
0.003686	6.160000	0.010400
0.003688	6.160000	0.010800
0.003690	6.160000	0.010800
0.003692	6.160000	0.010800
0.003694	6.160000	0.010400
0.003696	6.160000	0.010800
0.003698	6.160000	0.010800
0.003700	6.160000	0.010800
0.003702	6.160000	0.010800
0.003704	6.160000	0.010800
0.003706	6.160000	0.010800
0.003708	6.160000	0.010800
0.003710	6.080000	0.010800
0.003712	6.160000	0.010800
0.003714	6.080000	0.010800
0.003716	6.160000	0.010800
0.003718	6.160000	0.010800
0.003720	6.160000	0.010800
0.003722	6.080000	0.010800
0.003724	6.160000	0.010800
0.003726	6.080000	0.010800
0.003728	6.160000	0.010800
0.003730	6.080000	0.010800
0.003732	6.160000	0.011200
0.003734	6.160000	0.010800
0.003736	6.160000	0.010800
0.003738	6.160000	0.010800
0.003740	6.080000	0.010800
0.003742	6.080000	0.010800
0.003744	6.080000	0.010800
0.003746	6.080000	0.010800
0.003748	6.160000	0.010800
0.003750	6.080000	0.010800
0.003752	6.080000	0.010800
0.003754	6.080000	0.010800
0.003756	6.080000	0.011200
0.003758	6.080000	0.010800
0.003760	6.080000	0.010800
0.003762	6.080000	0.010800
0.003764	6.080000	0.010800
0.003766	6.160000	0.011200
0.003768	6.080000	0.011200
0.003770	6.080000	0.010800
0.003772	6.080000	0.011200
0.003774	6.080000	0.011200
0.003776	6.080000	0.011200
0.003778	6.080000	0.011200
0.003780	6.080000	0.011200
0.003782	6.080000	0.011200
0.003784	6.080000	0.011200
0.003786	6.080000	0.011200
0.003788	6.080000	0.011200
0.003790	6.080000	0.011200
0.003792	6.080000	0.011200
0.003794	6.080000	0.011200
0.003796	6.080000	0.011200
0.003798	6.080000	0.011200
0.003800	6.080000	0.011200
0.003802	6.080000	0.011200
0.003804	6.080000	0.011200
0.003806	6.080000	0.011200
0.003808	6.080000	0.011200
0.003810	6.080000	0.011200
0.003812	6.080000	0.011200
0.003814	6.080000	0.011200
0.003816	6.080000	0.011200
0.003818	6.080000	0.011200
0.003820	6.080000	0.011200
0.003822	6.080000	0.011200
0.003824	6.080000	0.011200
0.003826	6.080000	0.011200
0.003828	6.080000	0.011200
0.003830	6.080000	0.011200
0.003832	6.080000	0.011200
0.003834	6.080000	0.011200
0.003836	6.080000	0.011200
0.003838	6.080000	0.011200
0.003840	6.080000	0.011200
0.003842	6.080000	0.011200
0.003844	6.080000	0.011600
0.003846	6.080000	0.011200
0.003848	6.080000	0.011200
0.003850	6.080000	0.011600
0.003852	6.080000	0.011200
0.003854	6.080000	0.011200
0.003856	6.080000	0.011600
0.003858	6.080000	0.011200
0.003860	6.080000	0.011600
0.003862	6.080000	0.011200
0.003864	6.080000	0.011200
0.003866	6.080000	0.011600
0.003868	6.080000	0.011600
0.003870	6.080000	0.011600
0.003872	6.080000	0.011600
0.003874	6.080000	0.011600
0.003876	6.080000	0.011600
0.003878	6.080000	0.011600
0.003880	6.080000	0.011600
0.003882	6.080000	0.011600
0.003884	6.080000	0.011600
0.003886	6.080000	0.011600
0.003888	6.080000	0.011600
0.003890	6.080000	0.011600
0.003892	6.080000	0.011600
0.003894	6.080000	0.011600
0.003896	6.080000	0.011600
0.003898	6.080000	0.011600
0.003900	6.080000	0.011600
0.003902	6.080000	0.011600
0.003904	6.080000	0.011600
0.003906	6.080000	0.011600
0.003908	6.080000	0.011600
0.003910	6.080000	0.011600
0.003912	6.080000	0.011600
0.003914	6.080000	0.011600
0.003916	6.080000	0.011600
0.003918	6.080000	0.012000
0.003920	6.080000	0.011600
0.003922	6.080000	0.011600
0.003924	6.080000	0.011600
0.003926	6.080000	0.011600
0.003928	6.080000	0.012000
0.003930	6.080000	0.011600
0.003932	6.080000	0.011600
0.003934	6.080000	0.011600
0.003936	6.080000	0.011600
0.003938	6.080000	0.012000
0.003940	6.080000	0.012000
0.003942	6.080000	0.012000
0.003944	6.080000	0.012000
0.003946	6.080000	0.012000
0.003948	6.080000	0.012000
0.003950	6.080000	0.011600
0.003952	6.080000	0.012000
0.003954	6.080000	0.012000
0.003956	6.080000	0.012000
0.003958	6.080000	0.012000
0.003960	6.080000	0.012000
0.003962	6.080000	0.012000
0.003964	6.080000	0.012000
0.003966	6.080000	0.012000
0.003968	6.080000	0.012000
0.003970	6.080000	0.012000
0.003972	6.080000	0.012000
0.003974	6.080000	0.012000
0.003976	6.080000	0.012000
0.003978	6.080000	0.012000
0.003980	6.080000	0.012000
0.003982	6.080000	0.012000
0.003984	6.080000	0.012000
0.003986	6.080000	0.012000
0.003988	6.080000	0.012000
0.003990	6.080000	0.012000
0.003992	6.080000	0.012000
0.003994	6.080000	0.012000
0.003996	6.080000	0.012000
0.003998	6.080000	0.012000
0.004000	6.080000	0.012000
0.004002	6.080000	0.012000
0.004004	6.080000	0.012000
0.004006	6.080000	0.012000
0.004008	6.080000	0.012000
0.004010	6.080000	0.012000
0.004012	6.080000	0.012000
0.004014	6.080000	0.012000
0.004016	6.080000	0.012000
0.004018	6.080000	0.012400
0.004020	6.080000	0.012000
0.004022	6.080000	0.012000
0.004024	6.080000	0.012000
0.004026	6.080000	0.012000
0.004028	6.080000	0.012000
0.004030	6.080000	0.012000
0.004032	6.080000	0.012000
0.004034	6.080000	0.012000
0.004036	6.080000	0.012400
0.004038	6.080000	0.012000
0.004040	6.080000	0.012400
0.004042	6.080000	0.012400
0.004044	6.080000	0.012000
0.004046	6.080000	0.012000
0.004048	6.080000	0.012000
0.004050	6.080000	0.012000
0.004052	6.080000	0.012000
0.004054	6.080000	0.012400
0.004056	6.080000	0.012000
0.004058	6.080000	0.012400
0.004060	6.080000	0.012400
0.004062	6.080000	0.012400
0.004064	6.080000	0.012400
0.004066	6.080000	0.012400
0.004068	6.080000	0.012400
0.004070	6.080000	0.012000
0.004072	6.080000	0.012400
0.004074	6.080000	0.012400
0.004076	6.080000	0.012400
0.004078	6.080000	0.012400
0.004080	6.080000	0.012400
0.004082	6.080000	0.012400
0.004084	6.080000	0.012400
0.004086	6.080000	0.012000
0.004088	6.080000	0.012400
0.004090	6.080000	0.012400
0.004092	6.080000	0.012400
0.004094	6.080000	0.012400
0.004096	6.080000	0.012400
0.004098	6.080000	0.012400
0.004100	6.080000	0.012400
0.004102	6.080000	0.012400
0.004104	6.080000	0.012400
0.004106	6.080000	0.012400
0.004108	6.080000	0.012400
0.004110	6.080000	0.012400
0.004112	6.080000	0.012400
0.004114	6.080000	0.012400
0.004116	6.080000	0.012400
0.004118	6.080000	0.012400
0.004120	6.080000	0.012400
0.004122	6.080000	0.012400
0.004124	6.080000	0.012400
0.004126	6.000000	0.012400
0.004128	6.080000	0.012400
0.004130	6.080000	0.012400
0.004132	6.080000	0.012400
0.004134	6.080000	0.012400
0.004136	6.080000	0.012400
0.004138	6.080000	0.012400
0.004140	6.080000	0.012400
0.004142	6.080000	0.012400
0.004144	6.080000	0.012400
0.004146	6.000000	0.012400
0.004148	6.000000	0.012400
0.004150	6.080000	0.012800
0.004152	6.080000	0.012400
0.004154	6.080000	0.012800
0.004156	6.000000	0.012800
0.004158	6.080000	0.012800
0.004160	6.080000	0.012400
0.004162	6.000000	0.012800
0.004164	6.080000	0.012400
0.004166	6.080000	0.012400
0.004168	6.000000	0.012800
0.004170	6.000000	0.012800
0.004172	6.000000	0.012400
0.004174	6.000000	0.012800
0.004176	6.080000	0.012800
0.004178	6.000000	0.012800
0.004180	6.000000	0.012800
0.004182	6.000000	0.012800
0.004184	6.080000	0.012800
0.004186	6.000000	0.012800
0.004188	6.000000	0.012800
0.004190	6.000000	0.012800
0.004192	6.000000	0.012800
0.004194	6.000000	0.012800
0.004196	6.000000	0.012800
0.004198	6.000000	0.012800
0.004200	6.000000	0.012800
0.004202	6.000000	0.012800
0.004204	6.000000	0.012800
0.004206	6.000000	0.012800
0.004208	6.000000	0.012800
0.004210	6.000000	0.012800
0.004212	6.000000	0.012800
0.004214	6.000000	0.012800
0.004216	6.000000	0.012800
0.004218	6.000000	0.012800
0.004220	6.000000	0.012800
0.004222	6.000000	0.012800
0.004224	6.000000	0.012800
0.004226	6.000000	0.012800
0.004228	6.000000	0.012800
0.004230	6.000000	0.012800
0.004232	6.000000	0.012800
0.004234	6.000000	0.012800
0.004236	6.000000	0.012800
0.004238	6.000000	0.012800
0.004240	6.000000	0.012800
0.004242	6.000000	0.012800
0.004244	6.000000	0.012800
0.004246	6.000000	0.012800
0.004248	6.000000	0.012800
0.004250	6.000000	0.012800
0.004252	6.000000	0.012800
0.004254	6.000000	0.012800
0.004256	6.000000	0.012800
0.004258	6.000000	0.012800
0.004260	6.000000	0.012800
0.004262	6.000000	0.012800
0.004264	6.000000	0.012800
0.004266	6.000000	0.012800
0.004268	6.000000	0.012800
0.004270	6.000000	0.012800
0.004272	6.000000	0.012800
0.004274	6.000000	0.012800
0.004276	6.000000	0.012800
0.004278	6.000000	0.012800
0.004280	6.000000	0.012800
0.004282	6.000000	0.012800
0.004284	6.000000	0.012800
0.004286	6.000000	0.012800
0.004288	6.000000	0.012800
0.004290	6.000000	0.012800
0.004292	6.000000	0.012800
0.004294	6.000000	0.012800
0.004296	6.000000	0.012800
0.004298	6.000000	0.012800
0.004300	6.000000	0.012800
0.004302	6.000000	0.013200
0.004304	6.000000	0.013200
0.004306	6.000000	0.012800
0.004308	6.000000	0.012800
0.004310	6.000000	0.013200
0.004312	6.000000	0.013200
0.004314	6.000000	0.013200
0.004316	6.000000	0.012800
0.004318	6.000000	0.012800
0.004320	6.000000	0.013200
0.004322	6.000000	0.013200
0.004324	6.000000	0.012800
0.004326	6.000000	0.012800
0.004328	6.000000	0.013200
0.004330	6.000000	0.012800
0.004332	6.000000	0.012800
0.004334	6.000000	0.012800
0.004336	6.000000	0.012800
0.004338	6.000000	0.013200
0.004340	6.000000	0.012800
0.004342	6.000000	0.013200
0.004344	6.000000	0.012800
0.004346	6.000000	0.013200
0.004348	6.000000	0.013200
0.004350	6.000000	0.012800
0.004352	6.000000	0.012800
0.004354	6.000000	0.012800
0.004356	6.000000	0.012800
0.004358	6.000000	0.012800
0.004360	6.000000	0.013200
0.004362	6.000000	0.013200
0.004364	6.000000	0.013200
0.004366	6.000000	0.012800
0.004368	6.000000	0.013200
0.004370	6.000000	0.012800
0.004372	6.000000	0.013200
0.004374	6.000000	0.012800
0.004376	6.000000	0.012800
0.004378	6.000000	0.012800
0.004380	6.000000	0.012800
0.004382	6.000000	0.012800
0.004384	6.000000	0.012800
0.004386	6.000000	0.013200
0.004388	6.000000	0.012800
0.004390	6.000000	0.012800
0.004392	6.000000	0.012800
0.004394	6.000000	0.012800
0.004396	6.000000	0.012800
0.004398	6.000000	0.013200
0.004400	6.000000	0.012800
0.004402	6.000000	0.013200
0.004404	6.000000	0.013200
0.004406	6.000000	0.013200
0.004408	6.000000	0.013200
0.004410	6.000000	0.013200
0.004412	6.000000	0.012800
0.004414	6.000000	0.012800
0.004416	6.000000	0.013200
0.004418	6.000000	0.013200
0.004420	6.000000	0.012800
0.004422	6.000000	0.012800
0.004424	6.000000	0.012800
0.004426	6.000000	0.012800
0.004428	6.000000	0.012800
0.004430	6.000000	0.012800
0.004432	6.000000	0.012800
0.004434	6.000000	0.012800
0.004436	6.000000	0.012800
0.004438	6.000000	0.012800
0.004440	6.000000	0.012800
0.004442	6.000000	0.012800
0.004444	6.000000	0.012800
0.004446	6.000000	0.012800
0.004448	6.000000	0.012400
0.004450	6.000000	0.012400
0.004452	6.000000	0.012800
0.004454	6.000000	0.012400
0.004456	6.000000	0.012400
0.004458	6.000000	0.012400
0.004460	6.000000	0.012400
0.004462	6.000000	0.012400
0.004464	6.000000	0.012400
0.004466	6.000000	0.012400
0.004468	6.000000	0.012400
0.004470	6.000000	0.012000
0.004472	6.000000	0.012000
0.004474	6.000000	0.012000
0.004476	6.000000	0.012000
0.004478	6.000000	0.012000
0.004480	6.000000	0.012000
0.004482	6.000000	0.012000
0.004484	6.000000	0.011600
0.004486	6.000000	0.011600
0.004488	6.000000	0.011600
0.004490	6.000000	0.011600
0.004492	6.000000	0.011200
0.004494	6.000000	0.011200
0.004496	6.000000	0.011200
0.004498	6.000000	0.010800
0.004500	6.000000	0.010800
0.004502	6.000000	0.010800
0.004504	6.000000	0.010400
0.004506	6.000000	0.010400
0.004508	6.000000	0.010400
0.004510	6.000000	0.010000
0.004512	6.000000	0.009600
0.004514	6.000000	0.009600
0.004516	6.000000	0.009200
0.004518	6.000000	0.009200
0.004520	6.000000	0.009200
0.004522	6.000000	0.008800
0.004524	6.000000	0.008800
0.004526	6.000000	0.008400
0.004528	6.000000	0.008000
0.004530	6.000000	0.007600
0.004532	6.000000	0.007200
0.004534	6.000000	0.006800
0.004536	6.000000	0.006400
0.004538	6.000000	0.006400
0.004540	6.000000	0.006000
0.004542	6.000000	0.005200
0.004544	6.000000	0.004800
0.004546	6.000000	0.004800
0.004548	6.000000	0.004400
0.004550	6.000000	0.004000
0.004552	6.000000	0.003200
0.004554	6.000000	0.003200
0.004556	6.000000	0.002400
0.004558	6.000000	0.002000
0.004560	6.000000	0.001600
0.004562	6.000000	0.000800
0.004564	6.000000	0.000400
0.004566	6.000000	-0.000400
0.004568	6.000000	-0.000800
0.004570	6.000000	-0.001200
0.004572	6.000000	-0.002000
0.004574	6.000000	-0.002400
0.004576	6.000000	-0.002800
0.004578	6.000000	-0.003600
0.004580	6.000000	-0.004000
0.004582	6.000000	-0.004800
0.004584	6.000000	-0.005600
0.004586	6.000000	-0.006000
0.004588	6.000000	-0.006400
0.004590	6.000000	-0.006800
0.004592	6.000000	-0.007600
0.004594	6.000000	-0.008000
0.004596	6.000000	-0.008800
0.004598	6.000000	-0.009200
0.004600	6.000000	-0.010000
0.004602	6.000000	-0.010400
0.004604	6.000000	-0.010800
0.004606	6.000000	-0.011600
0.004608	6.000000	-0.012000
0.004610	6.000000	-0.012400
0.004612	6.000000	-0.012800
0.004614	6.000000	-0.013600
0.004616	6.000000	-0.014000
0.004618	6.000000	-0.014400
0.004620	6.000000	-0.014800
0.004622	6.000000	-0.015200
0.004624	6.000000	-0.015600
0.004626	6.000000	-0.016000
0.004628	6.000000	-0.016400
0.004630	6.000000	-0.016800
0.004632	6.000000	-0.017600
0.004634	6.000000	-0.017600
0.004636	6.000000	-0.018000
0.004638	6.000000	-0.018800
0.004640	6.000000	-0.018800
0.004642	6.000000	-0.019200
0.004644	6.000000	-0.019200
0.004646	6.000000	-0.019600
0.004648	6.000000	-0.020000
0.004650	6.000000	-0.020400
0.004652	6.000000	-0.020400
0.004654	6.000000	-0.020800
0.004656	6.000000	-0.020800
0.004658	6.000000	-0.021200
0.004660	6.000000	-0.021200
0.004662	6.000000	-0.021600
0.004664	6.000000	-0.022000
0.004666	6.000000	-0.022000
0.004668	6.000000	-0.022000
0.004670	6.000000	-0.022400
0.004672	6.000000	-0.022400
0.004674	6.000000	-0.022400
0.004676	6.000000	-0.022800
0.004678	6.000000	-0.022800
0.004680	6.000000	-0.022800
0.004682	6.000000	-0.022800
0.004684	6.000000	-0.022800
0.004686	6.000000	-0.023200
0.004688	6.000000	-0.022800
0.004690	6.000000	-0.022800
0.004692	6.000000	-0.023200
0.004694	6.000000	-0.023200
0.004696	6.000000	-0.023200
0.004698	6.000000	-0.023200
0.004700	6.000000	-0.023200
0.004702	6.000000	-0.023200
0.004704	6.000000	-0.023200
0.004706	6.000000	-0.023200
0.004708	6.000000	-0.023200
0.004710	6.000000	-0.023200
0.004712	6.000000	-0.023200
0.004714	6.000000	-0.023200
0.004716	6.000000	-0.023200
0.004718	6.000000	-0.022800
0.004720	6.000000	-0.022800
0.004722	6.000000	-0.022800
0.004724	6.000000	-0.022800
0.004726	6.000000	-0.022800
0.004728	6.000000	-0.022800
0.004730	6.000000	-0.022800
0.004732	6.000000	-0.022800
0.004734	6.000000	-0.022400
0.004736	6.000000	-0.022400
0.004738	6.000000	-0.022400
0.004740	6.000000	-0.022400
0.004742	6.000000	-0.022000
0.004744	6.000000	-0.022000
0.004746	6.000000	-0.022000
0.004748	6.000000	-0.022000
0.004750	6.000000	-0.022000
0.004752	6.000000	-0.022000
0.004754	6.000000	-0.021600
0.004756	6.000000	-0.021600
0.004758	6.000000	-0.021600
0.004760	6.000000	-0.021600
0.004762	6.000000	-0.021200
0.004764	5.920000	-0.021200
0.004766	6.000000	-0.021200
0.004768	6.000000	-0.021200
0.004770	6.000000	-0.021200
0.004772	5.920000	-0.021200
0.004774	6.000000	-0.020800
0.004776	5.920000	-0.020800
0.004778	6.000000	-0.020800
0.004780	6.000000	-0.020800
0.004782	5.920000	-0.020800
0.004784	6.000000	-0.020400
0.004786	6.000000	-0.020400
0.004788	6.000000	-0.020400
0.004790	5.920000	-0.020400
0.004792	6.000000	-0.020000
0.004794	6.000000	-0.020000
0.004796	6.000000	-0.020000
0.004798	5.920000	-0.020000
0.004800	5.920000	-0.020000
0.004802	5.920000	-0.020000
0.004804	6.000000	-0.020000
0.004806	6.000000	-0.019600
0.004808	5.920000	-0.019600
0.004810	5.920000	-0.019600
0.004812	5.920000	-0.019600
0.004814	5.920000	-0.019600
0.004816	5.920000	-0.019600
0.004818	5.920000	-0.019600
0.004820	5.920000	-0.019600
0.004822	5.920000	-0.019600
0.004824	5.920000	-0.019600
0.004826	5.920000	-0.019200
0.004828	5.920000	-0.019200
0.004830	5.920000	-0.019200
0.004832	5.920000	-0.019200
0.004834	5.920000	-0.019200
0.004836	5.920000	-0.019200
0.004838	5.920000	-0.019200
0.004840	5.920000	-0.019200
0.004842	5.920000	-0.019200
0.004844	5.920000	-0.019200
0.004846	5.920000	-0.018800
0.004848	5.920000	-0.019200
0.004850	5.920000	-0.018800
0.004852	5.920000	-0.018800
0.004854	5.920000	-0.018800
0.004856	5.920000	-0.018800
0.004858	5.920000	-0.018800
0.004860	5.920000	-0.018800
0.004862	5.920000	-0.018800
0.004864	5.920000	-0.018800
0.004866	5.920000	-0.018800
0.004868	5.920000	-0.018800
0.004870	5.920000	-0.018800
0.004872	5.920000	-0.018800
0.004874	5.920000	-0.018400
0.004876	5.920000	-0.018400
0.004878	5.920000	-0.018400
0.004880	5.920000	-0.018400
0.004882	5.920000	-0.018400
0.004884	5.920000	-0.018400
0.004886	5.920000	-0.018400
0.004888	5.920000	-0.018400
0.004890	5.920000	-0.018400
0.004892	5.920000	-0.018400
0.004894	5.920000	-0.018400
0.004896	5.920000	-0.018400
0.004898	5.920000	-0.018400
0.004900	5.920000	-0.018000
0.004902	5.920000	-0.018000
0.004904	5.920000	-0.018400
0.004906	5.920000	-0.018000
0.004908	5.920000	-0.018400
0.004910	5.920000	-0.018400
0.004912	5.920000	-0.018000
0.004914	5.920000	-0.018000
0.004916	5.920000	-0.018000
0.004918	5.920000	-0.018000
0.004920	5.920000	-0.018000
0.004922	5.920000	-0.018000
0.004924	5.920000	-0.018000
0.004926	5.920000	-0.018000
0.004928	5.920000	-0.018000
0.004930	5.920000	-0.018000
0.004932	5.920000	-0.017600
0.004934	5.920000	-0.017600
0.004936	5.920000	-0.017600
0.004938	5.920000	-0.017600
0.004940	5.920000	-0.017600
0.004942	5.920000	-0.017600
0.004944	5.920000	-0.017600
0.004946	5.920000	-0.017600
0.004948	5.920000	-0.017600
0.004950	5.920000	-0.017600
0.004952	5.920000	-0.017600
0.004954	5.920000	-0.017600
0.004956	5.920000	-0.017600
0.004958	5.920000	-0.017200
0.004960	5.920000	-0.017600
0.004962	5.920000	-0.017200
0.004964	5.920000	-0.017200
0.004966	5.920000	-0.017200
0.004968	5.920000	-0.017200
0.004970	5.920000	-0.017200
0.004972	5.920000	-0.017200
0.004974	5.920000	-0.017200
0.004976	5.920000	-0.017200
0.004978	5.920000	-0.017200
0.004980	5.920000	-0.017200
0.004982	5.920000	-0.017200
0.004984	5.920000	-0.016800
0.004986	5.920000	-0.016800
0.004988	5.920000	-0.016800
0.004990	5.920000	-0.017200
0.004992	5.920000	-0.016800
0.004994	5.920000	-0.016800
0.004996	5.920000	-0.016800
0.004998	5.920000	-0.016800
