x-axis,2
second,Volt
0.800000002387,0.253125
0.800200002387,0.26875
0.800400002387,0.26875
0.800600002387,0.26875
0.800800002387,0.253125
0.801000002387,0.26875
0.801200002387,0.284375
0.801400002387,0.26875
0.801600002387,0.284375
0.801800002387,0.26875
0.802000002387,0.26875
0.802200002387,0.26875
0.802400002387,0.253125
0.802600002387,0.26875
0.802800002387,0.26875
0.803000002387,0.26875
0.803200002387,0.26875
0.803400002387,0.284375
0.803600002387,0.26875
0.803800002388,0.284375
0.804000002387,0.26875
0.804200002387,0.26875
0.804400002387,0.284375
0.804600002387,0.26875
0.804800002387,0.26875
0.805000002387,0.26875
0.805200002387,0.26875
0.805400002387,0.26875
0.805600002387,0.284375
0.805800002387,0.26875
0.806000002387,0.26875
0.806200002387,0.26875
0.806400002387,0.253125
0.806600002387,0.26875
0.806800002387,0.26875
0.807000002388,0.26875
0.807200002387,0.26875
0.807400002387,0.26875
0.807600002388,0.26875
0.807800002387,0.26875
0.808000002387,0.284375
0.808200002387,0.284375
0.808400002387,0.26875
0.808600002388,0.284375
0.808800002387,0.284375
0.809000002387,0.284375
0.809200002387,0.26875
0.809400002387,0.284375
0.809600002387,0.284375
0.809800002387,0.26875
0.810000002387,0.26875
0.810200002387,0.26875
0.810400002387,0.284375
0.810600002387,0.3
0.810800002388,0.26875
0.811000002387,0.284375
0.811200002387,0.284375
0.811400002387,0.284375
0.811600002387,0.26875
0.811800002388,0.284375
0.812000002387,0.26875
0.812200002387,0.284375
0.812400002387,0.284375
0.812600002387,0.284375
0.812800002387,0.26875
0.813000002387,0.26875
0.813200002387,0.26875
0.813400002387,0.26875
0.813600002387,0.284375
0.813800002387,0.26875
0.814000002387,0.3
0.814200002387,0.284375
0.814400002387,0.284375
0.814600002387,0.284375
0.814800002387,0.26875
0.815000002387,0.284375
0.815200002387,0.3
0.815400002387,0.284375
0.815600002387,0.284375
0.815800002387,0.284375
0.816000002387,0.284375
0.816200002387,0.284375
0.816400002387,0.3
0.816600002387,0.284375
0.816800002387,0.26875
0.817000002387,0.26875
0.817200002387,0.284375
0.817400002387,0.284375
0.817600002387,0.284375
0.817800002387,0.284375
0.818000002387,0.3
0.818200002387,0.284375
0.818400002387,0.284375
0.818600002387,0.284375
0.818800002387,0.284375
0.819000002387,0.284375
0.819200002387,0.26875
0.819400002387,0.284375
0.819600002387,0.284375
0.819800002388,0.26875
0.820000002387,0.3
0.820200002387,0.3
0.820400002387,0.284375
0.820600002387,0.284375
0.820800002387,0.284375
0.821000002387,0.26875
0.821200002387,0.284375
0.821400002387,0.26875
0.821600002387,0.3
0.821800002387,0.3
0.822000002387,0.284375
0.822200002387,0.26875
0.822400002387,0.284375
0.822600002387,0.284375
0.822800002387,0.284375
0.823000002388,0.26875
0.823200002387,0.284375
0.823400002387,0.26875
0.823600002387,0.26875
0.823800002387,0.284375
0.824000002387,0.284375
0.824200002387,0.284375
0.824400002387,0.284375
0.824600002387,0.284375
0.824800002387,0.3
0.825000002387,0.284375
0.825200002387,0.284375
0.825400002387,0.284375
0.825600002387,0.284375
0.825800002387,0.284375
0.826000002387,0.284375
0.826200002387,0.284375
0.826400002387,0.3
0.826600002387,0.284375
0.826800002388,0.284375
0.827000002387,0.284375
0.827200002387,0.284375
0.827400002387,0.284375
0.827600002387,0.3
0.827800002388,0.3
0.828000002387,0.3
0.828200002387,0.3
0.828400002387,0.284375
0.828600002387,0.3
0.828800002388,0.284375
0.829000002387,0.3
0.829200002387,0.3
0.829400002387,0.284375
0.829600002387,0.284375
0.829800002387,0.284375
0.830000002387,0.26875
0.830200002387,0.3
0.830400002387,0.284375
0.830600002387,0.3
0.830800002387,0.284375
0.831000002387,0.284375
0.831200002387,0.3
0.831400002387,0.3
0.831600002387,0.3
0.831800002387,0.3
0.832000002388,0.284375
0.832200002387,0.284375
0.832400002387,0.3
0.832600002387,0.284375
0.832800002387,0.284375
0.833000002387,0.284375
0.833200002387,0.3
0.833400002387,0.3
0.833600002387,0.3
0.833800002387,0.284375
0.834000002387,0.284375
0.834200002387,0.284375
0.834400002387,0.284375
0.834600002387,0.284375
0.834800002387,0.284375
0.835000002387,0.284375
0.835200002388,0.284375
0.835400002387,0.284375
0.835600002387,0.284375
0.835800002387,0.26875
0.836000002387,0.284375
0.836200002387,0.284375
0.836400002387,0.284375
0.836600002387,0.284375
0.836800002388,0.284375
0.837000002387,0.284375
0.837200002387,0.3
0.837400002387,0.284375
0.837600002387,0.284375
0.837800002387,0.284375
0.838000002387,0.284375
0.838200002387,0.3
0.838400002387,0.3
0.838600002387,0.284375
0.838800002387,0.3
0.839000002388,0.284375
0.839200002387,0.3
0.839400002387,0.284375
0.839600002387,0.284375
0.839800002387,0.3
0.840000002388,0.284375
0.840200002387,0.284375
0.840400002387,0.284375
0.840600002387,0.284375
0.840800002387,0.284375
0.841000002387,0.3
0.841200002387,0.284375
0.841400002387,0.284375
0.841600002387,0.284375
0.841800002387,0.284375
0.842000002387,0.284375
0.842200002387,0.284375
0.842400002387,0.26875
0.842600002387,0.26875
0.842800002387,0.284375
0.843000002387,0.284375
0.843200002387,0.284375
0.843400002387,0.284375
0.843600002387,0.284375
0.843800002387,0.3
0.844000002387,0.26875
0.844200002387,0.26875
0.844400002387,0.3
0.844600002387,0.284375
0.844800002387,0.284375
0.845000002387,0.26875
0.845200002387,0.284375
0.845400002387,0.284375
0.845600002387,0.284375
0.845800002387,0.284375
0.846000002387,0.284375
0.846200002387,0.284375
0.846400002387,0.26875
0.846600002387,0.284375
0.846800002387,0.284375
0.847000002387,0.284375
0.847200002387,0.3
0.847400002387,0.26875
0.847600002387,0.284375
0.847800002387,0.26875
0.848000002388,0.284375
0.848200002387,0.26875
0.848400002387,0.284375
0.848600002387,0.26875
0.848800002387,0.26875
0.849000002387,0.284375
0.849200002387,0.284375
0.849400002387,0.284375
0.849600002387,0.3
0.849800002387,0.26875
0.850000002387,0.26875
0.850200002387,0.26875
0.850400002387,0.26875
0.850600002387,0.26875
0.850800002387,0.284375
0.851000002387,0.284375
0.851200002388,0.26875
0.851400002387,0.26875
0.851600002387,0.284375
0.851800002387,0.26875
0.852000002387,0.284375
0.852200002387,0.284375
0.852400002387,0.284375
0.852600002387,0.284375
0.852800002387,0.284375
0.853000002387,0.26875
0.853200002387,0.284375
0.853400002387,0.284375
0.853600002387,0.284375
0.853800002387,0.26875
0.854000002387,0.284375
0.854200002387,0.284375
0.854400002387,0.284375
0.854600002387,0.26875
0.854800002387,0.284375
0.855000002388,0.253125
0.855200002387,0.26875
0.855400002387,0.26875
0.855600002387,0.26875
0.855800002387,0.26875
0.856000002387,0.26875
0.856200002387,0.26875
0.856400002387,0.26875
0.856600002387,0.253125
0.856800002387,0.26875
0.857000002388,0.26875
0.857200002387,0.26875
0.857400002387,0.26875
0.857600002387,0.26875
0.857800002387,0.26875
0.858000002387,0.284375
0.858200002387,0.284375
0.858400002387,0.284375
0.858600002387,0.26875
0.858800002387,0.284375
0.859000002387,0.284375
0.859200002387,0.26875
0.859400002387,0.26875
0.859600002387,0.26875
0.859800002387,0.26875
0.860000002387,0.26875
0.860200002388,0.253125
0.860400002387,0.26875
0.860600002387,0.26875
0.860800002387,0.26875
0.861000002387,0.26875
0.861200002387,0.26875
0.861400002387,0.26875
0.861600002387,0.26875
0.861800002387,0.26875
0.862000002387,0.26875
0.862200002387,0.26875
0.862400002387,0.26875
0.862600002387,0.253125
0.862800002387,0.253125
0.863000002387,0.253125
0.863200002387,0.26875
0.863400002388,0.26875
0.863600002387,0.26875
0.863800002387,0.26875
0.864000002387,0.26875
0.864200002387,0.26875
0.864400002387,0.26875
0.864600002387,0.26875
0.864800002387,0.26875
0.865000002387,0.253125
0.865200002387,0.26875
0.865400002387,0.26875
0.865600002387,0.253125
0.865800002387,0.26875
0.866000002387,0.26875
0.866200002387,0.253125
0.866400002387,0.253125
0.866600002387,0.26875
0.866800002387,0.26875
0.867000002387,0.253125
0.867200002388,0.26875
0.867400002387,0.26875
0.867600002387,0.253125
0.867800002387,0.253125
0.868000002387,0.26875
0.868200002388,0.253125
0.868400002387,0.26875
0.868600002387,0.253125
0.868800002387,0.26875
0.869000002387,0.253125
0.869200002387,0.253125
0.869400002387,0.26875
0.869600002387,0.253125
0.869800002387,0.253125
0.870000002387,0.2375
0.870200002387,0.26875
0.870400002387,0.253125
0.870600002387,0.253125
0.870800002387,0.253125
0.871000002387,0.26875
0.871200002387,0.2375
0.871400002387,0.253125
0.871600002387,0.26875
0.871800002387,0.253125
0.872000002387,0.2375
0.872200002387,0.253125
0.872400002387,0.253125
0.872600002387,0.2375
0.872800002387,0.26875
0.873000002387,0.253125
0.873200002387,0.2375
0.873400002387,0.253125
0.873600002387,0.2375
0.873800002387,0.2375
0.874000002387,0.2375
0.874200002387,0.253125
0.874400002387,0.253125
0.874600002387,0.2375
0.874800002387,0.2375
0.875000002387,0.253125
0.875200002387,0.253125
0.875400002387,0.2375
0.875600002387,0.26875
0.875800002387,0.253125
0.876000002387,0.2375
0.876200002387,0.253125
0.876400002387,0.253125
0.876600002387,0.253125
0.876800002387,0.2375
0.877000002387,0.253125
0.877200002387,0.253125
0.877400002387,0.253125
0.877600002387,0.2375
0.877800002387,0.253125
0.878000002387,0.253125
0.878200002387,0.253125
0.878400002387,0.253125
0.878600002387,0.253125
0.878800002387,0.253125
0.879000002387,0.253125
0.879200002387,0.253125
0.879400002388,0.253125
0.879600002387,0.26875
0.879800002387,0.2375
0.880000002387,0.253125
0.880200002387,0.2375
0.880400002388,0.253125
0.880600002387,0.26875
0.880800002387,0.221875
0.881000002387,0.253125
0.881200002387,0.2375
0.881400002387,0.221875
0.881600002387,0.2375
0.881800002387,0.2375
0.882000002387,0.253125
0.882200002387,0.2375
0.882400002387,0.2375
0.882600002387,0.2375
0.882800002387,0.2375
0.883000002387,0.253125
0.883200002388,0.2375
0.883400002387,0.221875
0.883600002387,0.221875
0.883800002387,0.2375
0.884000002387,0.2375
0.884200002387,0.2375
0.884400002387,0.2375
0.884600002387,0.2375
0.884800002387,0.253125
0.885000002387,0.221875
0.885200002388,0.2375
0.885400002387,0.2375
0.885600002387,0.2375
0.885800002387,0.2375
0.886000002387,0.221875
0.886200002387,0.2375
0.886400002387,0.253125
0.886600002387,0.2375
0.886800002387,0.2375
0.887000002387,0.2375
0.887200002387,0.2375
0.887400002387,0.221875
0.887600002387,0.2375
0.887800002387,0.2375
0.888000002387,0.221875
0.888200002387,0.221875
0.888400002388,0.2375
0.888600002387,0.221875
0.888800002387,0.2375
0.889000002387,0.2375
0.889200002387,0.221875
0.889400002387,0.253125
0.889600002387,0.2375
0.889800002387,0.2375
0.890000002387,0.221875
0.890200002387,0.2375
0.890400002387,0.2375
0.890600002387,0.221875
0.890800002387,0.221875
0.891000002387,0.2375
0.891200002387,0.2375
0.891400002387,0.2375
0.891600002388,0.253125
0.891800002387,0.221875
0.892000002387,0.221875
0.892200002387,0.221875
0.892400002387,0.221875
0.892600002387,0.2375
0.892800002387,0.221875
0.893000002387,0.221875
0.893200002387,0.2375
0.893400002387,0.221875
0.893600002387,0.221875
0.893800002387,0.221875
0.894000002387,0.221875
0.894200002387,0.221875
0.894400002387,0.221875
0.894600002387,0.2375
0.894800002387,0.221875
0.895000002387,0.221875
0.895200002387,0.20625
0.895400002388,0.20625
0.895600002387,0.20625
0.895800002387,0.20625
0.896000002387,0.221875
0.896200002387,0.221875
0.896400002387,0.20625
0.896600002387,0.221875
0.896800002387,0.2375
0.897000002387,0.221875
0.897200002387,0.221875
0.897400002387,0.221875
0.897600002387,0.20625
0.897800002387,0.190625
0.898000002387,0.221875
0.898200002387,0.2375
0.898400002387,0.221875
0.898600002387,0.20625
0.898800002387,0.20625
0.899000002387,0.20625
0.899200002387,0.221875
0.899400002387,0.221875
0.899600002387,0.20625
0.899800002387,0.221875
0.900000002387,0.221875
0.900200002387,0.221875
0.900400002387,0.221875
0.900600002387,0.20625
0.900800002387,0.20625
0.901000002387,0.221875
0.901200002387,0.221875
0.901400002387,0.221875
0.901600002387,0.20625
0.901800002387,0.20625
0.902000002387,0.20625
0.902200002387,0.20625
0.902400002387,0.221875
0.902600002387,0.221875
0.902800002387,0.20625
0.903000002387,0.221875
0.903200002387,0.221875
0.903400002387,0.221875
0.903600002387,0.190625
0.903800002388,0.20625
0.904000002387,0.20625
0.904200002387,0.20625
0.904400002387,0.190625
0.904600002387,0.20625
0.904800002387,0.20625
0.905000002387,0.20625
0.905200002387,0.20625
0.905400002388,0.20625
0.905600002387,0.20625
0.905800002387,0.190625
0.906000002387,0.20625
0.906200002387,0.190625
0.906400002387,0.20625
0.906600002387,0.20625
0.906800002387,0.190625
0.907000002387,0.20625
0.907200002387,0.20625
0.907400002387,0.20625
0.907600002388,0.20625
0.907800002387,0.190625
0.908000002387,0.20625
0.908200002387,0.20625
0.908400002387,0.20625
0.908600002388,0.20625
0.908800002387,0.190625
0.909000002387,0.20625
0.909200002387,0.20625
0.909400002387,0.190625
0.909600002387,0.190625
0.909800002387,0.190625
0.910000002387,0.20625
0.910200002387,0.190625
0.910400002387,0.190625
0.910600002387,0.20625
0.910800002387,0.190625
0.911000002387,0.190625
0.911200002387,0.190625
0.911400002387,0.190625
0.911600002387,0.20625
0.911800002387,0.190625
0.912000002387,0.190625
0.912200002387,0.190625
0.912400002387,0.20625
0.912600002387,0.190625
0.912800002387,0.190625
0.913000002387,0.190625
0.913200002387,0.190625
0.913400002387,0.20625
0.913600002387,0.190625
0.913800002387,0.190625
0.914000002387,0.190625
0.914200002387,0.190625
0.914400002387,0.190625
0.914600002387,0.190625
0.914800002387,0.190625
0.915000002387,0.20625
0.915200002387,0.190625
0.915400002387,0.190625
0.915600002387,0.175
0.915800002387,0.190625
0.916000002387,0.175
0.916200002387,0.20625
0.916400002387,0.175
0.916600002388,0.190625
0.916800002387,0.190625
0.917000002387,0.190625
0.917200002387,0.20625
0.917400002387,0.190625
0.917600002387,0.190625
0.917800002387,0.190625
0.918000002387,0.175
0.918200002387,0.190625
0.918400002387,0.175
0.918600002387,0.175
0.918800002387,0.190625
0.919000002387,0.190625
0.919200002387,0.175
0.919400002387,0.190625
0.919600002387,0.175
0.919800002388,0.190625
0.920000002387,0.190625
0.920200002387,0.190625
0.920400002387,0.190625
0.920600002387,0.175
0.920800002387,0.175
0.921000002387,0.175
0.921200002387,0.190625
0.921400002387,0.175
0.921600002387,0.175
0.921800002387,0.175
0.922000002387,0.190625
0.922200002387,0.190625
0.922400002387,0.175
0.922600002387,0.190625
0.922800002387,0.175
0.923000002387,0.190625
0.923200002387,0.175
0.923400002387,0.175
0.923600002388,0.190625
0.923800002387,0.190625
0.924000002387,0.175
0.924200002387,0.190625
0.924400002387,0.190625
0.924600002387,0.175
0.924800002387,0.175
0.925000002387,0.175
0.925200002387,0.190625
0.925400002387,0.175
0.925600002387,0.175
0.925800002387,0.175
0.926000002387,0.175
0.926200002387,0.175
0.926400002387,0.175
0.926600002387,0.190625
0.926800002387,0.175
0.927000002387,0.175
0.927200002387,0.159375
0.927400002387,0.175
0.927600002387,0.175
0.927800002387,0.175
0.928000002387,0.175
0.928200002387,0.175
0.928400002387,0.175
0.928600002387,0.175
0.928800002388,0.175
0.929000002387,0.159375
0.929200002387,0.175
0.929400002387,0.175
0.929600002387,0.159375
0.929800002387,0.175
0.930000002387,0.175
0.930200002387,0.159375
0.930400002387,0.159375
0.930600002387,0.175
0.930800002387,0.175
0.931000002387,0.175
0.931200002387,0.159375
0.931400002387,0.14375
0.931600002387,0.159375
0.931800002387,0.159375
0.932000002388,0.159375
0.932200002387,0.159375
0.932400002387,0.159375
0.932600002387,0.159375
0.932800002387,0.175
0.933000002387,0.159375
0.933200002387,0.175
0.933400002387,0.159375
0.933600002388,0.175
0.933800002387,0.159375
0.934000002387,0.175
0.934200002387,0.159375
0.934400002387,0.159375
0.934600002387,0.159375
0.934800002387,0.14375
0.935000002387,0.14375
0.935200002387,0.159375
0.935400002387,0.159375
0.935600002387,0.175
0.935800002388,0.159375
0.936000002387,0.159375
0.936200002387,0.159375
0.936400002387,0.159375
0.936600002387,0.159375
0.936800002387,0.159375
0.937000002387,0.159375
0.937200002387,0.14375
0.937400002387,0.14375
0.937600002387,0.14375
0.937800002387,0.159375
0.938000002387,0.159375
0.938200002387,0.159375
0.938400002387,0.14375
0.938600002387,0.14375
0.938800002387,0.14375
0.939000002387,0.159375
0.939200002387,0.159375
0.939400002387,0.159375
0.939600002387,0.14375
0.939800002387,0.14375
0.940000002387,0.159375
0.940200002387,0.14375
0.940400002387,0.14375
0.940600002387,0.159375
0.940800002387,0.159375
0.941000002387,0.14375
0.941200002387,0.159375
0.941400002387,0.14375
0.941600002387,0.159375
0.941800002387,0.14375
0.942000002387,0.159375
0.942200002387,0.14375
0.942400002387,0.14375
0.942600002387,0.14375
0.942800002387,0.159375
0.943000002387,0.14375
0.943200002387,0.14375
0.943400002387,0.14375
0.943600002387,0.14375
0.943800002387,0.14375
0.944000002387,0.14375
0.944200002387,0.14375
0.944400002387,0.159375
0.944600002387,0.14375
0.944800002387,0.14375
0.945000002387,0.14375
0.945200002387,0.159375
0.945400002387,0.159375
0.945600002387,0.128125
0.945800002387,0.14375
0.946000002387,0.128125
0.946200002387,0.14375
0.946400002387,0.128125
0.946600002387,0.14375
0.946800002387,0.14375
0.947000002387,0.128125
0.947200002387,0.14375
0.947400002387,0.159375
0.947600002387,0.14375
0.947800002387,0.159375
0.948000002388,0.128125
0.948200002387,0.14375
0.948400002387,0.14375
0.948600002387,0.14375
0.948800002387,0.128125
0.949000002387,0.14375
0.949200002387,0.14375
0.949400002387,0.14375
0.949600002387,0.128125
0.949800002387,0.128125
0.950000002387,0.14375
0.950200002387,0.14375
0.950400002387,0.128125
0.950600002387,0.128125
0.950800002387,0.14375
0.951000002387,0.128125
0.951200002387,0.14375
0.951400002387,0.14375
0.951600002387,0.159375
0.951800002388,0.14375
0.952000002387,0.128125
0.952200002387,0.128125
0.952400002387,0.128125
0.952600002387,0.1125
0.952800002387,0.128125
0.953000002387,0.14375
0.953200002387,0.128125
0.953400002387,0.128125
0.953600002387,0.128125
0.953800002388,0.1125
0.954000002387,0.14375
0.954200002387,0.128125
0.954400002387,0.128125
0.954600002387,0.128125
0.954800002387,0.128125
0.955000002387,0.14375
0.955200002387,0.128125
0.955400002387,0.1125
0.955600002387,0.1125
0.955800002387,0.14375
0.956000002387,0.128125
0.956200002387,0.128125
0.956400002387,0.128125
0.956600002387,0.128125
0.956800002387,0.128125
0.957000002387,0.1125
0.957200002387,0.128125
0.957400002387,0.128125
0.957600002387,0.128125
0.957800002387,0.1125
0.958000002387,0.128125
0.958200002387,0.128125
0.958400002387,0.14375
0.958600002387,0.1125
0.958800002387,0.128125
0.959000002387,0.128125
0.959200002387,0.1125
0.959400002387,0.1125
0.959600002387,0.128125
0.959800002387,0.128125
0.960000002387,0.128125
0.960200002388,0.1125
0.960400002387,0.128125
0.960600002387,0.1125
0.960800002387,0.1125
0.961000002387,0.1125
0.961200002387,0.1125
0.961400002387,0.128125
0.961600002387,0.1125
0.961800002388,0.1125
0.962000002387,0.128125
0.962200002387,0.1125
0.962400002387,0.1125
0.962600002387,0.1125
0.962800002387,0.1125
0.963000002387,0.1125
0.963200002387,0.1125
0.963400002387,0.1125
0.963600002387,0.128125
0.963800002387,0.128125
0.964000002388,0.1125
0.964200002387,0.1125
0.964400002387,0.1125
0.964600002387,0.1125
0.964800002387,0.1125
0.965000002387,0.1125
0.965200002387,0.096875
0.965400002387,0.096875
0.965600002387,0.1125
0.965800002387,0.1125
0.966000002387,0.096875
0.966200002387,0.1125
0.966400002387,0.1125
0.966600002387,0.1125
0.966800002387,0.1125
0.967000002387,0.096875
0.967200002387,0.1125
0.967400002387,0.128125
0.967600002387,0.096875
0.967800002387,0.1125
0.968000002387,0.1125
0.968200002387,0.1125
0.968400002387,0.1125
0.968600002387,0.096875
0.968800002387,0.096875
0.969000002387,0.1125
0.969200002387,0.096875
0.969400002387,0.128125
0.969600002387,0.096875
0.969800002387,0.096875
0.970000002387,0.1125
0.970200002387,0.096875
0.970400002387,0.096875
0.970600002387,0.1125
0.970800002387,0.096875
0.971000002387,0.1125
0.971200002387,0.128125
0.971400002387,0.096875
0.971600002387,0.096875
0.971800002387,0.1125
0.972000002387,0.096875
0.972200002387,0.1125
0.972400002387,0.096875
0.972600002387,0.096875
0.972800002387,0.096875
0.973000002387,0.096875
0.973200002387,0.096875
0.973400002387,0.1125
0.973600002387,0.08125
0.973800002387,0.1125
0.974000002387,0.128125
0.974200002387,0.096875
0.974400002387,0.096875
0.974600002387,0.1125
0.974800002387,0.096875
0.975000002387,0.1125
0.975200002387,0.096875
0.975400002387,0.096875
0.975600002387,0.096875
0.975800002387,0.096875
0.976000002387,0.1125
0.976200002388,0.096875
0.976400002387,0.1125
0.976600002387,0.096875
0.976800002387,0.096875
0.977000002387,0.096875
0.977200002387,0.065625
0.977400002387,0.1125
0.977600002387,0.1125
0.977800002387,0.1125
0.978000002387,0.096875
0.978200002387,0.096875
0.978400002387,0.08125
0.978600002387,0.096875
0.978800002387,0.096875
0.979000002387,0.096875
0.979200002387,0.096875
0.979400002387,0.096875
0.979600002387,0.096875
0.979800002387,0.096875
0.980000002388,0.1125
0.980200002387,0.08125
0.980400002387,0.08125
0.980600002387,0.08125
0.980800002387,0.096875
0.981000002387,0.08125
0.981200002387,0.096875
0.981400002387,0.096875
0.981600002387,0.096875
0.981800002387,0.096875
0.982000002388,0.096875
0.982200002387,0.1125
0.982400002387,0.08125
0.982600002387,0.096875
0.982800002387,0.08125
0.983000002387,0.08125
0.983200002387,0.096875
0.983400002387,0.096875
0.983600002387,0.1125
0.983800002387,0.096875
0.984000002387,0.096875
0.984200002387,0.096875
0.984400002387,0.096875
0.984600002387,0.096875
0.984800002387,0.08125
0.985000002387,0.096875
0.985200002387,0.096875
0.985400002387,0.08125
0.985600002387,0.096875
0.985800002387,0.096875
0.986000002387,0.08125
0.986200002387,0.096875
0.986400002387,0.096875
0.986600002387,0.096875
0.986800002387,0.096875
0.987000002387,0.096875
0.987200002387,0.096875
0.987400002387,0.096875
0.987600002387,0.096875
0.987800002387,0.08125
0.988000002387,0.096875
0.988200002387,0.08125
0.988400002388,0.096875
0.988600002387,0.096875
0.988800002387,0.08125
0.989000002387,0.1125
0.989200002387,0.08125
0.989400002387,0.096875
0.989600002387,0.096875
0.989800002387,0.08125
0.990000002387,0.096875
0.990200002387,0.096875
0.990400002387,0.096875
0.990600002387,0.096875
0.990800002387,0.096875
0.991000002387,0.096875
0.991200002387,0.096875
0.991400002387,0.096875
0.991600002387,0.096875
0.991800002387,0.08125
0.992000002387,0.096875
0.992200002388,0.096875
0.992400002387,0.096875
0.992600002387,0.08125
0.992800002387,0.08125
0.993000002387,0.08125
0.993200002387,0.096875
0.993400002387,0.08125
0.993600002387,0.08125
0.993800002387,0.096875
0.994000002387,0.08125
0.994200002387,0.096875
0.994400002387,0.08125
0.994600002387,0.08125
0.994800002387,0.08125
0.995000002387,0.065625
0.995200002387,0.08125
0.995400002387,0.08125
0.995600002387,0.08125
0.995800002387,0.096875
0.996000002387,0.096875
0.996200002387,0.096875
0.996400002387,0.096875
0.996600002387,0.096875
0.996800002387,0.08125
0.997000002387,0.096875
0.997200002387,0.096875
0.997400002387,0.096875
0.997600002387,0.08125
0.997800002387,0.096875
0.998000002387,0.08125
0.998200002387,0.08125
0.998400002387,0.096875
0.998600002387,0.08125
0.998800002387,0.08125
0.999000002387,0.08125
0.999200002387,0.08125
0.999400002387,0.08125
0.999600002387,0.08125
0.999800002387,0.08125
1.00000000239,0.08125
1.00020000239,0.096875
1.00040000239,0.08125
1.00060000239,0.08125
1.00080000239,0.08125
1.00100000239,0.08125
1.00120000239,0.096875
1.00140000239,0.08125
1.00160000239,0.096875
1.00180000239,0.08125
1.00200000239,0.065625
1.00220000239,0.08125
1.00240000239,0.096875
1.00260000239,0.08125
1.00280000239,0.08125
1.00300000239,0.096875
1.00320000239,0.08125
1.00340000239,0.096875
1.00360000239,0.08125
1.00380000239,0.08125
1.00400000239,0.08125
1.00420000239,0.08125
1.00440000239,0.065625
1.00460000239,0.08125
1.00480000239,0.096875
1.00500000239,0.08125
1.00520000239,0.08125
1.00540000239,0.08125
1.00560000239,0.065625
1.00580000239,0.065625
1.00600000239,0.096875
1.00620000239,0.08125
1.00640000239,0.08125
1.00660000239,0.08125
1.00680000239,0.08125
1.00700000239,0.08125
1.00720000239,0.08125
1.00740000239,0.096875
1.00760000239,0.08125
1.00780000239,0.065625
1.00800000239,0.065625
1.00820000239,0.08125
1.00840000239,0.08125
1.00860000239,0.08125
1.00880000239,0.08125
1.00900000239,0.08125
1.00920000239,0.08125
1.00940000239,0.08125
1.00960000239,0.096875
1.00980000239,0.096875
1.01000000239,0.065625
1.01020000239,0.08125
1.01040000239,0.08125
1.01060000239,0.08125
1.01080000239,0.096875
1.01100000239,0.065625
1.01120000239,0.08125
1.01140000239,0.065625
1.01160000239,0.096875
1.01180000239,0.08125
1.01200000239,0.065625
1.01220000239,0.065625
1.01240000239,0.065625
1.01260000239,0.08125
1.01280000239,0.08125
1.01300000239,0.08125
1.01320000239,0.065625
1.01340000239,0.065625
1.01360000239,0.08125
1.01380000239,0.065625
1.01400000239,0.08125
1.01420000239,0.065625
1.01440000239,0.065625
1.01460000239,0.065625
1.01480000239,0.08125
1.01500000239,0.08125
1.01520000239,0.065625
1.01540000239,0.096875
1.01560000239,0.065625
1.01580000239,0.08125
1.01600000239,0.065625
1.01620000239,0.08125
1.01640000239,0.065625
1.01660000239,0.08125
1.01680000239,0.08125
1.01700000239,0.065625
1.01720000239,0.065625
1.01740000239,0.08125
1.01760000239,0.065625
1.01780000239,0.08125
1.01800000239,0.08125
1.01820000239,0.065625
1.01840000239,0.08125
1.01860000239,0.065625
1.01880000239,0.08125
1.01900000239,0.065625
1.01920000239,0.065625
1.01940000239,0.08125
1.01960000239,0.065625
1.01980000239,0.096875
1.02000000239,0.065625
1.02020000239,0.065625
1.02040000239,0.096875
1.02060000239,0.065625
1.02080000239,0.08125
1.02100000239,0.065625
1.02120000239,0.08125
1.02140000239,0.08125
1.02160000239,0.065625
1.02180000239,0.08125
1.02200000239,0.065625
1.02220000239,0.065625
1.02240000239,0.065625
1.02260000239,0.065625
1.02280000239,0.065625
1.02300000239,0.08125
1.02320000239,0.05
1.02340000239,0.08125
1.02360000239,0.065625
1.02380000239,0.08125
1.02400000239,0.065625
1.02420000239,0.08125
1.02440000239,0.08125
1.02460000239,0.065625
1.02480000239,0.065625
1.02500000239,0.08125
1.02520000239,0.08125
1.02540000239,0.065625
1.02560000239,0.08125
1.02580000239,0.08125
1.02600000239,0.065625
1.02620000239,0.08125
1.02640000239,0.08125
1.02660000239,0.065625
1.02680000239,0.065625
1.02700000239,0.065625
1.02720000239,0.065625
1.02740000239,0.065625
1.02760000239,0.08125
1.02780000239,0.065625
1.02800000239,0.08125
1.02820000239,0.08125
1.02840000239,0.08125
1.02860000239,0.08125
1.02880000239,0.08125
1.02900000239,0.065625
1.02920000239,0.065625
1.02940000239,0.065625
1.02960000239,0.065625
1.02980000239,0.065625
1.03000000239,0.065625
1.03020000239,0.08125
1.03040000239,0.065625
1.03060000239,0.065625
1.03080000239,0.08125
1.03100000239,0.08125
1.03120000239,0.065625
1.03140000239,0.065625
1.03160000239,0.065625
1.03180000239,0.065625
1.03200000239,0.065625
1.03220000239,0.065625
1.03240000239,0.05
1.03260000239,0.065625
1.03280000239,0.08125
1.03300000239,0.065625
1.03320000239,0.065625
1.03340000239,0.065625
1.03360000239,0.065625
1.03380000239,0.065625
1.03400000239,0.08125
1.03420000239,0.065625
1.03440000239,0.065625
1.03460000239,0.08125
1.03480000239,0.065625
1.03500000239,0.065625
1.03520000239,0.065625
1.03540000239,0.08125
1.03560000239,0.065625
1.03580000239,0.065625
1.03600000239,0.065625
1.03620000239,0.08125
1.03640000239,0.065625
1.03660000239,0.08125
1.03680000239,0.065625
1.03700000239,0.05
1.03720000239,0.08125
1.03740000239,0.065625
1.03760000239,0.065625
1.03780000239,0.065625
1.03800000239,0.065625
1.03820000239,0.065625
1.03840000239,0.08125
1.03860000239,0.05
1.03880000239,0.065625
1.03900000239,0.08125
1.03920000239,0.08125
1.03940000239,0.065625
1.03960000239,0.065625
1.03980000239,0.065625
1.04000000239,0.065625
1.04020000239,0.08125
1.04040000239,0.065625
1.04060000239,0.08125
1.04080000239,0.065625
1.04100000239,0.08125
1.04120000239,0.065625
1.04140000239,0.065625
1.04160000239,0.065625
1.04180000239,0.065625
1.04200000239,0.08125
1.04220000239,0.08125
1.04240000239,0.065625
1.04260000239,0.065625
1.04280000239,0.05
1.04300000239,0.08125
1.04320000239,0.065625
1.04340000239,0.065625
1.04360000239,0.065625
1.04380000239,0.08125
1.04400000239,0.065625
1.04420000239,0.08125
1.04440000239,0.08125
1.04460000239,0.08125
1.04480000239,0.08125
1.04500000239,0.08125
1.04520000239,0.08125
1.04540000239,0.065625
1.04560000239,0.065625
1.04580000239,0.05
1.04600000239,0.065625
1.04620000239,0.08125
1.04640000239,0.065625
1.04660000239,0.08125
1.04680000239,0.065625
1.04700000239,0.065625
1.04720000239,0.065625
1.04740000239,0.065625
1.04760000239,0.08125
1.04780000239,0.08125
1.04800000239,0.05
1.04820000239,0.065625
1.04840000239,0.065625
1.04860000239,0.065625
1.04880000239,0.065625
1.04900000239,0.065625
1.04920000239,0.065625
1.04940000239,0.065625
1.04960000239,0.05
1.04980000239,0.08125
1.05000000239,0.065625
1.05020000239,0.065625
1.05040000239,0.065625
1.05060000239,0.065625
1.05080000239,0.08125
1.05100000239,0.05
1.05120000239,0.065625
1.05140000239,0.065625
1.05160000239,0.05
1.05180000239,0.065625
1.05200000239,0.08125
1.05220000239,0.065625
1.05240000239,0.065625
1.05260000239,0.065625
1.05280000239,0.05
1.05300000239,0.065625
1.05320000239,0.08125
1.05340000239,0.065625
1.05360000239,0.065625
1.05380000239,0.05
1.05400000239,0.08125
1.05420000239,0.065625
1.05440000239,0.08125
1.05460000239,0.065625
1.05480000239,0.065625
1.05500000239,0.065625
1.05520000239,0.065625
1.05540000239,0.065625
1.05560000239,0.065625
1.05580000239,0.065625
1.05600000239,0.065625
1.05620000239,0.065625
1.05640000239,0.065625
1.05660000239,0.065625
1.05680000239,0.065625
1.05700000239,0.065625
1.05720000239,0.08125
1.05740000239,0.08125
1.05760000239,0.08125
1.05780000239,0.08125
1.05800000239,0.065625
1.05820000239,0.065625
1.05840000239,0.065625
1.05860000239,0.065625
1.05880000239,0.065625
1.05900000239,0.08125
1.05920000239,0.08125
1.05940000239,0.08125
1.05960000239,0.065625
1.05980000239,0.065625
1.06000000239,0.08125
1.06020000239,0.065625
1.06040000239,0.08125
1.06060000239,0.065625
1.06080000239,0.065625
1.06100000239,0.065625
1.06120000239,0.05
1.06140000239,0.065625
1.06160000239,0.08125
1.06180000239,0.08125
1.06200000239,0.065625
1.06220000239,0.08125
1.06240000239,0.065625
1.06260000239,0.065625
1.06280000239,0.08125
1.06300000239,0.065625
1.06320000239,0.08125
1.06340000239,0.065625
1.06360000239,0.065625
1.06380000239,0.08125
1.06400000239,0.065625
1.06420000239,0.08125
1.06440000239,0.065625
1.06460000239,0.065625
1.06480000239,0.08125
1.06500000239,0.065625
1.06520000239,0.065625
1.06540000239,0.08125
1.06560000239,0.08125
1.06580000239,0.08125
1.06600000239,0.065625
1.06620000239,0.065625
1.06640000239,0.08125
1.06660000239,0.065625
1.06680000239,0.065625
1.06700000239,0.08125
1.06720000239,0.065625
1.06740000239,0.08125
1.06760000239,0.05
1.06780000239,0.08125
1.06800000239,0.05
1.06820000239,0.065625
1.06840000239,0.065625
1.06860000239,0.065625
1.06880000239,0.065625
1.06900000239,0.08125
1.06920000239,0.05
1.06940000239,0.065625
1.06960000239,0.065625
1.06980000239,0.08125
1.07000000239,0.065625
1.07020000239,0.065625
1.07040000239,0.065625
1.07060000239,0.065625
1.07080000239,0.065625
1.07100000239,0.065625
1.07120000239,0.065625
1.07140000239,0.065625
1.07160000239,0.065625
1.07180000239,0.065625
1.07200000239,0.08125
1.07220000239,0.05
1.07240000239,0.065625
1.07260000239,0.065625
1.07280000239,0.065625
1.07300000239,0.065625
1.07320000239,0.08125
1.07340000239,0.065625
1.07360000239,0.065625
1.07380000239,0.065625
1.07400000239,0.065625
1.07420000239,0.08125
1.07440000239,0.065625
1.07460000239,0.065625
1.07480000239,0.065625
1.07500000239,0.065625
1.07520000239,0.065625
1.07540000239,0.065625
1.07560000239,0.065625
1.07580000239,0.065625
1.07600000239,0.065625
1.07620000239,0.08125
1.07640000239,0.065625
1.07660000239,0.065625
1.07680000239,0.065625
1.07700000239,0.065625
1.07720000239,0.065625
1.07740000239,0.065625
1.07760000239,0.08125
1.07780000239,0.08125
1.07800000239,0.065625
1.07820000239,0.065625
1.07840000239,0.065625
1.07860000239,0.065625
1.07880000239,0.065625
1.07900000239,0.065625
1.07920000239,0.065625
1.07940000239,0.065625
1.07960000239,0.065625
1.07980000239,0.065625
1.08000000239,0.065625
1.08020000239,0.065625
1.08040000239,0.065625
1.08060000239,0.08125
1.08080000239,0.065625
1.08100000239,0.08125
1.08120000239,0.065625
1.08140000239,0.08125
1.08160000239,0.065625
1.08180000239,0.065625
1.08200000239,0.05
1.08220000239,0.065625
1.08240000239,0.065625
1.08260000239,0.08125
1.08280000239,0.065625
1.08300000239,0.065625
1.08320000239,0.065625
1.08340000239,0.065625
1.08360000239,0.065625
1.08380000239,0.065625
1.08400000239,0.08125
1.08420000239,0.065625
1.08440000239,0.08125
1.08460000239,0.065625
1.08480000239,0.065625
1.08500000239,0.08125
1.08520000239,0.08125
1.08540000239,0.08125
1.08560000239,0.065625
1.08580000239,0.065625
1.08600000239,0.065625
1.08620000239,0.065625
1.08640000239,0.08125
1.08660000239,0.08125
1.08680000239,0.065625
1.08700000239,0.065625
1.08720000239,0.065625
1.08740000239,0.065625
1.08760000239,0.065625
1.08780000239,0.065625
1.08800000239,0.065625
1.08820000239,0.08125
1.08840000239,0.065625
1.08860000239,0.08125
1.08880000239,0.065625
1.08900000239,0.05
1.08920000239,0.05
1.08940000239,0.08125
1.08960000239,0.065625
1.08980000239,0.065625
1.09000000239,0.065625
1.09020000239,0.065625
1.09040000239,0.065625
1.09060000239,0.08125
1.09080000239,0.08125
1.09100000239,0.05
1.09120000239,0.08125
1.09140000239,0.065625
1.09160000239,0.08125
1.09180000239,0.065625
1.09200000239,0.065625
1.09220000239,0.065625
1.09240000239,0.05
1.09260000239,0.08125
1.09280000239,0.065625
1.09300000239,0.065625
1.09320000239,0.065625
1.09340000239,0.08125
1.09360000239,0.065625
1.09380000239,0.08125
1.09400000239,0.065625
1.09420000239,0.065625
1.09440000239,0.065625
1.09460000239,0.065625
1.09480000239,0.065625
1.09500000239,0.065625
1.09520000239,0.065625
1.09540000239,0.065625
1.09560000239,0.065625
1.09580000239,0.065625
1.09600000239,0.065625
1.09620000239,0.065625
1.09640000239,0.065625
1.09660000239,0.065625
1.09680000239,0.065625
1.09700000239,0.08125
1.09720000239,0.065625
1.09740000239,0.065625
1.09760000239,0.065625
1.09780000239,0.065625
1.09800000239,0.065625
1.09820000239,0.08125
1.09840000239,0.065625
1.09860000239,0.065625
1.09880000239,0.065625
1.09900000239,0.08125
1.09920000239,0.08125
1.09940000239,0.065625
1.09960000239,0.05
1.09980000239,0.08125
1.10000000239,0.065625
1.10020000239,0.065625
1.10040000239,0.065625
1.10060000239,0.08125
1.10080000239,0.065625
1.10100000239,0.08125
1.10120000239,0.08125
1.10140000239,0.065625
1.10160000239,0.05
1.10180000239,0.08125
1.10200000239,0.065625
1.10220000239,0.065625
1.10240000239,0.08125
1.10260000239,0.08125
1.10280000239,0.08125
1.10300000239,0.065625
1.10320000239,0.065625
1.10340000239,0.065625
1.10360000239,0.065625
1.10380000239,0.08125
1.10400000239,0.05
1.10420000239,0.08125
1.10440000239,0.08125
1.10460000239,0.08125
1.10480000239,0.065625
1.10500000239,0.065625
1.10520000239,0.08125
1.10540000239,0.065625
1.10560000239,0.065625
1.10580000239,0.065625
1.10600000239,0.08125
1.10620000239,0.065625
1.10640000239,0.065625
1.10660000239,0.08125
1.10680000239,0.065625
1.10700000239,0.065625
1.10720000239,0.08125
1.10740000239,0.065625
1.10760000239,0.065625
1.10780000239,0.065625
1.10800000239,0.065625
1.10820000239,0.08125
1.10840000239,0.065625
1.10860000239,0.08125
1.10880000239,0.096875
1.10900000239,0.065625
1.10920000239,0.065625
1.10940000239,0.08125
1.10960000239,0.065625
1.10980000239,0.065625
1.11000000239,0.05
1.11020000239,0.08125
1.11040000239,0.065625
1.11060000239,0.065625
1.11080000239,0.065625
1.11100000239,0.065625
1.11120000239,0.08125
1.11140000239,0.065625
1.11160000239,0.065625
1.11180000239,0.065625
1.11200000239,0.08125
1.11220000239,0.08125
1.11240000239,0.08125
1.11260000239,0.065625
1.11280000239,0.065625
1.11300000239,0.08125
1.11320000239,0.08125
1.11340000239,0.08125
1.11360000239,0.065625
1.11380000239,0.065625
1.11400000239,0.08125
1.11420000239,0.065625
1.11440000239,0.08125
1.11460000239,0.08125
1.11480000239,0.08125
1.11500000239,0.065625
1.11520000239,0.08125
1.11540000239,0.065625
1.11560000239,0.08125
1.11580000239,0.08125
1.11600000239,0.08125
1.11620000239,0.065625
1.11640000239,0.065625
1.11660000239,0.065625
1.11680000239,0.065625
1.11700000239,0.08125
1.11720000239,0.08125
1.11740000239,0.065625
1.11760000239,0.065625
1.11780000239,0.065625
1.11800000239,0.096875
1.11820000239,0.065625
1.11840000239,0.065625
1.11860000239,0.08125
1.11880000239,0.065625
1.11900000239,0.08125
1.11920000239,0.065625
1.11940000239,0.065625
1.11960000239,0.065625
1.11980000239,0.08125
1.12000000239,0.08125
1.12020000239,0.08125
1.12040000239,0.065625
1.12060000239,0.08125
1.12080000239,0.096875
1.12100000239,0.065625
1.12120000239,0.08125
1.12140000239,0.065625
1.12160000239,0.08125
1.12180000239,0.065625
1.12200000239,0.08125
1.12220000239,0.08125
1.12240000239,0.08125
1.12260000239,0.065625
1.12280000239,0.065625
1.12300000239,0.08125
1.12320000239,0.065625
1.12340000239,0.08125
1.12360000239,0.065625
1.12380000239,0.08125
1.12400000239,0.096875
1.12420000239,0.065625
1.12440000239,0.08125
1.12460000239,0.065625
1.12480000239,0.065625
1.12500000239,0.08125
1.12520000239,0.065625
1.12540000239,0.065625
1.12560000239,0.08125
1.12580000239,0.08125
1.12600000239,0.08125
1.12620000239,0.08125
1.12640000239,0.065625
1.12660000239,0.08125
1.12680000239,0.08125
1.12700000239,0.065625
1.12720000239,0.065625
1.12740000239,0.08125
1.12760000239,0.08125
1.12780000239,0.065625
1.12800000239,0.08125
1.12820000239,0.065625
1.12840000239,0.065625
1.12860000239,0.08125
1.12880000239,0.08125
1.12900000239,0.08125
1.12920000239,0.096875
1.12940000239,0.08125
1.12960000239,0.08125
1.12980000239,0.08125
1.13000000239,0.065625
1.13020000239,0.065625
1.13040000239,0.08125
1.13060000239,0.065625
1.13080000239,0.08125
1.13100000239,0.08125
1.13120000239,0.08125
1.13140000239,0.08125
1.13160000239,0.065625
1.13180000239,0.08125
1.13200000239,0.08125
1.13220000239,0.08125
1.13240000239,0.065625
1.13260000239,0.065625
1.13280000239,0.08125
1.13300000239,0.096875
1.13320000239,0.065625
1.13340000239,0.05
1.13360000239,0.065625
1.13380000239,0.065625
1.13400000239,0.065625
1.13420000239,0.08125
1.13440000239,0.096875
1.13460000239,0.065625
1.13480000239,0.065625
1.13500000239,0.096875
1.13520000239,0.065625
1.13540000239,0.08125
1.13560000239,0.08125
1.13580000239,0.065625
1.13600000239,0.065625
1.13620000239,0.08125
1.13640000239,0.065625
1.13660000239,0.08125
1.13680000239,0.065625
1.13700000239,0.065625
1.13720000239,0.08125
1.13740000239,0.065625
1.13760000239,0.065625
1.13780000239,0.065625
1.13800000239,0.096875
1.13820000239,0.065625
1.13840000239,0.08125
1.13860000239,0.08125
1.13880000239,0.065625
1.13900000239,0.08125
1.13920000239,0.08125
1.13940000239,0.096875
1.13960000239,0.065625
1.13980000239,0.065625
1.14000000239,0.08125
1.14020000239,0.08125
1.14040000239,0.065625
1.14060000239,0.08125
1.14080000239,0.065625
1.14100000239,0.08125
1.14120000239,0.08125
1.14140000239,0.08125
1.14160000239,0.08125
1.14180000239,0.08125
1.14200000239,0.08125
1.14220000239,0.08125
1.14240000239,0.065625
1.14260000239,0.065625
1.14280000239,0.065625
1.14300000239,0.08125
1.14320000239,0.08125
1.14340000239,0.065625
1.14360000239,0.08125
1.14380000239,0.065625
1.14400000239,0.08125
1.14420000239,0.08125
1.14440000239,0.065625
1.14460000239,0.08125
1.14480000239,0.065625
1.14500000239,0.08125
1.14520000239,0.05
1.14540000239,0.08125
1.14560000239,0.08125
1.14580000239,0.08125
1.14600000239,0.065625
1.14620000239,0.065625
1.14640000239,0.08125
1.14660000239,0.065625
1.14680000239,0.08125
1.14700000239,0.08125
1.14720000239,0.05
1.14740000239,0.08125
1.14760000239,0.08125
1.14780000239,0.065625
1.14800000239,0.08125
1.14820000239,0.08125
1.14840000239,0.065625
1.14860000239,0.08125
1.14880000239,0.096875
1.14900000239,0.08125
1.14920000239,0.065625
1.14940000239,0.08125
1.14960000239,0.08125
1.14980000239,0.08125
1.15000000239,0.096875
1.15020000239,0.096875
1.15040000239,0.096875
1.15060000239,0.08125
1.15080000239,0.08125
1.15100000239,0.08125
1.15120000239,0.08125
1.15140000239,0.05
1.15160000239,0.08125
1.15180000239,0.08125
1.15200000239,0.096875
1.15220000239,0.08125
1.15240000239,0.08125
1.15260000239,0.065625
1.15280000239,0.08125
1.15300000239,0.08125
1.15320000239,0.08125
1.15340000239,0.065625
1.15360000239,0.08125
1.15380000239,0.065625
1.15400000239,0.08125
1.15420000239,0.08125
1.15440000239,0.065625
1.15460000239,0.065625
1.15480000239,0.065625
1.15500000239,0.065625
1.15520000239,0.08125
1.15540000239,0.096875
1.15560000239,0.08125
1.15580000239,0.08125
1.15600000239,0.08125
1.15620000239,0.08125
1.15640000239,0.08125
1.15660000239,0.08125
1.15680000239,0.08125
1.15700000239,0.08125
1.15720000239,0.096875
1.15740000239,0.096875
1.15760000239,0.096875
1.15780000239,0.08125
1.15800000239,0.065625
1.15820000239,0.065625
1.15840000239,0.08125
1.15860000239,0.065625
1.15880000239,0.08125
1.15900000239,0.08125
1.15920000239,0.08125
1.15940000239,0.08125
1.15960000239,0.08125
1.15980000239,0.065625
1.16000000239,0.08125
1.16020000239,0.08125
1.16040000239,0.08125
1.16060000239,0.096875
1.16080000239,0.08125
1.16100000239,0.08125
1.16120000239,0.08125
1.16140000239,0.08125
1.16160000239,0.08125
1.16180000239,0.08125
1.16200000239,0.096875
1.16220000239,0.08125
1.16240000239,0.08125
1.16260000239,0.08125
1.16280000239,0.096875
1.16300000239,0.096875
1.16320000239,0.08125
1.16340000239,0.096875
1.16360000239,0.08125
1.16380000239,0.096875
1.16400000239,0.065625
1.16420000239,0.096875
1.16440000239,0.096875
1.16460000239,0.08125
1.16480000239,0.08125
1.16500000239,0.096875
1.16520000239,0.08125
1.16540000239,0.096875
1.16560000239,0.08125
1.16580000239,0.08125
1.16600000239,0.08125
1.16620000239,0.08125
1.16640000239,0.08125
1.16660000239,0.08125
1.16680000239,0.065625
1.16700000239,0.096875
1.16720000239,0.08125
1.16740000239,0.096875
1.16760000239,0.096875
1.16780000239,0.08125
1.16800000239,0.08125
1.16820000239,0.08125
1.16840000239,0.096875
1.16860000239,0.08125
1.16880000239,0.096875
1.16900000239,0.096875
1.16920000239,0.08125
1.16940000239,0.096875
1.16960000239,0.08125
1.16980000239,0.08125
1.17000000239,0.08125
1.17020000239,0.08125
1.17040000239,0.096875
1.17060000239,0.08125
1.17080000239,0.08125
1.17100000239,0.08125
1.17120000239,0.08125
1.17140000239,0.08125
1.17160000239,0.096875
1.17180000239,0.1125
1.17200000239,0.096875
1.17220000239,0.096875
1.17240000239,0.08125
1.17260000239,0.08125
1.17280000239,0.08125
1.17300000239,0.08125
1.17320000239,0.096875
1.17340000239,0.096875
1.17360000239,0.08125
1.17380000239,0.08125
1.17400000239,0.08125
1.17420000239,0.096875
1.17440000239,0.08125
1.17460000239,0.08125
1.17480000239,0.096875
1.17500000239,0.08125
1.17520000239,0.096875
1.17540000239,0.08125
1.17560000239,0.096875
1.17580000239,0.096875
1.17600000239,0.096875
1.17620000239,0.065625
1.17640000239,0.096875
1.17660000239,0.08125
1.17680000239,0.096875
1.17700000239,0.08125
1.17720000239,0.08125
1.17740000239,0.065625
1.17760000239,0.096875
1.17780000239,0.096875
1.17800000239,0.08125
1.17820000239,0.08125
1.17840000239,0.08125
1.17860000239,0.096875
1.17880000239,0.08125
1.17900000239,0.096875
1.17920000239,0.096875
1.17940000239,0.08125
1.17960000239,0.096875
1.17980000239,0.08125
1.18000000239,0.08125
1.18020000239,0.096875
1.18040000239,0.08125
1.18060000239,0.096875
1.18080000239,0.096875
1.18100000239,0.08125
1.18120000239,0.096875
1.18140000239,0.096875
1.18160000239,0.08125
1.18180000239,0.096875
1.18200000239,0.08125
1.18220000239,0.096875
1.18240000239,0.096875
1.18260000239,0.096875
1.18280000239,0.08125
1.18300000239,0.096875
1.18320000239,0.096875
1.18340000239,0.096875
1.18360000239,0.096875
1.18380000239,0.08125
1.18400000239,0.096875
1.18420000239,0.08125
1.18440000239,0.08125
1.18460000239,0.065625
1.18480000239,0.096875
1.18500000239,0.096875
1.18520000239,0.08125
1.18540000239,0.096875
1.18560000239,0.08125
1.18580000239,0.08125
1.18600000239,0.08125
1.18620000239,0.096875
1.18640000239,0.096875
1.18660000239,0.08125
1.18680000239,0.08125
1.18700000239,0.096875
1.18720000239,0.096875
1.18740000239,0.096875
1.18760000239,0.08125
1.18780000239,0.08125
1.18800000239,0.08125
1.18820000239,0.096875
1.18840000239,0.08125
1.18860000239,0.08125
1.18880000239,0.08125
1.18900000239,0.08125
1.18920000239,0.08125
1.18940000239,0.096875
1.18960000239,0.08125
1.18980000239,0.096875
1.19000000239,0.096875
1.19020000239,0.096875
1.19040000239,0.096875
1.19060000239,0.08125
1.19080000239,0.1125
1.19100000239,0.096875
1.19120000239,0.096875
1.19140000239,0.096875
1.19160000239,0.096875
1.19180000239,0.096875
1.19200000239,0.08125
1.19220000239,0.096875
1.19240000239,0.096875
1.19260000239,0.096875
1.19280000239,0.096875
1.19300000239,0.096875
1.19320000239,0.096875
1.19340000239,0.096875
1.19360000239,0.096875
1.19380000239,0.096875
1.19400000239,0.08125
1.19420000239,0.096875
1.19440000239,0.096875
1.19460000239,0.096875
1.19480000239,0.096875
1.19500000239,0.08125
1.19520000239,0.096875
1.19540000239,0.096875
1.19560000239,0.08125
1.19580000239,0.096875
1.19600000239,0.096875
1.19620000239,0.096875
1.19640000239,0.096875
1.19660000239,0.096875
1.19680000239,0.096875
1.19700000239,0.08125
1.19720000239,0.096875
1.19740000239,0.08125
1.19760000239,0.096875
1.19780000239,0.1125
1.19800000239,0.096875
1.19820000239,0.096875
1.19840000239,0.096875
1.19860000239,0.08125
1.19880000239,0.096875
1.19900000239,0.096875
1.19920000239,0.096875
1.19940000239,0.08125
1.19960000239,0.096875
1.19980000239,0.1125
1.20000000239,0.1125
1.20020000239,0.096875
1.20040000239,0.096875
1.20060000239,0.1125
1.20080000239,0.096875
1.20100000239,0.096875
1.20120000239,0.096875
1.20140000239,0.096875
1.20160000239,0.096875
1.20180000239,0.1125
1.20200000239,0.096875
1.20220000239,0.096875
1.20240000239,0.1125
1.20260000239,0.096875
1.20280000239,0.08125
1.20300000239,0.08125
1.20320000239,0.1125
1.20340000239,0.1125
1.20360000239,0.096875
1.20380000239,0.096875
1.20400000239,0.08125
1.20420000239,0.096875
1.20440000239,0.096875
1.20460000239,0.096875
1.20480000239,0.096875
1.20500000239,0.096875
1.20520000239,0.096875
1.20540000239,0.1125
1.20560000239,0.096875
1.20580000239,0.096875
1.20600000239,0.08125
1.20620000239,0.096875
1.20640000239,0.096875
1.20660000239,0.08125
1.20680000239,0.096875
1.20700000239,0.1125
1.20720000239,0.096875
1.20740000239,0.1125
1.20760000239,0.096875
1.20780000239,0.096875
1.20800000239,0.08125
1.20820000239,0.096875
1.20840000239,0.096875
1.20860000239,0.1125
1.20880000239,0.1125
1.20900000239,0.096875
1.20920000239,0.1125
1.20940000239,0.096875
1.20960000239,0.096875
1.20980000239,0.1125
1.21000000239,0.1125
1.21020000239,0.1125
1.21040000239,0.096875
1.21060000239,0.1125
1.21080000239,0.096875
1.21100000239,0.096875
1.21120000239,0.096875
1.21140000239,0.096875
1.21160000239,0.1125
1.21180000239,0.096875
1.21200000239,0.096875
1.21220000239,0.1125
1.21240000239,0.08125
1.21260000239,0.096875
1.21280000239,0.1125
1.21300000239,0.096875
1.21320000239,0.096875
1.21340000239,0.096875
1.21360000239,0.1125
1.21380000239,0.1125
1.21400000239,0.096875
1.21420000239,0.096875
1.21440000239,0.096875
1.21460000239,0.096875
1.21480000239,0.096875
1.21500000239,0.1125
1.21520000239,0.08125
1.21540000239,0.096875
1.21560000239,0.096875
1.21580000239,0.096875
1.21600000239,0.096875
1.21620000239,0.096875
1.21640000239,0.1125
1.21660000239,0.096875
1.21680000239,0.096875
1.21700000239,0.096875
1.21720000239,0.096875
1.21740000239,0.096875
1.21760000239,0.1125
1.21780000239,0.1125
1.21800000239,0.096875
1.21820000239,0.096875
1.21840000239,0.1125
1.21860000239,0.1125
1.21880000239,0.096875
1.21900000239,0.096875
1.21920000239,0.096875
1.21940000239,0.1125
1.21960000239,0.096875
1.21980000239,0.1125
1.22000000239,0.096875
1.22020000239,0.096875
1.22040000239,0.1125
1.22060000239,0.1125
1.22080000239,0.1125
1.22100000239,0.096875
1.22120000239,0.1125
1.22140000239,0.1125
1.22160000239,0.1125
1.22180000239,0.1125
1.22200000239,0.1125
1.22220000239,0.1125
1.22240000239,0.1125
1.22260000239,0.096875
1.22280000239,0.1125
1.22300000239,0.096875
1.22320000239,0.1125
1.22340000239,0.1125
1.22360000239,0.1125
1.22380000239,0.1125
1.22400000239,0.1125
1.22420000239,0.1125
1.22440000239,0.128125
1.22460000239,0.096875
1.22480000239,0.096875
1.22500000239,0.1125
1.22520000239,0.1125
1.22540000239,0.08125
1.22560000239,0.1125
1.22580000239,0.1125
1.22600000239,0.1125
1.22620000239,0.096875
1.22640000239,0.096875
1.22660000239,0.1125
1.22680000239,0.1125
1.22700000239,0.096875
1.22720000239,0.096875
1.22740000239,0.096875
1.22760000239,0.1125
1.22780000239,0.096875
1.22800000239,0.096875
1.22820000239,0.128125
1.22840000239,0.128125
1.22860000239,0.1125
1.22880000239,0.096875
1.22900000239,0.1125
1.22920000239,0.1125
1.22940000239,0.1125
1.22960000239,0.128125
1.22980000239,0.1125
1.23000000239,0.096875
1.23020000239,0.1125
1.23040000239,0.1125
1.23060000239,0.1125
1.23080000239,0.1125
1.23100000239,0.1125
1.23120000239,0.1125
1.23140000239,0.096875
1.23160000239,0.1125
1.23180000239,0.1125
1.23200000239,0.1125
1.23220000239,0.1125
1.23240000239,0.096875
1.23260000239,0.1125
1.23280000239,0.096875
1.23300000239,0.08125
1.23320000239,0.1125
1.23340000239,0.096875
1.23360000239,0.128125
1.23380000239,0.096875
1.23400000239,0.096875
1.23420000239,0.1125
1.23440000239,0.1125
1.23460000239,0.1125
1.23480000239,0.1125
1.23500000239,0.128125
1.23520000239,0.1125
1.23540000239,0.1125
1.23560000239,0.1125
1.23580000239,0.1125
1.23600000239,0.1125
1.23620000239,0.1125
1.23640000239,0.1125
1.23660000239,0.1125
1.23680000239,0.1125
1.23700000239,0.1125
1.23720000239,0.1125
1.23740000239,0.1125
1.23760000239,0.1125
1.23780000239,0.1125
1.23800000239,0.1125
1.23820000239,0.1125
1.23840000239,0.128125
1.23860000239,0.1125
1.23880000239,0.1125
1.23900000239,0.1125
1.23920000239,0.1125
1.23940000239,0.1125
1.23960000239,0.128125
1.23980000239,0.1125
1.24000000239,0.1125
1.24020000239,0.128125
1.24040000239,0.096875
1.24060000239,0.128125
1.24080000239,0.1125
1.24100000239,0.1125
1.24120000239,0.128125
1.24140000239,0.096875
1.24160000239,0.1125
1.24180000239,0.1125
1.24200000239,0.1125
1.24220000239,0.1125
1.24240000239,0.1125
1.24260000239,0.1125
1.24280000239,0.1125
1.24300000239,0.128125
1.24320000239,0.1125
1.24340000239,0.1125
1.24360000239,0.1125
1.24380000239,0.096875
1.24400000239,0.1125
1.24420000239,0.1125
1.24440000239,0.1125
1.24460000239,0.1125
1.24480000239,0.096875
1.24500000239,0.1125
1.24520000239,0.128125
1.24540000239,0.1125
1.24560000239,0.1125
1.24580000239,0.096875
1.24600000239,0.1125
1.24620000239,0.1125
1.24640000239,0.1125
1.24660000239,0.128125
1.24680000239,0.096875
1.24700000239,0.128125
1.24720000239,0.128125
1.24740000239,0.1125
1.24760000239,0.128125
1.24780000239,0.1125
1.24800000239,0.1125
1.24820000239,0.128125
1.24840000239,0.128125
1.24860000239,0.128125
1.24880000239,0.1125
1.24900000239,0.128125
1.24920000239,0.1125
1.24940000239,0.1125
1.24960000239,0.128125
1.24980000239,0.096875
1.25000000239,0.1125
1.25020000239,0.1125
1.25040000239,0.128125
1.25060000239,0.128125
1.25080000239,0.1125
1.25100000239,0.1125
1.25120000239,0.096875
1.25140000239,0.1125
1.25160000239,0.128125
1.25180000239,0.128125
1.25200000239,0.128125
1.25220000239,0.1125
1.25240000239,0.1125
1.25260000239,0.128125
1.25280000239,0.1125
1.25300000239,0.128125
1.25320000239,0.1125
1.25340000239,0.128125
1.25360000239,0.128125
1.25380000239,0.1125
1.25400000239,0.128125
1.25420000239,0.128125
1.25440000239,0.1125
1.25460000239,0.128125
1.25480000239,0.128125
1.25500000239,0.128125
1.25520000239,0.1125
1.25540000239,0.1125
1.25560000239,0.1125
1.25580000239,0.128125
1.25600000239,0.1125
1.25620000239,0.128125
1.25640000239,0.128125
1.25660000239,0.1125
1.25680000239,0.128125
1.25700000239,0.128125
1.25720000239,0.1125
1.25740000239,0.128125
1.25760000239,0.128125
1.25780000239,0.128125
1.25800000239,0.128125
1.25820000239,0.1125
1.25840000239,0.1125
1.25860000239,0.1125
1.25880000239,0.096875
1.25900000239,0.128125
1.25920000239,0.1125
1.25940000239,0.128125
1.25960000239,0.128125
1.25980000239,0.1125
1.26000000239,0.1125
1.26020000239,0.1125
1.26040000239,0.1125
1.26060000239,0.1125
1.26080000239,0.1125
1.26100000239,0.14375
1.26120000239,0.128125
1.26140000239,0.1125
1.26160000239,0.128125
1.26180000239,0.128125
1.26200000239,0.14375
1.26220000239,0.1125
1.26240000239,0.1125
1.26260000239,0.1125
1.26280000239,0.1125
1.26300000239,0.1125
1.26320000239,0.14375
1.26340000239,0.128125
1.26360000239,0.1125
1.26380000239,0.1125
1.26400000239,0.1125
1.26420000239,0.128125
1.26440000239,0.128125
1.26460000239,0.128125
1.26480000239,0.128125
1.26500000239,0.14375
1.26520000239,0.128125
1.26540000239,0.1125
1.26560000239,0.128125
1.26580000239,0.128125
1.26600000239,0.1125
1.26620000239,0.1125
1.26640000239,0.1125
1.26660000239,0.128125
1.26680000239,0.128125
1.26700000239,0.128125
1.26720000239,0.128125
1.26740000239,0.128125
1.26760000239,0.128125
1.26780000239,0.128125
1.26800000239,0.128125
1.26820000239,0.14375
1.26840000239,0.128125
1.26860000239,0.14375
1.26880000239,0.128125
1.26900000239,0.128125
1.26920000239,0.128125
1.26940000239,0.14375
1.26960000239,0.128125
1.26980000239,0.128125
1.27000000239,0.128125
1.27020000239,0.128125
1.27040000239,0.128125
1.27060000239,0.14375
1.27080000239,0.1125
1.27100000239,0.128125
1.27120000239,0.128125
1.27140000239,0.14375
1.27160000239,0.128125
1.27180000239,0.1125
1.27200000239,0.128125
1.27220000239,0.128125
1.27240000239,0.14375
1.27260000239,0.14375
1.27280000239,0.128125
1.27300000239,0.128125
1.27320000239,0.128125
1.27340000239,0.128125
1.27360000239,0.14375
1.27380000239,0.1125
1.27400000239,0.128125
1.27420000239,0.1125
1.27440000239,0.128125
1.27460000239,0.128125
1.27480000239,0.128125
1.27500000239,0.128125
1.27520000239,0.128125
1.27540000239,0.128125
1.27560000239,0.128125
1.27580000239,0.128125
1.27600000239,0.128125
1.27620000239,0.128125
1.27640000239,0.1125
1.27660000239,0.128125
1.27680000239,0.128125
1.27700000239,0.128125
1.27720000239,0.128125
1.27740000239,0.128125
1.27760000239,0.128125
1.27780000239,0.128125
1.27800000239,0.128125
1.27820000239,0.128125
1.27840000239,0.1125
1.27860000239,0.128125
1.27880000239,0.14375
1.27900000239,0.128125
1.27920000239,0.128125
1.27940000239,0.128125
1.27960000239,0.128125
1.27980000239,0.128125
1.28000000239,0.128125
1.28020000239,0.14375
1.28040000239,0.128125
1.28060000239,0.128125
1.28080000239,0.128125
1.28100000239,0.1125
1.28120000239,0.128125
1.28140000239,0.14375
1.28160000239,0.128125
1.28180000239,0.1125
1.28200000239,0.128125
1.28220000239,0.128125
1.28240000239,0.128125
1.28260000239,0.14375
1.28280000239,0.128125
1.28300000239,0.1125
1.28320000239,0.128125
1.28340000239,0.128125
1.28360000239,0.14375
1.28380000239,0.1125
1.28400000239,0.128125
1.28420000239,0.14375
1.28440000239,0.128125
1.28460000239,0.128125
1.28480000239,0.128125
1.28500000239,0.14375
1.28520000239,0.14375
1.28540000239,0.128125
1.28560000239,0.128125
1.28580000239,0.128125
1.28600000239,0.14375
1.28620000239,0.128125
1.28640000239,0.128125
1.28660000239,0.128125
1.28680000239,0.128125
1.28700000239,0.14375
1.28720000239,0.128125
1.28740000239,0.14375
1.28760000239,0.128125
1.28780000239,0.14375
1.28800000239,0.128125
1.28820000239,0.14375
1.28840000239,0.128125
1.28860000239,0.128125
1.28880000239,0.14375
1.28900000239,0.128125
1.28920000239,0.14375
1.28940000239,0.14375
1.28960000239,0.14375
1.28980000239,0.128125
1.29000000239,0.128125
1.29020000239,0.14375
1.29040000239,0.14375
1.29060000239,0.128125
1.29080000239,0.128125
1.29100000239,0.14375
1.29120000239,0.159375
1.29140000239,0.14375
1.29160000239,0.128125
1.29180000239,0.128125
1.29200000239,0.14375
1.29220000239,0.128125
1.29240000239,0.14375
1.29260000239,0.128125
1.29280000239,0.128125
1.29300000239,0.14375
1.29320000239,0.128125
1.29340000239,0.14375
1.29360000239,0.128125
1.29380000239,0.128125
1.29400000239,0.128125
1.29420000239,0.128125
1.29440000239,0.14375
1.29460000239,0.14375
1.29480000239,0.14375
1.29500000239,0.1125
1.29520000239,0.159375
1.29540000239,0.14375
1.29560000239,0.14375
1.29580000239,0.14375
1.29600000239,0.14375
1.29620000239,0.14375
1.29640000239,0.14375
1.29660000239,0.14375
1.29680000239,0.159375
1.29700000239,0.14375
1.29720000239,0.14375
1.29740000239,0.14375
1.29760000239,0.128125
1.29780000239,0.128125
1.29800000239,0.159375
1.29820000239,0.14375
1.29840000239,0.128125
1.29860000239,0.128125
1.29880000239,0.14375
1.29900000239,0.14375
1.29920000239,0.128125
1.29940000239,0.159375
1.29960000239,0.128125
1.29980000239,0.14375
1.30000000239,0.128125
1.30020000239,0.14375
1.30040000239,0.14375
1.30060000239,0.14375
1.30080000239,0.14375
1.30100000239,0.159375
1.30120000239,0.159375
1.30140000239,0.14375
1.30160000239,0.159375
1.30180000239,0.14375
1.30200000239,0.14375
1.30220000239,0.159375
1.30240000239,0.14375
1.30260000239,0.159375
1.30280000239,0.14375
1.30300000239,0.14375
1.30320000239,0.128125
1.30340000239,0.14375
1.30360000239,0.14375
1.30380000239,0.159375
1.30400000239,0.159375
1.30420000239,0.14375
1.30440000239,0.14375
1.30460000239,0.14375
1.30480000239,0.14375
1.30500000239,0.128125
1.30520000239,0.159375
1.30540000239,0.14375
1.30560000239,0.14375
1.30580000239,0.14375
1.30600000239,0.14375
1.30620000239,0.14375
1.30640000239,0.14375
1.30660000239,0.14375
1.30680000239,0.14375
1.30700000239,0.14375
1.30720000239,0.14375
1.30740000239,0.159375
1.30760000239,0.14375
1.30780000239,0.14375
1.30800000239,0.14375
1.30820000239,0.14375
1.30840000239,0.159375
1.30860000239,0.14375
1.30880000239,0.14375
1.30900000239,0.159375
1.30920000239,0.159375
1.30940000239,0.14375
1.30960000239,0.14375
1.30980000239,0.14375
1.31000000239,0.159375
1.31020000239,0.14375
1.31040000239,0.14375
1.31060000239,0.159375
1.31080000239,0.14375
1.31100000239,0.14375
1.31120000239,0.14375
1.31140000239,0.159375
1.31160000239,0.159375
1.31180000239,0.159375
1.31200000239,0.14375
1.31220000239,0.14375
1.31240000239,0.159375
1.31260000239,0.159375
1.31280000239,0.14375
1.31300000239,0.14375
1.31320000239,0.14375
1.31340000239,0.159375
1.31360000239,0.128125
1.31380000239,0.159375
1.31400000239,0.159375
1.31420000239,0.159375
1.31440000239,0.159375
1.31460000239,0.14375
1.31480000239,0.14375
1.31500000239,0.159375
1.31520000239,0.14375
1.31540000239,0.14375
1.31560000239,0.159375
1.31580000239,0.159375
1.31600000239,0.14375
1.31620000239,0.175
1.31640000239,0.159375
1.31660000239,0.14375
1.31680000239,0.14375
1.31700000239,0.14375
1.31720000239,0.159375
1.31740000239,0.14375
1.31760000239,0.14375
1.31780000239,0.159375
1.31800000239,0.14375
1.31820000239,0.14375
1.31840000239,0.14375
1.31860000239,0.14375
1.31880000239,0.14375
1.31900000239,0.159375
1.31920000239,0.14375
1.31940000239,0.159375
1.31960000239,0.14375
1.31980000239,0.14375
1.32000000239,0.14375
1.32020000239,0.14375
1.32040000239,0.14375
1.32060000239,0.159375
1.32080000239,0.14375
1.32100000239,0.159375
1.32120000239,0.159375
1.32140000239,0.14375
1.32160000239,0.159375
1.32180000239,0.159375
1.32200000239,0.159375
1.32220000239,0.159375
1.32240000239,0.14375
1.32260000239,0.159375
1.32280000239,0.159375
1.32300000239,0.159375
1.32320000239,0.159375
1.32340000239,0.159375
1.32360000239,0.159375
1.32380000239,0.175
1.32400000239,0.159375
1.32420000239,0.14375
1.32440000239,0.159375
1.32460000239,0.159375
1.32480000239,0.159375
1.32500000239,0.14375
1.32520000239,0.14375
1.32540000239,0.159375
1.32560000239,0.159375
1.32580000239,0.175
1.32600000239,0.159375
1.32620000239,0.159375
1.32640000239,0.159375
1.32660000239,0.175
1.32680000239,0.14375
1.32700000239,0.159375
1.32720000239,0.159375
1.32740000239,0.14375
1.32760000239,0.159375
1.32780000239,0.14375
1.32800000239,0.159375
1.32820000239,0.159375
1.32840000239,0.159375
1.32860000239,0.175
1.32880000239,0.159375
1.32900000239,0.159375
1.32920000239,0.175
1.32940000239,0.175
1.32960000239,0.159375
1.32980000239,0.175
1.33000000239,0.175
1.33020000239,0.175
1.33040000239,0.159375
1.33060000239,0.159375
1.33080000239,0.159375
1.33100000239,0.159375
1.33120000239,0.159375
1.33140000239,0.175
1.33160000239,0.175
1.33180000239,0.159375
1.33200000239,0.175
1.33220000239,0.159375
1.33240000239,0.175
1.33260000239,0.159375
1.33280000239,0.175
1.33300000239,0.159375
1.33320000239,0.159375
1.33340000239,0.159375
1.33360000239,0.175
1.33380000239,0.190625
1.33400000239,0.175
1.33420000239,0.159375
1.33440000239,0.175
1.33460000239,0.159375
1.33480000239,0.175
1.33500000239,0.175
1.33520000239,0.159375
1.33540000239,0.159375
1.33560000239,0.175
1.33580000239,0.175
1.33600000239,0.175
1.33620000239,0.175
1.33640000239,0.159375
1.33660000239,0.190625
1.33680000239,0.175
1.33700000239,0.175
1.33720000239,0.159375
1.33740000239,0.159375
1.33760000239,0.159375
1.33780000239,0.175
1.33800000239,0.159375
1.33820000239,0.175
1.33840000239,0.175
1.33860000239,0.175
1.33880000239,0.175
1.33900000239,0.190625
1.33920000239,0.175
1.33940000239,0.190625
1.33960000239,0.175
1.33980000239,0.175
1.34000000239,0.175
1.34020000239,0.175
1.34040000239,0.159375
1.34060000239,0.159375
1.34080000239,0.175
1.34100000239,0.175
1.34120000239,0.175
1.34140000239,0.159375
1.34160000239,0.175
1.34180000239,0.175
1.34200000239,0.159375
1.34220000239,0.175
1.34240000239,0.175
1.34260000239,0.175
1.34280000239,0.190625
1.34300000239,0.175
1.34320000239,0.159375
1.34340000239,0.175
1.34360000239,0.175
1.34380000239,0.175
1.34400000239,0.190625
1.34420000239,0.175
1.34440000239,0.175
1.34460000239,0.175
1.34480000239,0.175
1.34500000239,0.175
1.34520000239,0.175
1.34540000239,0.175
1.34560000239,0.175
1.34580000239,0.175
1.34600000239,0.175
1.34620000239,0.175
1.34640000239,0.175
1.34660000239,0.175
1.34680000239,0.175
1.34700000239,0.175
1.34720000239,0.175
1.34740000239,0.175
1.34760000239,0.190625
1.34780000239,0.190625
1.34800000239,0.175
1.34820000239,0.190625
1.34840000239,0.175
1.34860000239,0.175
1.34880000239,0.175
1.34900000239,0.175
1.34920000239,0.190625
1.34940000239,0.175
1.34960000239,0.175
1.34980000239,0.175
1.35000000239,0.175
1.35020000239,0.190625
1.35040000239,0.190625
1.35060000239,0.190625
1.35080000239,0.175
1.35100000239,0.190625
1.35120000239,0.175
1.35140000239,0.175
1.35160000239,0.190625
1.35180000239,0.175
1.35200000239,0.190625
1.35220000239,0.190625
1.35240000239,0.190625
1.35260000239,0.20625
1.35280000239,0.190625
1.35300000239,0.190625
1.35320000239,0.190625
1.35340000239,0.175
1.35360000239,0.175
1.35380000239,0.190625
1.35400000239,0.190625
1.35420000239,0.175
1.35440000239,0.190625
1.35460000239,0.175
1.35480000239,0.175
1.35500000239,0.190625
1.35520000239,0.190625
1.35540000239,0.175
1.35560000239,0.175
1.35580000239,0.190625
1.35600000239,0.190625
1.35620000239,0.175
1.35640000239,0.190625
1.35660000239,0.190625
1.35680000239,0.190625
1.35700000239,0.175
1.35720000239,0.190625
1.35740000239,0.190625
1.35760000239,0.190625
1.35780000239,0.175
1.35800000239,0.190625
1.35820000239,0.190625
1.35840000239,0.190625
1.35860000239,0.175
1.35880000239,0.175
1.35900000239,0.175
1.35920000239,0.190625
1.35940000239,0.175
1.35960000239,0.190625
1.35980000239,0.190625
1.36000000239,0.190625
1.36020000239,0.190625
1.36040000239,0.175
1.36060000239,0.190625
1.36080000239,0.190625
1.36100000239,0.175
1.36120000239,0.190625
1.36140000239,0.20625
1.36160000239,0.20625
1.36180000239,0.190625
1.36200000239,0.190625
1.36220000239,0.20625
1.36240000239,0.175
1.36260000239,0.190625
1.36280000239,0.190625
1.36300000239,0.190625
1.36320000239,0.190625
1.36340000239,0.175
1.36360000239,0.190625
1.36380000239,0.190625
1.36400000239,0.190625
1.36420000239,0.190625
1.36440000239,0.190625
1.36460000239,0.20625
1.36480000239,0.20625
1.36500000239,0.190625
1.36520000239,0.190625
1.36540000239,0.20625
1.36560000239,0.190625
1.36580000239,0.190625
1.36600000239,0.190625
1.36620000239,0.190625
1.36640000239,0.190625
1.36660000239,0.190625
1.36680000239,0.20625
1.36700000239,0.190625
1.36720000239,0.190625
1.36740000239,0.190625
1.36760000239,0.190625
1.36780000239,0.190625
1.36800000239,0.20625
1.36820000239,0.190625
1.36840000239,0.190625
1.36860000239,0.190625
1.36880000239,0.190625
1.36900000239,0.20625
1.36920000239,0.20625
1.36940000239,0.190625
1.36960000239,0.20625
1.36980000239,0.190625
1.37000000239,0.20625
1.37020000239,0.190625
1.37040000239,0.190625
1.37060000239,0.20625
1.37080000239,0.190625
1.37100000239,0.190625
1.37120000239,0.20625
1.37140000239,0.20625
1.37160000239,0.190625
1.37180000239,0.190625
1.37200000239,0.20625
1.37220000239,0.175
1.37240000239,0.20625
1.37260000239,0.20625
1.37280000239,0.20625
1.37300000239,0.190625
1.37320000239,0.20625
1.37340000239,0.20625
1.37360000239,0.190625
1.37380000239,0.20625
1.37400000239,0.20625
1.37420000239,0.190625
1.37440000239,0.20625
1.37460000239,0.20625
1.37480000239,0.20625
1.37500000239,0.190625
1.37520000239,0.190625
1.37540000239,0.20625
1.37560000239,0.20625
1.37580000239,0.190625
1.37600000239,0.190625
1.37620000239,0.190625
1.37640000239,0.20625
1.37660000239,0.20625
1.37680000239,0.20625
1.37700000239,0.190625
1.37720000239,0.20625
1.37740000239,0.20625
1.37760000239,0.20625
1.37780000239,0.20625
1.37800000239,0.20625
1.37820000239,0.20625
1.37840000239,0.221875
1.37860000239,0.221875
1.37880000239,0.221875
1.37900000239,0.20625
1.37920000239,0.20625
1.37940000239,0.190625
1.37960000239,0.20625
1.37980000239,0.20625
1.38000000239,0.190625
1.38020000239,0.20625
1.38040000239,0.20625
1.38060000239,0.20625
1.38080000239,0.20625
1.38100000239,0.20625
1.38120000239,0.221875
1.38140000239,0.20625
1.38160000239,0.190625
1.38180000239,0.190625
1.38200000239,0.20625
1.38220000239,0.20625
1.38240000239,0.221875
1.38260000239,0.20625
1.38280000239,0.20625
1.38300000239,0.20625
1.38320000239,0.221875
1.38340000239,0.221875
1.38360000239,0.20625
1.38380000239,0.20625
1.38400000239,0.20625
1.38420000239,0.20625
1.38440000239,0.20625
1.38460000239,0.20625
1.38480000239,0.20625
1.38500000239,0.221875
1.38520000239,0.20625
1.38540000239,0.20625
1.38560000239,0.20625
1.38580000239,0.221875
1.38600000239,0.20625
1.38620000239,0.20625
1.38640000239,0.221875
1.38660000239,0.221875
1.38680000239,0.20625
1.38700000239,0.20625
1.38720000239,0.20625
1.38740000239,0.221875
1.38760000239,0.221875
1.38780000239,0.221875
1.38800000239,0.221875
1.38820000239,0.221875
1.38840000239,0.221875
1.38860000239,0.20625
1.38880000239,0.221875
1.38900000239,0.221875
1.38920000239,0.221875
1.38940000239,0.20625
1.38960000239,0.20625
1.38980000239,0.221875
1.39000000239,0.221875
1.39020000239,0.221875
1.39040000239,0.221875
1.39060000239,0.20625
1.39080000239,0.221875
1.39100000239,0.221875
1.39120000239,0.20625
1.39140000239,0.221875
1.39160000239,0.221875
1.39180000239,0.221875
1.39200000239,0.2375
1.39220000239,0.221875
1.39240000239,0.221875
1.39260000239,0.2375
1.39280000239,0.221875
1.39300000239,0.221875
1.39320000239,0.2375
1.39340000239,0.2375
1.39360000239,0.221875
1.39380000239,0.2375
1.39400000239,0.221875
1.39420000239,0.221875
1.39440000239,0.221875
1.39460000239,0.221875
1.39480000239,0.221875
1.39500000239,0.221875
1.39520000239,0.2375
1.39540000239,0.221875
1.39560000239,0.221875
1.39580000239,0.221875
1.39600000239,0.2375
1.39620000239,0.221875
1.39640000239,0.221875
1.39660000239,0.2375
1.39680000239,0.221875
1.39700000239,0.20625
1.39720000239,0.2375
1.39740000239,0.2375
1.39760000239,0.221875
1.39780000239,0.2375
1.39800000239,0.221875
1.39820000239,0.221875
1.39840000239,0.221875
1.39860000239,0.2375
1.39880000239,0.221875
1.39900000239,0.221875
1.39920000239,0.2375
1.39940000239,0.221875
1.39960000239,0.221875
1.39980000239,0.221875
1.40000000239,0.2375
1.40020000239,0.2375
1.40040000239,0.221875
1.40060000239,0.2375
1.40080000239,0.2375
1.40100000239,0.2375
1.40120000239,0.221875
1.40140000239,0.2375
1.40160000239,0.221875
1.40180000239,0.2375
1.40200000239,0.2375
1.40220000239,0.221875
1.40240000239,0.2375
1.40260000239,0.221875
1.40280000239,0.221875
1.40300000239,0.221875
1.40320000239,0.2375
1.40340000239,0.221875
1.40360000239,0.2375
1.40380000239,0.2375
1.40400000239,0.2375
1.40420000239,0.2375
1.40440000239,0.2375
1.40460000239,0.221875
1.40480000239,0.2375
1.40500000239,0.2375
1.40520000239,0.2375
1.40540000239,0.2375
1.40560000239,0.221875
1.40580000239,0.2375
1.40600000239,0.2375
1.40620000239,0.2375
1.40640000239,0.221875
1.40660000239,0.221875
1.40680000239,0.2375
1.40700000239,0.2375
1.40720000239,0.221875
1.40740000239,0.2375
1.40760000239,0.221875
1.40780000239,0.2375
1.40800000239,0.2375
1.40820000239,0.2375
1.40840000239,0.221875
1.40860000239,0.2375
1.40880000239,0.2375
1.40900000239,0.2375
1.40920000239,0.2375
1.40940000239,0.2375
1.40960000239,0.2375
1.40980000239,0.2375
1.41000000239,0.253125
1.41020000239,0.2375
1.41040000239,0.253125
1.41060000239,0.2375
1.41080000239,0.2375
1.41100000239,0.2375
1.41120000239,0.2375
1.41140000239,0.253125
1.41160000239,0.2375
1.41180000239,0.2375
1.41200000239,0.2375
1.41220000239,0.2375
1.41240000239,0.253125
1.41260000239,0.253125
1.41280000239,0.2375
1.41300000239,0.253125
1.41320000239,0.2375
1.41340000239,0.253125
1.41360000239,0.2375
1.41380000239,0.2375
1.41400000239,0.2375
1.41420000239,0.253125
1.41440000239,0.2375
1.41460000239,0.2375
1.41480000239,0.2375
1.41500000239,0.253125
1.41520000239,0.253125
1.41540000239,0.253125
1.41560000239,0.2375
1.41580000239,0.2375
1.41600000239,0.253125
1.41620000239,0.253125
1.41640000239,0.2375
1.41660000239,0.253125
1.41680000239,0.2375
1.41700000239,0.253125
1.41720000239,0.253125
1.41740000239,0.2375
1.41760000239,0.253125
1.41780000239,0.2375
1.41800000239,0.253125
1.41820000239,0.2375
1.41840000239,0.253125
1.41860000239,0.2375
1.41880000239,0.253125
1.41900000239,0.2375
1.41920000239,0.26875
1.41940000239,0.26875
1.41960000239,0.253125
1.41980000239,0.26875
1.42000000239,0.2375
1.42020000239,0.2375
1.42040000239,0.253125
1.42060000239,0.253125
1.42080000239,0.26875
1.42100000239,0.253125
1.42120000239,0.253125
1.42140000239,0.253125
1.42160000239,0.253125
1.42180000239,0.26875
1.42200000239,0.253125
1.42220000239,0.253125
1.42240000239,0.253125
1.42260000239,0.253125
1.42280000239,0.253125
1.42300000239,0.253125
1.42320000239,0.2375
1.42340000239,0.253125
1.42360000239,0.253125
1.42380000239,0.253125
1.42400000239,0.253125
1.42420000239,0.253125
1.42440000239,0.2375
1.42460000239,0.2375
1.42480000239,0.26875
1.42500000239,0.253125
1.42520000239,0.253125
1.42540000239,0.253125
1.42560000239,0.2375
1.42580000239,0.253125
1.42600000239,0.26875
1.42620000239,0.253125
1.42640000239,0.253125
1.42660000239,0.253125
1.42680000239,0.26875
1.42700000239,0.253125
1.42720000239,0.253125
1.42740000239,0.26875
1.42760000239,0.2375
1.42780000239,0.253125
1.42800000239,0.26875
1.42820000239,0.26875
1.42840000239,0.253125
1.42860000239,0.253125
1.42880000239,0.26875
1.42900000239,0.253125
1.42920000239,0.26875
1.42940000239,0.253125
1.42960000239,0.26875
1.42980000239,0.253125
1.43000000239,0.26875
1.43020000239,0.26875
1.43040000239,0.26875
1.43060000239,0.253125
1.43080000239,0.26875
1.43100000239,0.253125
1.43120000239,0.253125
1.43140000239,0.253125
1.43160000239,0.26875
1.43180000239,0.26875
1.43200000239,0.253125
1.43220000239,0.253125
1.43240000239,0.26875
1.43260000239,0.253125
1.43280000239,0.26875
1.43300000239,0.26875
1.43320000239,0.26875
1.43340000239,0.26875
1.43360000239,0.253125
1.43380000239,0.26875
1.43400000239,0.26875
1.43420000239,0.26875
1.43440000239,0.26875
1.43460000239,0.253125
1.43480000239,0.284375
1.43500000239,0.26875
1.43520000239,0.253125
1.43540000239,0.26875
1.43560000239,0.26875
1.43580000239,0.26875
1.43600000239,0.26875
1.43620000239,0.26875
1.43640000239,0.253125
1.43660000239,0.26875
1.43680000239,0.26875
1.43700000239,0.26875
1.43720000239,0.26875
1.43740000239,0.253125
1.43760000239,0.26875
1.43780000239,0.26875
1.43800000239,0.26875
1.43820000239,0.284375
1.43840000239,0.26875
1.43860000239,0.253125
1.43880000239,0.284375
1.43900000239,0.253125
1.43920000239,0.26875
1.43940000239,0.26875
1.43960000239,0.26875
1.43980000239,0.253125
1.44000000239,0.26875
1.44020000239,0.26875
1.44040000239,0.26875
1.44060000239,0.284375
1.44080000239,0.26875
1.44100000239,0.26875
1.44120000239,0.26875
1.44140000239,0.26875
1.44160000239,0.284375
1.44180000239,0.26875
1.44200000239,0.284375
1.44220000239,0.26875
1.44240000239,0.26875
1.44260000239,0.26875
1.44280000239,0.284375
1.44300000239,0.26875
1.44320000239,0.26875
1.44340000239,0.26875
1.44360000239,0.26875
1.44380000239,0.26875
1.44400000239,0.26875
1.44420000239,0.26875
1.44440000239,0.26875
1.44460000239,0.26875
1.44480000239,0.3
1.44500000239,0.26875
1.44520000239,0.26875
1.44540000239,0.26875
1.44560000239,0.26875
1.44580000239,0.26875
1.44600000239,0.284375
1.44620000239,0.284375
1.44640000239,0.26875
1.44660000239,0.284375
1.44680000239,0.284375
1.44700000239,0.26875
1.44720000239,0.284375
1.44740000239,0.284375
1.44760000239,0.284375
1.44780000239,0.26875
1.44800000239,0.284375
1.44820000239,0.26875
1.44840000239,0.3
1.44860000239,0.26875
1.44880000239,0.284375
1.44900000239,0.26875
1.44920000239,0.284375
1.44940000239,0.26875
1.44960000239,0.284375
1.44980000239,0.284375
1.45000000239,0.3
1.45020000239,0.26875
1.45040000239,0.284375
1.45060000239,0.284375
1.45080000239,0.284375
1.45100000239,0.284375
1.45120000239,0.26875
1.45140000239,0.26875
1.45160000239,0.284375
1.45180000239,0.284375
1.45200000239,0.26875
1.45220000239,0.26875
1.45240000239,0.284375
1.45260000239,0.284375
1.45280000239,0.3
1.45300000239,0.3
1.45320000239,0.284375
1.45340000239,0.26875
1.45360000239,0.284375
1.45380000239,0.284375
1.45400000239,0.26875
1.45420000239,0.284375
1.45440000239,0.26875
1.45460000239,0.284375
1.45480000239,0.284375
1.45500000239,0.284375
1.45520000239,0.3
1.45540000239,0.284375
1.45560000239,0.284375
1.45580000239,0.284375
1.45600000239,0.284375
1.45620000239,0.3
1.45640000239,0.284375
1.45660000239,0.3
1.45680000239,0.3
1.45700000239,0.284375
1.45720000239,0.284375
1.45740000239,0.26875
1.45760000239,0.284375
1.45780000239,0.3
1.45800000239,0.284375
1.45820000239,0.284375
1.45840000239,0.26875
1.45860000239,0.284375
1.45880000239,0.284375
1.45900000239,0.3
1.45920000239,0.284375
1.45940000239,0.284375
1.45960000239,0.26875
1.45980000239,0.284375
1.46000000239,0.284375
1.46020000239,0.284375
1.46040000239,0.284375
1.46060000239,0.284375
1.46080000239,0.315625
1.46100000239,0.3
1.46120000239,0.3
1.46140000239,0.284375
1.46160000239,0.284375
1.46180000239,0.315625
1.46200000239,0.284375
1.46220000239,0.284375
1.46240000239,0.3
1.46260000239,0.284375
1.46280000239,0.3
1.46300000239,0.3
1.46320000239,0.3
1.46340000239,0.3
1.46360000239,0.3
1.46380000239,0.284375
1.46400000239,0.3
1.46420000239,0.3
1.46440000239,0.3
1.46460000239,0.3
1.46480000239,0.3
1.46500000239,0.3
1.46520000239,0.3
1.46540000239,0.3
1.46560000239,0.3
1.46580000239,0.3
1.46600000239,0.3
1.46620000239,0.3
1.46640000239,0.315625
1.46660000239,0.315625
1.46680000239,0.3
1.46700000239,0.3
1.46720000239,0.3
1.46740000239,0.3
1.46760000239,0.3
1.46780000239,0.3
1.46800000239,0.284375
1.46820000239,0.3
1.46840000239,0.3
1.46860000239,0.3
1.46880000239,0.3
1.46900000239,0.3
1.46920000239,0.3
1.46940000239,0.315625
1.46960000239,0.3
1.46980000239,0.3
1.47000000239,0.315625
1.47020000239,0.3
1.47040000239,0.3
1.47060000239,0.3
1.47080000239,0.3
1.47100000239,0.3
1.47120000239,0.315625
1.47140000239,0.3
1.47160000239,0.3
1.47180000239,0.284375
1.47200000239,0.3
1.47220000239,0.3
1.47240000239,0.3
1.47260000239,0.284375
1.47280000239,0.3
1.47300000239,0.315625
1.47320000239,0.3
1.47340000239,0.3
1.47360000239,0.3
1.47380000239,0.315625
1.47400000239,0.3
1.47420000239,0.3
1.47440000239,0.284375
1.47460000239,0.315625
1.47480000239,0.3
1.47500000239,0.3
1.47520000239,0.315625
1.47540000239,0.3
1.47560000239,0.3
1.47580000239,0.3
1.47600000239,0.3
1.47620000239,0.315625
1.47640000239,0.315625
1.47660000239,0.315625
1.47680000239,0.315625
1.47700000239,0.3
1.47720000239,0.315625
1.47740000239,0.315625
1.47760000239,0.3
1.47780000239,0.3
1.47800000239,0.315625
1.47820000239,0.3
1.47840000239,0.315625
1.47860000239,0.315625
1.47880000239,0.3
1.47900000239,0.3
1.47920000239,0.3
1.47940000239,0.315625
1.47960000239,0.315625
1.47980000239,0.315625
1.48000000239,0.315625
1.48020000239,0.315625
1.48040000239,0.3
1.48060000239,0.315625
1.48080000239,0.3
1.48100000239,0.3
1.48120000239,0.315625
1.48140000239,0.3
1.48160000239,0.3
1.48180000239,0.3
1.48200000239,0.315625
1.48220000239,0.315625
1.48240000239,0.3
1.48260000239,0.315625
1.48280000239,0.3
1.48300000239,0.315625
1.48320000239,0.315625
1.48340000239,0.315625
1.48360000239,0.315625
1.48380000239,0.315625
1.48400000239,0.315625
1.48420000239,0.315625
1.48440000239,0.315625
1.48460000239,0.315625
1.48480000239,0.315625
1.48500000239,0.3
1.48520000239,0.315625
1.48540000239,0.315625
1.48560000239,0.315625
1.48580000239,0.315625
1.48600000239,0.315625
1.48620000239,0.315625
1.48640000239,0.33125
1.48660000239,0.3
1.48680000239,0.315625
1.48700000239,0.315625
1.48720000239,0.315625
1.48740000239,0.315625
1.48760000239,0.315625
1.48780000239,0.315625
1.48800000239,0.315625
1.48820000239,0.315625
1.48840000239,0.315625
1.48860000239,0.315625
1.48880000239,0.315625
1.48900000239,0.315625
1.48920000239,0.3
1.48940000239,0.315625
1.48960000239,0.33125
1.48980000239,0.33125
1.49000000239,0.315625
1.49020000239,0.315625
1.49040000239,0.315625
1.49060000239,0.33125
1.49080000239,0.315625
1.49100000239,0.3
1.49120000239,0.315625
1.49140000239,0.315625
1.49160000239,0.315625
1.49180000239,0.315625
1.49200000239,0.33125
1.49220000239,0.315625
1.49240000239,0.3
1.49260000239,0.33125
1.49280000239,0.33125
1.49300000239,0.33125
1.49320000239,0.315625
1.49340000239,0.315625
1.49360000239,0.315625
1.49380000239,0.315625
1.49400000239,0.315625
1.49420000239,0.315625
1.49440000239,0.315625
1.49460000239,0.315625
1.49480000239,0.33125
1.49500000239,0.33125
1.49520000239,0.315625
1.49540000239,0.315625
1.49560000239,0.315625
1.49580000239,0.33125
1.49600000239,0.315625
1.49620000239,0.33125
1.49640000239,0.315625
1.49660000239,0.33125
1.49680000239,0.315625
1.49700000239,0.33125
1.49720000239,0.33125
1.49740000239,0.33125
1.49760000239,0.33125
1.49780000239,0.315625
1.49800000239,0.315625
1.49820000239,0.33125
1.49840000239,0.315625
1.49860000239,0.33125
1.49880000239,0.315625
1.49900000239,0.33125
1.49920000239,0.346875
1.49940000239,0.33125
1.49960000239,0.33125
1.49980000239,0.33125
1.50000000239,0.33125
1.50020000239,0.33125
1.50040000239,0.315625
1.50060000239,0.33125
1.50080000239,0.33125
1.50100000239,0.33125
1.50120000239,0.33125
1.50140000239,0.315625
1.50160000239,0.33125
1.50180000239,0.33125
1.50200000239,0.315625
1.50220000239,0.33125
1.50240000239,0.346875
1.50260000239,0.33125
1.50280000239,0.33125
1.50300000239,0.33125
1.50320000239,0.346875
1.50340000239,0.315625
1.50360000239,0.346875
1.50380000239,0.315625
1.50400000239,0.33125
1.50420000239,0.33125
1.50440000239,0.346875
1.50460000239,0.346875
1.50480000239,0.33125
1.50500000239,0.346875
1.50520000239,0.315625
1.50540000239,0.33125
1.50560000239,0.33125
1.50580000239,0.315625
1.50600000239,0.33125
1.50620000239,0.33125
1.50640000239,0.346875
1.50660000239,0.33125
1.50680000239,0.346875
1.50700000239,0.346875
1.50720000239,0.33125
1.50740000239,0.346875
1.50760000239,0.346875
1.50780000239,0.315625
1.50800000239,0.33125
1.50820000239,0.33125
1.50840000239,0.346875
1.50860000239,0.33125
1.50880000239,0.33125
1.50900000239,0.33125
1.50920000239,0.33125
1.50940000239,0.33125
1.50960000239,0.33125
1.50980000239,0.346875
1.51000000239,0.33125
1.51020000239,0.33125
1.51040000239,0.33125
1.51060000239,0.346875
1.51080000239,0.33125
1.51100000239,0.346875
1.51120000239,0.346875
1.51140000239,0.346875
1.51160000239,0.346875
1.51180000239,0.346875
1.51200000239,0.33125
1.51220000239,0.346875
1.51240000239,0.346875
1.51260000239,0.346875
1.51280000239,0.33125
1.51300000239,0.346875
1.51320000239,0.33125
1.51340000239,0.346875
1.51360000239,0.33125
1.51380000239,0.33125
1.51400000239,0.33125
1.51420000239,0.33125
1.51440000239,0.33125
1.51460000239,0.33125
1.51480000239,0.346875
1.51500000239,0.33125
1.51520000239,0.33125
1.51540000239,0.33125
1.51560000239,0.33125
1.51580000239,0.346875
1.51600000239,0.33125
1.51620000239,0.33125
1.51640000239,0.346875
1.51660000239,0.346875
1.51680000239,0.33125
1.51700000239,0.346875
1.51720000239,0.346875
1.51740000239,0.346875
1.51760000239,0.33125
1.51780000239,0.346875
1.51800000239,0.33125
1.51820000239,0.346875
1.51840000239,0.346875
1.51860000239,0.346875
1.51880000239,0.33125
1.51900000239,0.33125
1.51920000239,0.3625
1.51940000239,0.346875
1.51960000239,0.346875
1.51980000239,0.346875
1.52000000239,0.346875
1.52020000239,0.346875
1.52040000239,0.346875
1.52060000239,0.346875
1.52080000239,0.33125
1.52100000239,0.346875
1.52120000239,0.33125
1.52140000239,0.346875
1.52160000239,0.33125
1.52180000239,0.346875
1.52200000239,0.346875
1.52220000239,0.3625
1.52240000239,0.346875
1.52260000239,0.346875
1.52280000239,0.346875
1.52300000239,0.33125
1.52320000239,0.346875
1.52340000239,0.3625
1.52360000239,0.346875
1.52380000239,0.346875
1.52400000239,0.346875
1.52420000239,0.33125
1.52440000239,0.346875
1.52460000239,0.33125
1.52480000239,0.33125
1.52500000239,0.346875
1.52520000239,0.346875
1.52540000239,0.346875
1.52560000239,0.346875
1.52580000239,0.346875
1.52600000239,0.346875
1.52620000239,0.346875
1.52640000239,0.346875
1.52660000239,0.346875
1.52680000239,0.3625
1.52700000239,0.346875
1.52720000239,0.3625
1.52740000239,0.346875
1.52760000239,0.346875
1.52780000239,0.346875
1.52800000239,0.3625
1.52820000239,0.346875
1.52840000239,0.346875
1.52860000239,0.3625
1.52880000239,0.346875
1.52900000239,0.346875
1.52920000239,0.346875
1.52940000239,0.3625
1.52960000239,0.346875
1.52980000239,0.3625
1.53000000239,0.346875
1.53020000239,0.3625
1.53040000239,0.346875
1.53060000239,0.346875
1.53080000239,0.346875
1.53100000239,0.3625
1.53120000239,0.346875
1.53140000239,0.346875
1.53160000239,0.3625
1.53180000239,0.346875
1.53200000239,0.346875
1.53220000239,0.346875
1.53240000239,0.3625
1.53260000239,0.346875
1.53280000239,0.346875
1.53300000239,0.346875
1.53320000239,0.346875
1.53340000239,0.346875
1.53360000239,0.3625
1.53380000239,0.346875
1.53400000239,0.3625
1.53420000239,0.3625
1.53440000239,0.3625
1.53460000239,0.346875
1.53480000239,0.3625
1.53500000239,0.3625
1.53520000239,0.346875
1.53540000239,0.346875
1.53560000239,0.346875
1.53580000239,0.346875
1.53600000239,0.33125
1.53620000239,0.346875
1.53640000239,0.346875
1.53660000239,0.346875
1.53680000239,0.346875
1.53700000239,0.3625
1.53720000239,0.3625
1.53740000239,0.3625
1.53760000239,0.3625
1.53780000239,0.346875
1.53800000239,0.3625
1.53820000239,0.3625
1.53840000239,0.3625
1.53860000239,0.3625
1.53880000239,0.346875
1.53900000239,0.378125
1.53920000239,0.3625
1.53940000239,0.3625
1.53960000239,0.3625
1.53980000239,0.3625
1.54000000239,0.346875
1.54020000239,0.3625
1.54040000239,0.3625
1.54060000239,0.346875
1.54080000239,0.346875
1.54100000239,0.3625
1.54120000239,0.3625
1.54140000239,0.3625
1.54160000239,0.3625
1.54180000239,0.3625
1.54200000239,0.3625
1.54220000239,0.346875
1.54240000239,0.3625
1.54260000239,0.3625
1.54280000239,0.3625
1.54300000239,0.3625
1.54320000239,0.3625
1.54340000239,0.378125
1.54360000239,0.346875
1.54380000239,0.3625
1.54400000239,0.3625
1.54420000239,0.378125
1.54440000239,0.3625
1.54460000239,0.346875
1.54480000239,0.3625
1.54500000239,0.3625
1.54520000239,0.3625
1.54540000239,0.3625
1.54560000239,0.346875
1.54580000239,0.378125
1.54600000239,0.3625
1.54620000239,0.346875
1.54640000239,0.346875
1.54660000239,0.3625
1.54680000239,0.3625
1.54700000239,0.346875
1.54720000239,0.3625
1.54740000239,0.3625
1.54760000239,0.378125
1.54780000239,0.3625
1.54800000239,0.346875
1.54820000239,0.3625
1.54840000239,0.378125
1.54860000239,0.3625
1.54880000239,0.3625
1.54900000239,0.3625
1.54920000239,0.3625
1.54940000239,0.3625
1.54960000239,0.3625
1.54980000239,0.3625
1.55000000239,0.3625
1.55020000239,0.3625
1.55040000239,0.378125
1.55060000239,0.3625
1.55080000239,0.3625
1.55100000239,0.378125
1.55120000239,0.3625
1.55140000239,0.3625
1.55160000239,0.3625
1.55180000239,0.3625
1.55200000239,0.3625
1.55220000239,0.378125
1.55240000239,0.3625
1.55260000239,0.378125
1.55280000239,0.378125
1.55300000239,0.3625
1.55320000239,0.378125
1.55340000239,0.3625
1.55360000239,0.378125
1.55380000239,0.3625
1.55400000239,0.3625
1.55420000239,0.378125
1.55440000239,0.378125
1.55460000239,0.3625
1.55480000239,0.3625
1.55500000239,0.3625
1.55520000239,0.378125
1.55540000239,0.3625
1.55560000239,0.3625
1.55580000239,0.3625
1.55600000239,0.378125
1.55620000239,0.3625
1.55640000239,0.378125
1.55660000239,0.3625
1.55680000239,0.378125
1.55700000239,0.3625
1.55720000239,0.378125
1.55740000239,0.378125
1.55760000239,0.378125
1.55780000239,0.378125
1.55800000239,0.3625
1.55820000239,0.378125
1.55840000239,0.3625
1.55860000239,0.378125
1.55880000239,0.378125
1.55900000239,0.3625
1.55920000239,0.3625
1.55940000239,0.3625
1.55960000239,0.378125
1.55980000239,0.378125
1.56000000239,0.378125
1.56020000239,0.378125
1.56040000239,0.378125
1.56060000239,0.378125
1.56080000239,0.378125
1.56100000239,0.39375
1.56120000239,0.378125
1.56140000239,0.39375
1.56160000239,0.378125
1.56180000239,0.378125
1.56200000239,0.378125
1.56220000239,0.378125
1.56240000239,0.378125
1.56260000239,0.378125
1.56280000239,0.39375
1.56300000239,0.39375
1.56320000239,0.378125
1.56340000239,0.378125
1.56360000239,0.378125
1.56380000239,0.378125
1.56400000239,0.378125
1.56420000239,0.378125
1.56440000239,0.3625
1.56460000239,0.378125
1.56480000239,0.378125
1.56500000239,0.39375
1.56520000239,0.378125
1.56540000239,0.378125
1.56560000239,0.378125
1.56580000239,0.378125
1.56600000239,0.378125
1.56620000239,0.378125
1.56640000239,0.378125
1.56660000239,0.378125
1.56680000239,0.378125
1.56700000239,0.378125
1.56720000239,0.39375
1.56740000239,0.378125
1.56760000239,0.39375
1.56780000239,0.39375
1.56800000239,0.39375
1.56820000239,0.39375
1.56840000239,0.378125
1.56860000239,0.378125
1.56880000239,0.39375
1.56900000239,0.39375
1.56920000239,0.378125
1.56940000239,0.39375
1.56960000239,0.39375
1.56980000239,0.378125
1.57000000239,0.39375
1.57020000239,0.39375
1.57040000239,0.378125
1.57060000239,0.39375
1.57080000239,0.378125
1.57100000239,0.378125
1.57120000239,0.409375
1.57140000239,0.39375
1.57160000239,0.39375
1.57180000239,0.39375
1.57200000239,0.39375
1.57220000239,0.39375
1.57240000239,0.409375
1.57260000239,0.39375
1.57280000239,0.39375
1.57300000239,0.39375
1.57320000239,0.409375
1.57340000239,0.39375
1.57360000239,0.39375
1.57380000239,0.39375
1.57400000239,0.39375
1.57420000239,0.39375
1.57440000239,0.378125
1.57460000239,0.39375
1.57480000239,0.39375
1.57500000239,0.39375
1.57520000239,0.409375
1.57540000239,0.39375
1.57560000239,0.39375
1.57580000239,0.409375
1.57600000239,0.39375
1.57620000239,0.409375
1.57640000239,0.409375
1.57660000239,0.39375
1.57680000239,0.39375
1.57700000239,0.409375
1.57720000239,0.378125
1.57740000239,0.39375
1.57760000239,0.39375
1.57780000239,0.378125
1.57800000239,0.409375
1.57820000239,0.425
1.57840000239,0.39375
1.57860000239,0.409375
1.57880000239,0.409375
1.57900000239,0.409375
1.57920000239,0.409375
1.57940000239,0.39375
1.57960000239,0.409375
1.57980000239,0.39375
1.58000000239,0.409375
1.58020000239,0.409375
1.58040000239,0.409375
1.58060000239,0.39375
1.58080000239,0.409375
1.58100000239,0.39375
1.58120000239,0.409375
1.58140000239,0.409375
1.58160000239,0.409375
1.58180000239,0.409375
1.58200000239,0.425
1.58220000239,0.409375
1.58240000239,0.409375
1.58260000239,0.409375
1.58280000239,0.409375
1.58300000239,0.39375
1.58320000239,0.409375
1.58340000239,0.409375
1.58360000239,0.409375
1.58380000239,0.409375
1.58400000239,0.409375
1.58420000239,0.409375
1.58440000239,0.409375
1.58460000239,0.409375
1.58480000239,0.409375
1.58500000239,0.409375
1.58520000239,0.425
1.58540000239,0.409375
1.58560000239,0.425
1.58580000239,0.39375
1.58600000239,0.409375
1.58620000239,0.425
1.58640000239,0.409375
1.58660000239,0.409375
1.58680000239,0.409375
1.58700000239,0.409375
1.58720000239,0.425
1.58740000239,0.409375
1.58760000239,0.425
1.58780000239,0.409375
1.58800000239,0.409375
1.58820000239,0.409375
1.58840000239,0.440625
1.58860000239,0.425
1.58880000239,0.425
1.58900000239,0.425
1.58920000239,0.425
1.58940000239,0.409375
1.58960000239,0.409375
1.58980000239,0.409375
1.59000000239,0.425
1.59020000239,0.425
1.59040000239,0.425
1.59060000239,0.409375
1.59080000239,0.425
1.59100000239,0.425
1.59120000239,0.409375
1.59140000239,0.409375
1.59160000239,0.425
1.59180000239,0.425
1.59200000239,0.425
1.59220000239,0.425
1.59240000239,0.409375
1.59260000239,0.425
1.59280000239,0.440625
1.59300000239,0.425
1.59320000239,0.425
1.59340000239,0.425
1.59360000239,0.440625
1.59380000239,0.425
1.59400000239,0.425
1.59420000239,0.425
1.59440000239,0.425
1.59460000239,0.409375
1.59480000239,0.425
1.59500000239,0.440625
1.59520000239,0.425
1.59540000239,0.440625
1.59560000239,0.425
1.59580000239,0.425
1.59600000239,0.440625
1.59620000239,0.425
1.59640000239,0.425
1.59660000239,0.425
1.59680000239,0.425
1.59700000239,0.425
1.59720000239,0.440625
1.59740000239,0.440625
1.59760000239,0.425
1.59780000239,0.425
1.59800000239,0.440625
1.59820000239,0.425
1.59840000239,0.440625
1.59860000239,0.440625
1.59880000239,0.425
1.59900000239,0.440625
1.59920000239,0.425
1.59940000239,0.440625
1.59960000239,0.440625
1.59980000239,0.440625
1.60000000239,0.440625
1.60020000239,0.440625
1.60040000239,0.440625
1.60060000239,0.440625
1.60080000239,0.440625
1.60100000239,0.440625
1.60120000239,0.440625
1.60140000239,0.440625
1.60160000239,0.440625
1.60180000239,0.440625
1.60200000239,0.45625
1.60220000239,0.440625
1.60240000239,0.45625
1.60260000239,0.45625
1.60280000239,0.440625
1.60300000239,0.440625
1.60320000239,0.425
1.60340000239,0.425
1.60360000239,0.45625
1.60380000239,0.440625
1.60400000239,0.440625
1.60420000239,0.440625
1.60440000239,0.45625
1.60460000239,0.45625
1.60480000239,0.440625
1.60500000239,0.45625
1.60520000239,0.440625
1.60540000239,0.45625
1.60560000239,0.425
1.60580000239,0.45625
1.60600000239,0.45625
1.60620000239,0.45625
1.60640000239,0.440625
1.60660000239,0.45625
1.60680000239,0.45625
1.60700000239,0.440625
1.60720000239,0.440625
1.60740000239,0.45625
1.60760000239,0.440625
1.60780000239,0.45625
1.60800000239,0.45625
1.60820000239,0.45625
1.60840000239,0.440625
1.60860000239,0.471875
1.60880000239,0.45625
1.60900000239,0.45625
1.60920000239,0.45625
1.60940000239,0.45625
1.60960000239,0.440625
1.60980000239,0.45625
1.61000000239,0.45625
1.61020000239,0.45625
1.61040000239,0.45625
1.61060000239,0.45625
1.61080000239,0.440625
1.61100000239,0.471875
1.61120000239,0.45625
1.61140000239,0.440625
1.61160000239,0.440625
1.61180000239,0.440625
1.61200000239,0.45625
1.61220000239,0.45625
1.61240000239,0.45625
1.61260000239,0.45625
1.61280000239,0.45625
1.61300000239,0.471875
1.61320000239,0.471875
1.61340000239,0.45625
1.61360000239,0.45625
1.61380000239,0.471875
1.61400000239,0.45625
1.61420000239,0.471875
1.61440000239,0.471875
1.61460000239,0.471875
1.61480000239,0.471875
1.61500000239,0.471875
1.61520000239,0.471875
1.61540000239,0.471875
1.61560000239,0.45625
1.61580000239,0.471875
1.61600000239,0.471875
1.61620000239,0.471875
1.61640000239,0.471875
1.61660000239,0.471875
1.61680000239,0.45625
1.61700000239,0.45625
1.61720000239,0.471875
1.61740000239,0.471875
1.61760000239,0.471875
1.61780000239,0.471875
1.61800000239,0.471875
1.61820000239,0.471875
1.61840000239,0.471875
1.61860000239,0.471875
1.61880000239,0.471875
1.61900000239,0.471875
1.61920000239,0.471875
1.61940000239,0.471875
1.61960000239,0.471875
1.61980000239,0.4875
1.62000000239,0.471875
1.62020000239,0.471875
1.62040000239,0.471875
1.62060000239,0.4875
1.62080000239,0.471875
1.62100000239,0.503125
1.62120000239,0.471875
1.62140000239,0.471875
1.62160000239,0.45625
1.62180000239,0.503125
1.62200000239,0.4875
1.62220000239,0.471875
1.62240000239,0.471875
1.62260000239,0.4875
1.62280000239,0.4875
1.62300000239,0.471875
1.62320000239,0.4875
1.62340000239,0.471875
1.62360000239,0.471875
1.62380000239,0.4875
1.62400000239,0.471875
1.62420000239,0.471875
1.62440000239,0.4875
1.62460000239,0.4875
1.62480000239,0.471875
1.62500000239,0.471875
1.62520000239,0.4875
1.62540000239,0.4875
1.62560000239,0.4875
1.62580000239,0.4875
1.62600000239,0.471875
1.62620000239,0.471875
1.62640000239,0.4875
1.62660000239,0.4875
1.62680000239,0.4875
1.62700000239,0.4875
1.62720000239,0.4875
1.62740000239,0.503125
1.62760000239,0.4875
1.62780000239,0.4875
1.62800000239,0.4875
1.62820000239,0.471875
1.62840000239,0.4875
1.62860000239,0.4875
1.62880000239,0.4875
1.62900000239,0.503125
1.62920000239,0.503125
1.62940000239,0.4875
1.62960000239,0.4875
1.62980000239,0.503125
1.63000000239,0.503125
1.63020000239,0.503125
1.63040000239,0.503125
1.63060000239,0.503125
1.63080000239,0.4875
1.63100000239,0.503125
1.63120000239,0.4875
1.63140000239,0.4875
1.63160000239,0.503125
1.63180000239,0.503125
1.63200000239,0.4875
1.63220000239,0.503125
1.63240000239,0.471875
1.63260000239,0.4875
1.63280000239,0.503125
1.63300000239,0.503125
1.63320000239,0.51875
1.63340000239,0.503125
1.63360000239,0.51875
1.63380000239,0.4875
1.63400000239,0.503125
1.63420000239,0.4875
1.63440000239,0.503125
1.63460000239,0.51875
1.63480000239,0.503125
1.63500000239,0.503125
1.63520000239,0.51875
1.63540000239,0.51875
1.63560000239,0.503125
1.63580000239,0.51875
1.63600000239,0.51875
1.63620000239,0.4875
1.63640000239,0.503125
1.63660000239,0.503125
1.63680000239,0.51875
1.63700000239,0.51875
1.63720000239,0.51875
1.63740000239,0.503125
1.63760000239,0.51875
1.63780000239,0.534375
1.63800000239,0.51875
1.63820000239,0.51875
1.63840000239,0.51875
1.63860000239,0.534375
1.63880000239,0.51875
1.63900000239,0.503125
1.63920000239,0.534375
1.63940000239,0.51875
1.63960000239,0.534375
1.63980000239,0.51875
1.64000000239,0.534375
1.64020000239,0.534375
1.64040000239,0.51875
1.64060000239,0.534375
1.64080000239,0.534375
1.64100000239,0.51875
1.64120000239,0.51875
1.64140000239,0.51875
1.64160000239,0.51875
1.64180000239,0.51875
1.64200000239,0.51875
1.64220000239,0.51875
1.64240000239,0.51875
1.64260000239,0.534375
1.64280000239,0.51875
1.64300000239,0.51875
1.64320000239,0.534375
1.64340000239,0.51875
1.64360000239,0.534375
1.64380000239,0.534375
1.64400000239,0.51875
1.64420000239,0.534375
1.64440000239,0.534375
1.64460000239,0.534375
1.64480000239,0.51875
1.64500000239,0.534375
1.64520000239,0.534375
1.64540000239,0.534375
1.64560000239,0.534375
1.64580000239,0.534375
1.64600000239,0.534375
1.64620000239,0.534375
1.64640000239,0.534375
1.64660000239,0.534375
1.64680000239,0.51875
1.64700000239,0.534375
1.64720000239,0.534375
1.64740000239,0.534375
1.64760000239,0.534375
1.64780000239,0.534375
1.64800000239,0.534375
1.64820000239,0.534375
1.64840000239,0.534375
1.64860000239,0.55
1.64880000239,0.55
1.64900000239,0.534375
1.64920000239,0.534375
1.64940000239,0.55
1.64960000239,0.55
1.64980000239,0.55
1.65000000239,0.534375
1.65020000239,0.55
1.65040000239,0.534375
1.65060000239,0.534375
1.65080000239,0.55
1.65100000239,0.55
1.65120000239,0.565625
1.65140000239,0.534375
1.65160000239,0.534375
1.65180000239,0.55
1.65200000239,0.55
1.65220000239,0.55
1.65240000239,0.55
1.65260000239,0.534375
1.65280000239,0.565625
1.65300000239,0.55
1.65320000239,0.565625
1.65340000239,0.565625
1.65360000239,0.55
1.65380000239,0.565625
1.65400000239,0.55
1.65420000239,0.55
1.65440000239,0.565625
1.65460000239,0.55
1.65480000239,0.55
1.65500000239,0.565625
1.65520000239,0.55
1.65540000239,0.565625
1.65560000239,0.565625
1.65580000239,0.565625
1.65600000239,0.58125
1.65620000239,0.58125
1.65640000239,0.565625
1.65660000239,0.565625
1.65680000239,0.55
1.65700000239,0.565625
1.65720000239,0.58125
1.65740000239,0.565625
1.65760000239,0.58125
1.65780000239,0.565625
1.65800000239,0.565625
1.65820000239,0.565625
1.65840000239,0.565625
1.65860000239,0.565625
1.65880000239,0.58125
1.65900000239,0.565625
1.65920000239,0.565625
1.65940000239,0.58125
1.65960000239,0.58125
1.65980000239,0.565625
1.66000000239,0.565625
1.66020000239,0.58125
1.66040000239,0.596875
1.66060000239,0.565625
1.66080000239,0.565625
1.66100000239,0.58125
1.66120000239,0.58125
1.66140000239,0.58125
1.66160000239,0.565625
1.66180000239,0.58125
1.66200000239,0.58125
1.66220000239,0.58125
1.66240000239,0.565625
1.66260000239,0.58125
1.66280000239,0.58125
1.66300000239,0.565625
1.66320000239,0.565625
1.66340000239,0.58125
1.66360000239,0.58125
1.66380000239,0.596875
1.66400000239,0.596875
1.66420000239,0.58125
1.66440000239,0.58125
1.66460000239,0.596875
1.66480000239,0.58125
1.66500000239,0.596875
1.66520000239,0.596875
1.66540000239,0.596875
1.66560000239,0.596875
1.66580000239,0.596875
1.66600000239,0.58125
1.66620000239,0.58125
1.66640000239,0.596875
1.66660000239,0.58125
1.66680000239,0.58125
1.66700000239,0.58125
1.66720000239,0.596875
1.66740000239,0.596875
1.66760000239,0.6125
1.66780000239,0.596875
1.66800000239,0.596875
1.66820000239,0.6125
1.66840000239,0.596875
1.66860000239,0.596875
1.66880000239,0.6125
1.66900000239,0.596875
1.66920000239,0.58125
1.66940000239,0.596875
1.66960000239,0.596875
1.66980000239,0.6125
1.67000000239,0.6125
1.67020000239,0.596875
1.67040000239,0.596875
1.67060000239,0.6125
1.67080000239,0.6125
1.67100000239,0.6125
1.67120000239,0.6125
1.67140000239,0.6125
1.67160000239,0.628125
1.67180000239,0.596875
1.67200000239,0.6125
1.67220000239,0.6125
1.67240000239,0.6125
1.67260000239,0.6125
1.67280000239,0.6125
1.67300000239,0.596875
1.67320000239,0.596875
1.67340000239,0.6125
1.67360000239,0.6125
1.67380000239,0.6125
1.67400000239,0.6125
1.67420000239,0.628125
1.67440000239,0.628125
1.67460000239,0.6125
1.67480000239,0.6125
1.67500000239,0.628125
1.67520000239,0.6125
1.67540000239,0.628125
1.67560000239,0.64375
1.67580000239,0.628125
1.67600000239,0.628125
1.67620000239,0.628125
1.67640000239,0.6125
1.67660000239,0.6125
1.67680000239,0.628125
1.67700000239,0.628125
1.67720000239,0.628125
1.67740000239,0.64375
1.67760000239,0.64375
1.67780000239,0.64375
1.67800000239,0.64375
1.67820000239,0.6125
1.67840000239,0.64375
1.67860000239,0.64375
1.67880000239,0.628125
1.67900000239,0.628125
1.67920000239,0.628125
1.67940000239,0.64375
1.67960000239,0.64375
1.67980000239,0.64375
1.68000000239,0.64375
1.68020000239,0.659375
1.68040000239,0.64375
1.68060000239,0.659375
1.68080000239,0.64375
1.68100000239,0.659375
1.68120000239,0.64375
1.68140000239,0.628125
1.68160000239,0.64375
1.68180000239,0.64375
1.68200000239,0.64375
1.68220000239,0.64375
1.68240000239,0.64375
1.68260000239,0.64375
1.68280000239,0.64375
1.68300000239,0.64375
1.68320000239,0.64375
1.68340000239,0.64375
1.68360000239,0.64375
1.68380000239,0.64375
1.68400000239,0.659375
1.68420000239,0.659375
1.68440000239,0.659375
1.68460000239,0.659375
1.68480000239,0.675
1.68500000239,0.64375
1.68520000239,0.659375
1.68540000239,0.659375
1.68560000239,0.64375
1.68580000239,0.659375
1.68600000239,0.659375
1.68620000239,0.659375
1.68640000239,0.659375
1.68660000239,0.659375
1.68680000239,0.659375
1.68700000239,0.675
1.68720000239,0.659375
1.68740000239,0.675
1.68760000239,0.659375
1.68780000239,0.659375
1.68800000239,0.675
1.68820000239,0.659375
1.68840000239,0.675
1.68860000239,0.675
1.68880000239,0.675
1.68900000239,0.675
1.68920000239,0.675
1.68940000239,0.675
1.68960000239,0.675
1.68980000239,0.675
1.69000000239,0.675
1.69020000239,0.675
1.69040000239,0.659375
1.69060000239,0.675
1.69080000239,0.690625
1.69100000239,0.690625
1.69120000239,0.675
1.69140000239,0.675
1.69160000239,0.690625
1.69180000239,0.675
1.69200000239,0.675
1.69220000239,0.690625
1.69240000239,0.690625
1.69260000239,0.690625
1.69280000239,0.690625
1.69300000239,0.70625
1.69320000239,0.690625
1.69340000239,0.690625
1.69360000239,0.690625
1.69380000239,0.690625
1.69400000239,0.690625
1.69420000239,0.70625
1.69440000239,0.675
1.69460000239,0.690625
1.69480000239,0.690625
1.69500000239,0.70625
1.69520000239,0.70625
1.69540000239,0.690625
1.69560000239,0.690625
1.69580000239,0.690625
1.69600000239,0.690625
1.69620000239,0.690625
1.69640000239,0.690625
1.69660000239,0.70625
1.69680000239,0.690625
1.69700000239,0.690625
1.69720000239,0.690625
1.69740000239,0.690625
1.69760000239,0.690625
1.69780000239,0.721875
1.69800000239,0.70625
1.69820000239,0.70625
1.69840000239,0.690625
1.69860000239,0.70625
1.69880000239,0.70625
1.69900000239,0.70625
1.69920000239,0.70625
1.69940000239,0.721875
1.69960000239,0.70625
1.69980000239,0.70625
1.70000000239,0.721875
1.70020000239,0.721875
1.70040000239,0.721875
1.70060000239,0.70625
1.70080000239,0.721875
1.70100000239,0.70625
1.70120000239,0.721875
1.70140000239,0.70625
1.70160000239,0.721875
1.70180000239,0.721875
1.70200000239,0.721875
1.70220000239,0.70625
1.70240000239,0.70625
1.70260000239,0.7375
1.70280000239,0.721875
1.70300000239,0.721875
1.70320000239,0.721875
1.70340000239,0.721875
1.70360000239,0.70625
1.70380000239,0.721875
1.70400000239,0.721875
1.70420000239,0.721875
1.70440000239,0.721875
1.70460000239,0.7375
1.70480000239,0.721875
1.70500000239,0.7375
1.70520000239,0.721875
1.70540000239,0.7375
1.70560000239,0.7375
1.70580000239,0.721875
1.70600000239,0.7375
1.70620000239,0.7375
1.70640000239,0.7375
1.70660000239,0.7375
1.70680000239,0.7375
1.70700000239,0.7375
1.70720000239,0.7375
1.70740000239,0.7375
1.70760000239,0.721875
1.70780000239,0.7375
1.70800000239,0.753125
1.70820000239,0.7375
1.70840000239,0.753125
1.70860000239,0.7375
1.70880000239,0.753125
1.70900000239,0.7375
1.70920000239,0.753125
1.70940000239,0.753125
1.70960000239,0.753125
1.70980000239,0.753125
1.71000000239,0.7375
1.71020000239,0.753125
1.71040000239,0.7375
1.71060000239,0.76875
1.71080000239,0.753125
1.71100000239,0.753125
1.71120000239,0.753125
1.71140000239,0.753125
1.71160000239,0.76875
1.71180000239,0.76875
1.71200000239,0.7375
1.71220000239,0.753125
1.71240000239,0.753125
1.71260000239,0.753125
1.71280000239,0.76875
1.71300000239,0.76875
1.71320000239,0.753125
1.71340000239,0.753125
1.71360000239,0.753125
1.71380000239,0.76875
1.71400000239,0.76875
1.71420000239,0.753125
1.71440000239,0.76875
1.71460000239,0.753125
1.71480000239,0.76875
1.71500000239,0.76875
1.71520000239,0.76875
1.71540000239,0.76875
1.71560000239,0.753125
1.71580000239,0.76875
1.71600000239,0.76875
1.71620000239,0.76875
1.71640000239,0.76875
1.71660000239,0.784375
1.71680000239,0.784375
1.71700000239,0.784375
1.71720000239,0.753125
1.71740000239,0.784375
1.71760000239,0.76875
1.71780000239,0.76875
1.71800000239,0.76875
1.71820000239,0.784375
1.71840000239,0.784375
1.71860000239,0.784375
1.71880000239,0.784375
1.71900000239,0.784375
1.71920000239,0.784375
1.71940000239,0.784375
1.71960000239,0.8
1.71980000239,0.784375
1.72000000239,0.8
1.72020000239,0.784375
1.72040000239,0.8
1.72060000239,0.8
1.72080000239,0.784375
1.72100000239,0.8
1.72120000239,0.8
1.72140000239,0.784375
1.72160000239,0.8
1.72180000239,0.8
1.72200000239,0.8
1.72220000239,0.8
1.72240000239,0.784375
1.72260000239,0.8
1.72280000239,0.784375
1.72300000239,0.8
1.72320000239,0.8
1.72340000239,0.8
1.72360000239,0.8
1.72380000239,0.8
1.72400000239,0.8
1.72420000239,0.8
1.72440000239,0.8
1.72460000239,0.8
1.72480000239,0.8
1.72500000239,0.8
1.72520000239,0.815625
1.72540000239,0.8
1.72560000239,0.815625
1.72580000239,0.8
1.72600000239,0.8
1.72620000239,0.8
1.72640000239,0.815625
1.72660000239,0.784375
1.72680000239,0.8
1.72700000239,0.8
1.72720000239,0.8
1.72740000239,0.815625
1.72760000239,0.815625
1.72780000239,0.815625
1.72800000239,0.815625
1.72820000239,0.8
1.72840000239,0.8
1.72860000239,0.815625
1.72880000239,0.83125
1.72900000239,0.83125
1.72920000239,0.815625
1.72940000239,0.815625
1.72960000239,0.83125
1.72980000239,0.815625
1.73000000239,0.83125
1.73020000239,0.815625
1.73040000239,0.815625
1.73060000239,0.815625
1.73080000239,0.83125
1.73100000239,0.815625
1.73120000239,0.815625
1.73140000239,0.815625
1.73160000239,0.846875
1.73180000239,0.83125
1.73200000239,0.83125
1.73220000239,0.83125
1.73240000239,0.83125
1.73260000239,0.83125
1.73280000239,0.83125
1.73300000239,0.83125
1.73320000239,0.83125
1.73340000239,0.83125
1.73360000239,0.83125
1.73380000239,0.83125
1.73400000239,0.846875
1.73420000239,0.83125
1.73440000239,0.83125
1.73460000239,0.83125
1.73480000239,0.83125
1.73500000239,0.846875
1.73520000239,0.846875
1.73540000239,0.83125
1.73560000239,0.846875
1.73580000239,0.8625
1.73600000239,0.846875
1.73620000239,0.8625
1.73640000239,0.846875
1.73660000239,0.83125
1.73680000239,0.846875
1.73700000239,0.846875
1.73720000239,0.83125
1.73740000239,0.846875
1.73760000239,0.846875
1.73780000239,0.846875
1.73800000239,0.846875
1.73820000239,0.8625
1.73840000239,0.846875
1.73860000239,0.8625
1.73880000239,0.846875
1.73900000239,0.846875
1.73920000239,0.846875
1.73940000239,0.846875
1.73960000239,0.846875
1.73980000239,0.8625
1.74000000239,0.878125
1.74020000239,0.846875
1.74040000239,0.8625
1.74060000239,0.846875
1.74080000239,0.8625
1.74100000239,0.878125
1.74120000239,0.8625
1.74140000239,0.878125
1.74160000239,0.878125
1.74180000239,0.8625
1.74200000239,0.8625
1.74220000239,0.878125
1.74240000239,0.8625
1.74260000239,0.8625
1.74280000239,0.8625
1.74300000239,0.8625
1.74320000239,0.878125
1.74340000239,0.878125
1.74360000239,0.8625
1.74380000239,0.878125
1.74400000239,0.8625
1.74420000239,0.89375
1.74440000239,0.878125
1.74460000239,0.878125
1.74480000239,0.878125
1.74500000239,0.8625
1.74520000239,0.878125
1.74540000239,0.878125
1.74560000239,0.878125
1.74580000239,0.878125
1.74600000239,0.878125
1.74620000239,0.878125
1.74640000239,0.878125
1.74660000239,0.878125
1.74680000239,0.878125
1.74700000239,0.89375
1.74720000239,0.878125
1.74740000239,0.89375
1.74760000239,0.89375
1.74780000239,0.89375
1.74800000239,0.878125
1.74820000239,0.89375
1.74840000239,0.89375
1.74860000239,0.89375
1.74880000239,0.89375
1.74900000239,0.89375
1.74920000239,0.89375
1.74940000239,0.909375
1.74960000239,0.89375
1.74980000239,0.89375
1.75000000239,0.89375
1.75020000239,0.89375
1.75040000239,0.89375
1.75060000239,0.89375
1.75080000239,0.89375
1.75100000239,0.89375
1.75120000239,0.89375
1.75140000239,0.89375
1.75160000239,0.89375
1.75180000239,0.909375
1.75200000239,0.909375
1.75220000239,0.89375
1.75240000239,0.89375
1.75260000239,0.909375
1.75280000239,0.909375
1.75300000239,0.925
1.75320000239,0.909375
1.75340000239,0.909375
1.75360000239,0.909375
1.75380000239,0.925
1.75400000239,0.909375
1.75420000239,0.89375
1.75440000239,0.909375
1.75460000239,0.925
1.75480000239,0.925
1.75500000239,0.925
1.75520000239,0.909375
1.75540000239,0.909375
1.75560000239,0.909375
1.75580000239,0.925
1.75600000239,0.909375
1.75620000239,0.925
1.75640000239,0.909375
1.75660000239,0.925
1.75680000239,0.940625
1.75700000239,0.925
1.75720000239,0.940625
1.75740000239,0.940625
1.75760000239,0.925
1.75780000239,0.909375
1.75800000239,0.925
1.75820000239,0.940625
1.75840000239,0.925
1.75860000239,0.925
1.75880000239,0.940625
1.75900000239,0.940625
1.75920000239,0.925
1.75940000239,0.940625
1.75960000239,0.925
1.75980000239,0.940625
1.76000000239,0.940625
1.76020000239,0.925
1.76040000239,0.940625
1.76060000239,0.940625
1.76080000239,0.95625
1.76100000239,0.940625
1.76120000239,0.925
1.76140000239,0.940625
1.76160000239,0.940625
1.76180000239,0.95625
1.76200000239,0.940625
1.76220000239,0.925
1.76240000239,0.95625
1.76260000239,0.940625
1.76280000239,0.940625
1.76300000239,0.940625
1.76320000239,0.95625
1.76340000239,0.95625
1.76360000239,0.940625
1.76380000239,0.95625
1.76400000239,0.95625
1.76420000239,0.95625
1.76440000239,0.940625
1.76460000239,0.95625
1.76480000239,0.95625
1.76500000239,0.940625
1.76520000239,0.940625
1.76540000239,0.971875
1.76560000239,0.95625
1.76580000239,0.95625
1.76600000239,0.971875
1.76620000239,0.95625
1.76640000239,0.971875
1.76660000239,0.971875
1.76680000239,0.971875
1.76700000239,0.971875
1.76720000239,0.95625
1.76740000239,0.971875
1.76760000239,0.971875
1.76780000239,0.971875
1.76800000239,0.95625
1.76820000239,0.971875
1.76840000239,0.971875
1.76860000239,0.9875
1.76880000239,0.95625
1.76900000239,0.971875
1.76920000239,0.971875
1.76940000239,0.971875
1.76960000239,0.971875
1.76980000239,0.971875
1.77000000239,0.9875
1.77020000239,0.971875
1.77040000239,0.971875
1.77060000239,0.9875
1.77080000239,0.9875
1.77100000239,0.9875
1.77120000239,0.971875
1.77140000239,0.9875
1.77160000239,1.00312
1.77180000239,0.971875
1.77200000239,1.00312
1.77220000239,0.9875
1.77240000239,0.9875
1.77260000239,0.971875
1.77280000239,1.00312
1.77300000239,0.9875
1.77320000239,0.9875
1.77340000239,1.00312
1.77360000239,1.00312
1.77380000239,0.9875
1.77400000239,1.00312
1.77420000239,1.00312
1.77440000239,0.9875
1.77460000239,1.00312
1.77480000239,1.00312
1.77500000239,1.00312
1.77520000239,0.9875
1.77540000239,1.00312
1.77560000239,1.01875
1.77580000239,1.00312
1.77600000239,1.00312
1.77620000239,1.00312
1.77640000239,1.00312
1.77660000239,1.00312
1.77680000239,1.01875
1.77700000239,1.00312
1.77720000239,1.00312
1.77740000239,1.00312
1.77760000239,1.01875
1.77780000239,1.00312
1.77800000239,1.00312
1.77820000239,1.00312
1.77840000239,1.00312
1.77860000239,1.01875
1.77880000239,1.01875
1.77900000239,1.01875
1.77920000239,1.03437
1.77940000239,1.03437
1.77960000239,1.03437
1.77980000239,1.03437
1.78000000239,1.03437
1.78020000239,1.01875
1.78040000239,1.03437
1.78060000239,1.03437
1.78080000239,1.03437
1.78100000239,1.03437
1.78120000239,1.01875
1.78140000239,1.05
1.78160000239,1.03437
1.78180000239,1.01875
1.78200000239,1.03437
1.78220000239,1.03437
1.78240000239,1.05
1.78260000239,1.03437
1.78280000239,1.03437
1.78300000239,1.03437
1.78320000239,1.03437
1.78340000239,1.05
1.78360000239,1.06562
1.78380000239,1.05
1.78400000239,1.03437
1.78420000239,1.05
1.78440000239,1.05
1.78460000239,1.03437
1.78480000239,1.06562
1.78500000239,1.06562
1.78520000239,1.05
1.78540000239,1.06562
1.78560000239,1.06562
1.78580000239,1.06562
1.78600000239,1.06562
1.78620000239,1.06562
1.78640000239,1.06562
1.78660000239,1.06562
1.78680000239,1.06562
1.78700000239,1.08125
1.78720000239,1.06562
1.78740000239,1.08125
1.78760000239,1.08125
1.78780000239,1.08125
1.78800000239,1.09687
1.78820000239,1.08125
1.78840000239,1.08125
1.78860000239,1.08125
1.78880000239,1.06562
1.78900000239,1.08125
1.78920000239,1.08125
1.78940000239,1.09687
1.78960000239,1.09687
1.78980000239,1.09687
1.79000000239,1.1125
1.79020000239,1.08125
1.79040000239,1.09687
1.79060000239,1.09687
1.79080000239,1.08125
1.79100000239,1.09687
1.79120000239,1.09687
1.79140000239,1.1125
1.79160000239,1.1125
1.79180000239,1.09687
1.79200000239,1.09687
1.79220000239,1.08125
1.79240000239,1.09687
1.79260000239,1.12812
1.79280000239,1.09687
1.79300000239,1.1125
1.79320000239,1.1125
1.79340000239,1.09687
1.79360000239,1.12812
1.79380000239,1.09687
1.79400000239,1.1125
1.79420000239,1.1125
1.79440000239,1.12812
1.79460000239,1.1125
1.79480000239,1.12812
1.79500000239,1.1125
1.79520000239,1.12812
1.79540000239,1.1125
1.79560000239,1.14375
1.79580000239,1.14375
1.79600000239,1.12812
1.79620000239,1.12812
1.79640000239,1.12812
1.79660000239,1.12812
1.79680000239,1.14375
1.79700000239,1.12812
1.79720000239,1.12812
1.79740000239,1.12812
1.79760000239,1.14375
1.79780000239,1.14375
1.79800000239,1.14375
1.79820000239,1.14375
1.79840000239,1.14375
1.79860000239,1.14375
1.79880000239,1.15937
1.79900000239,1.14375
1.79920000239,1.15937
1.79940000239,1.15937
1.79960000239,1.15937
1.79980000239,1.175
1.80000000239,1.15937
1.80020000239,1.14375
1.80040000239,1.15937
1.80060000239,1.15937
1.80080000239,1.15937
1.80100000239,1.15937
1.80120000239,1.15937
1.80140000239,1.175
1.80160000239,1.175
1.80180000239,1.175
1.80200000239,1.175
1.80220000239,1.15937
1.80240000239,1.175
1.80260000239,1.175
1.80280000239,1.175
1.80300000239,1.19062
1.80320000239,1.175
1.80340000239,1.175
1.80360000239,1.19062
1.80380000239,1.175
1.80400000239,1.19062
1.80420000239,1.19062
1.80440000239,1.175
1.80460000239,1.19062
1.80480000239,1.19062
1.80500000239,1.20625
1.80520000239,1.20625
1.80540000239,1.20625
1.80560000239,1.20625
1.80580000239,1.19062
1.80600000239,1.20625
1.80620000239,1.22187
1.80640000239,1.19062
1.80660000239,1.22187
1.80680000239,1.22187
1.80700000239,1.22187
1.80720000239,1.22187
1.80740000239,1.2375
1.80760000239,1.22187
1.80780000239,1.20625
1.80800000239,1.2375
1.80820000239,1.22187
1.80840000239,1.2375
1.80860000239,1.2375
1.80880000239,1.22187
1.80900000239,1.2375
1.80920000239,1.2375
1.80940000239,1.25312
1.80960000239,1.2375
1.80980000239,1.2375
1.81000000239,1.2375
1.81020000239,1.2375
1.81040000239,1.2375
1.81060000239,1.25312
1.81080000239,1.25312
1.81100000239,1.25312
1.81120000239,1.25312
1.81140000239,1.2375
1.81160000239,1.26875
1.81180000239,1.25312
1.81200000239,1.26875
1.81220000239,1.25312
1.81240000239,1.25312
1.81260000239,1.26875
1.81280000239,1.26875
1.81300000239,1.26875
1.81320000239,1.26875
1.81340000239,1.26875
1.81360000239,1.26875
1.81380000239,1.26875
1.81400000239,1.26875
1.81420000239,1.28437
1.81440000239,1.26875
1.81460000239,1.3
1.81480000239,1.28437
1.81500000239,1.28437
1.81520000239,1.28437
1.81540000239,1.28437
1.81560000239,1.28437
1.81580000239,1.3
1.81600000239,1.3
1.81620000239,1.3
1.81640000239,1.3
1.81660000239,1.3
1.81680000239,1.28437
1.81700000239,1.3
1.81720000239,1.3
1.81740000239,1.31562
1.81760000239,1.31562
1.81780000239,1.3
1.81800000239,1.31562
1.81820000239,1.3
1.81840000239,1.31562
1.81860000239,1.3
1.81880000239,1.3
1.81900000239,1.31562
1.81920000239,1.31562
1.81940000239,1.31562
1.81960000239,1.33125
1.81980000239,1.33125
1.82000000239,1.33125
1.82020000239,1.33125
1.82040000239,1.33125
1.82060000239,1.31562
1.82080000239,1.33125
1.82100000239,1.33125
1.82120000239,1.34687
1.82140000239,1.33125
1.82160000239,1.33125
1.82180000239,1.33125
1.82200000239,1.34687
1.82220000239,1.34687
1.82240000239,1.33125
1.82260000239,1.34687
1.82280000239,1.3625
1.82300000239,1.34687
1.82320000239,1.3625
1.82340000239,1.34687
1.82360000239,1.3625
1.82380000239,1.34687
1.82400000239,1.3625
1.82420000239,1.3625
1.82440000239,1.37812
1.82460000239,1.3625
1.82480000239,1.3625
1.82500000239,1.3625
1.82520000239,1.3625
1.82540000239,1.37812
1.82560000239,1.39375
1.82580000239,1.37812
1.82600000239,1.37812
1.82620000239,1.3625
1.82640000239,1.37812
1.82660000239,1.37812
1.82680000239,1.39375
1.82700000239,1.39375
1.82720000239,1.37812
1.82740000239,1.37812
1.82760000239,1.40937
1.82780000239,1.39375
1.82800000239,1.39375
1.82820000239,1.40937
1.82840000239,1.40937
1.82860000239,1.40937
1.82880000239,1.40937
1.82900000239,1.40937
1.82920000239,1.40937
1.82940000239,1.40937
1.82960000239,1.40937
1.82980000239,1.40937
1.83000000239,1.425
1.83020000239,1.40937
1.83040000239,1.425
1.83060000239,1.425
1.83080000239,1.40937
1.83100000239,1.425
1.83120000239,1.425
1.83140000239,1.425
1.83160000239,1.44062
1.83180000239,1.44062
1.83200000239,1.44062
1.83220000239,1.44062
1.83240000239,1.44062
1.83260000239,1.44062
1.83280000239,1.45625
1.83300000239,1.44062
1.83320000239,1.45625
1.83340000239,1.45625
1.83360000239,1.45625
1.83380000239,1.44062
1.83400000239,1.45625
1.83420000239,1.45625
1.83440000239,1.45625
1.83460000239,1.45625
1.83480000239,1.45625
1.83500000239,1.45625
1.83520000239,1.45625
1.83540000239,1.45625
1.83560000239,1.47187
1.83580000239,1.47187
1.83600000239,1.47187
1.83620000239,1.47187
1.83640000239,1.47187
1.83660000239,1.4875
1.83680000239,1.47187
1.83700000239,1.47187
1.83720000239,1.47187
1.83740000239,1.4875
1.83760000239,1.4875
1.83780000239,1.4875
1.83800000239,1.4875
1.83820000239,1.4875
1.83840000239,1.4875
1.83860000239,1.50312
1.83880000239,1.4875
1.83900000239,1.4875
1.83920000239,1.50312
1.83940000239,1.50312
1.83960000239,1.50312
1.83980000239,1.50312
1.84000000239,1.4875
1.84020000239,1.50312
1.84040000239,1.50312
1.84060000239,1.51875
1.84080000239,1.51875
1.84100000239,1.51875
1.84120000239,1.51875
1.84140000239,1.53437
1.84160000239,1.53437
1.84180000239,1.53437
1.84200000239,1.53437
1.84220000239,1.53437
1.84240000239,1.53437
1.84260000239,1.53437
1.84280000239,1.53437
1.84300000239,1.53437
1.84320000239,1.53437
1.84340000239,1.53437
1.84360000239,1.53437
1.84380000239,1.53437
1.84400000239,1.55
1.84420000239,1.53437
1.84440000239,1.55
1.84460000239,1.55
1.84480000239,1.55
1.84500000239,1.53437
1.84520000239,1.55
1.84540000239,1.56562
1.84560000239,1.56562
1.84580000239,1.56562
1.84600000239,1.55
1.84620000239,1.58125
1.84640000239,1.58125
1.84660000239,1.58125
1.84680000239,1.58125
1.84700000239,1.58125
1.84720000239,1.58125
1.84740000239,1.58125
1.84760000239,1.56562
1.84780000239,1.58125
1.84800000239,1.6125
1.84820000239,1.58125
1.84840000239,1.58125
1.84860000239,1.58125
1.84880000239,1.58125
1.84900000239,1.59687
1.84920000239,1.59687
1.84940000239,1.6125
1.84960000239,1.6125
1.84980000239,1.6125
1.85000000239,1.59687
1.85020000239,1.59687
1.85040000239,1.6125
1.85060000239,1.6125
1.85080000239,1.6125
1.85100000239,1.6125
1.85120000239,1.6125
1.85140000239,1.62812
1.85160000239,1.6125
1.85180000239,1.6125
1.85200000239,1.62812
1.85220000239,1.64375
1.85240000239,1.64375
1.85260000239,1.64375
1.85280000239,1.62812
1.85300000239,1.64375
1.85320000239,1.64375
1.85340000239,1.62812
1.85360000239,1.64375
1.85380000239,1.62812
1.85400000239,1.64375
1.85420000239,1.64375
1.85440000239,1.64375
1.85460000239,1.64375
1.85480000239,1.65937
1.85500000239,1.65937
1.85520000239,1.65937
1.85540000239,1.675
1.85560000239,1.65937
1.85580000239,1.65937
1.85600000239,1.65937
1.85620000239,1.65937
1.85640000239,1.675
1.85660000239,1.65937
1.85680000239,1.69062
1.85700000239,1.65937
1.85720000239,1.65937
1.85740000239,1.675
1.85760000239,1.65937
1.85780000239,1.675
1.85800000239,1.675
1.85820000239,1.675
1.85840000239,1.69062
1.85860000239,1.69062
1.85880000239,1.69062
1.85900000239,1.675
1.85920000239,1.69062
1.85940000239,1.69062
1.85960000239,1.69062
1.85980000239,1.69062
1.86000000239,1.70625
1.86020000239,1.69062
1.86040000239,1.69062
1.86060000239,1.69062
1.86080000239,1.70625
1.86100000239,1.70625
1.86120000239,1.70625
1.86140000239,1.72187
1.86160000239,1.69062
1.86180000239,1.7375
1.86200000239,1.72187
1.86220000239,1.72187
1.86240000239,1.72187
1.86260000239,1.70625
1.86280000239,1.72187
1.86300000239,1.72187
1.86320000239,1.7375
1.86340000239,1.72187
1.86360000239,1.72187
1.86380000239,1.72187
1.86400000239,1.7375
1.86420000239,1.72187
1.86440000239,1.75312
1.86460000239,1.7375
1.86480000239,1.7375
1.86500000239,1.7375
1.86520000239,1.7375
1.86540000239,1.75312
1.86560000239,1.7375
1.86580000239,1.7375
1.86600000239,1.7375
1.86620000239,1.7375
1.86640000239,1.7375
1.86660000239,1.7375
1.86680000239,1.7375
1.86700000239,1.75312
1.86720000239,1.75312
1.86740000239,1.75312
1.86760000239,1.75312
1.86780000239,1.75312
1.86800000239,1.78437
1.86820000239,1.76875
1.86840000239,1.76875
1.86860000239,1.76875
1.86880000239,1.76875
1.86900000239,1.76875
1.86920000239,1.76875
1.86940000239,1.76875
1.86960000239,1.78437
1.86980000239,1.76875
1.87000000239,1.76875
1.87020000239,1.78437
1.87040000239,1.76875
1.87060000239,1.76875
1.87080000239,1.76875
1.87100000239,1.78437
1.87120000239,1.78437
1.87140000239,1.78437
1.87160000239,1.8
1.87180000239,1.8
1.87200000239,1.78437
1.87220000239,1.78437
1.87240000239,1.8
1.87260000239,1.8
1.87280000239,1.76875
1.87300000239,1.8
1.87320000239,1.8
1.87340000239,1.78437
1.87360000239,1.78437
1.87380000239,1.78437
1.87400000239,1.81562
1.87420000239,1.8
1.87440000239,1.8
1.87460000239,1.8
1.87480000239,1.8
1.87500000239,1.78437
1.87520000239,1.81562
1.87540000239,1.81562
1.87560000239,1.81562
1.87580000239,1.8
1.87600000239,1.8
1.87620000239,1.81562
1.87640000239,1.78437
1.87660000239,1.81562
1.87680000239,1.81562
1.87700000239,1.81562
1.87720000239,1.83125
1.87740000239,1.81562
1.87760000239,1.83125
1.87780000239,1.83125
1.87800000239,1.81562
1.87820000239,1.83125
1.87840000239,1.83125
1.87860000239,1.81562
1.87880000239,1.81562
1.87900000239,1.81562
1.87920000239,1.83125
1.87940000239,1.81562
1.87960000239,1.81562
1.87980000239,1.81562
1.88000000239,1.81562
1.88020000239,1.84687
1.88040000239,1.81562
1.88060000239,1.84687
1.88080000239,1.84687
1.88100000239,1.83125
1.88120000239,1.83125
1.88140000239,1.83125
1.88160000239,1.83125
1.88180000239,1.84687
1.88200000239,1.83125
1.88220000239,1.83125
1.88240000239,1.83125
1.88260000239,1.84687
1.88280000239,1.83125
1.88300000239,1.84687
1.88320000239,1.84687
1.88340000239,1.83125
1.88360000239,1.84687
1.88380000239,1.84687
1.88400000239,1.84687
1.88420000239,1.84687
1.88440000239,1.84687
1.88460000239,1.83125
1.88480000239,1.84687
1.88500000239,1.84687
1.88520000239,1.84687
1.88540000239,1.84687
1.88560000239,1.84687
1.88580000239,1.84687
1.88600000239,1.84687
1.88620000239,1.8625
1.88640000239,1.84687
1.88660000239,1.84687
1.88680000239,1.8625
1.88700000239,1.8625
1.88720000239,1.8625
1.88740000239,1.8625
1.88760000239,1.8625
1.88780000239,1.84687
1.88800000239,1.84687
1.88820000239,1.8625
1.88840000239,1.84687
1.88860000239,1.84687
1.88880000239,1.84687
1.88900000239,1.84687
1.88920000239,1.84687
1.88940000239,1.84687
1.88960000239,1.8625
1.88980000239,1.84687
1.89000000239,1.8625
1.89020000239,1.8625
1.89040000239,1.8625
1.89060000239,1.8625
1.89080000239,1.84687
1.89100000239,1.84687
1.89120000239,1.8625
1.89140000239,1.8625
1.89160000239,1.8625
1.89180000239,1.84687
1.89200000239,1.84687
1.89220000239,1.8625
1.89240000239,1.84687
1.89260000239,1.8625
1.89280000239,1.8625
1.89300000239,1.8625
1.89320000239,1.84687
1.89340000239,1.84687
1.89360000239,1.84687
1.89380000239,1.84687
1.89400000239,1.8625
1.89420000239,1.8625
1.89440000239,1.87812
1.89460000239,1.83125
1.89480000239,1.84687
1.89500000239,1.8625
1.89520000239,1.8625
1.89540000239,1.8625
1.89560000239,1.8625
1.89580000239,1.8625
1.89600000239,1.84687
1.89620000239,1.84687
1.89640000239,1.84687
1.89660000239,1.8625
1.89680000239,1.84687
1.89700000239,1.84687
1.89720000239,1.84687
1.89740000239,1.84687
1.89760000239,1.84687
1.89780000239,1.84687
1.89800000239,1.83125
1.89820000239,1.84687
1.89840000239,1.84687
1.89860000239,1.84687
1.89880000239,1.84687
1.89900000239,1.84687
1.89920000239,1.83125
1.89940000239,1.83125
1.89960000239,1.84687
1.89980000239,1.84687
1.90000000239,1.83125
1.90020000239,1.84687
1.90040000239,1.83125
1.90060000239,1.83125
1.90080000239,1.83125
1.90100000239,1.83125
1.90120000239,1.84687
1.90140000239,1.83125
1.90160000239,1.83125
1.90180000239,1.83125
1.90200000239,1.83125
1.90220000239,1.81562
1.90240000239,1.83125
1.90260000239,1.81562
1.90280000239,1.83125
1.90300000239,1.83125
1.90320000239,1.83125
1.90340000239,1.83125
1.90360000239,1.83125
1.90380000239,1.83125
1.90400000239,1.83125
1.90420000239,1.81562
1.90440000239,1.83125
1.90460000239,1.81562
1.90480000239,1.81562
1.90500000239,1.81562
1.90520000239,1.81562
1.90540000239,1.81562
1.90560000239,1.81562
1.90580000239,1.81562
1.90600000239,1.8
1.90620000239,1.81562
1.90640000239,1.81562
1.90660000239,1.83125
1.90680000239,1.81562
1.90700000239,1.81562
1.90720000239,1.8
1.90740000239,1.8
1.90760000239,1.78437
1.90780000239,1.78437
1.90800000239,1.8
1.90820000239,1.8
1.90840000239,1.8
1.90860000239,1.8
1.90880000239,1.78437
1.90900000239,1.78437
1.90920000239,1.8
1.90940000239,1.78437
1.90960000239,1.78437
1.90980000239,1.8
1.91000000239,1.78437
1.91020000239,1.78437
1.91040000239,1.76875
1.91060000239,1.78437
1.91080000239,1.78437
1.91100000239,1.78437
1.91120000239,1.78437
1.91140000239,1.78437
1.91160000239,1.75312
1.91180000239,1.76875
1.91200000239,1.76875
1.91220000239,1.76875
1.91240000239,1.76875
1.91260000239,1.76875
1.91280000239,1.78437
1.91300000239,1.75312
1.91320000239,1.75312
1.91340000239,1.75312
1.91360000239,1.75312
1.91380000239,1.75312
1.91400000239,1.76875
1.91420000239,1.75312
1.91440000239,1.75312
1.91460000239,1.7375
1.91480000239,1.7375
1.91500000239,1.75312
1.91520000239,1.7375
1.91540000239,1.75312
1.91560000239,1.75312
1.91580000239,1.75312
1.91600000239,1.75312
1.91620000239,1.7375
1.91640000239,1.75312
1.91660000239,1.75312
1.91680000239,1.72187
1.91700000239,1.7375
1.91720000239,1.7375
1.91740000239,1.7375
1.91760000239,1.7375
1.91780000239,1.72187
1.91800000239,1.7375
1.91820000239,1.72187
1.91840000239,1.72187
1.91860000239,1.72187
1.91880000239,1.70625
1.91900000239,1.70625
1.91920000239,1.70625
1.91940000239,1.70625
1.91960000239,1.69062
1.91980000239,1.72187
1.92000000239,1.70625
1.92020000239,1.69062
1.92040000239,1.69062
1.92060000239,1.70625
1.92080000239,1.69062
1.92100000239,1.70625
1.92120000239,1.69062
1.92140000239,1.69062
1.92160000239,1.69062
1.92180000239,1.69062
1.92200000239,1.69062
1.92220000239,1.675
1.92240000239,1.69062
1.92260000239,1.69062
1.92280000239,1.675
1.92300000239,1.675
1.92320000239,1.69062
1.92340000239,1.675
1.92360000239,1.675
1.92380000239,1.675
1.92400000239,1.69062
1.92420000239,1.65937
1.92440000239,1.65937
1.92460000239,1.64375
1.92480000239,1.64375
1.92500000239,1.64375
1.92520000239,1.65937
1.92540000239,1.65937
1.92560000239,1.64375
1.92580000239,1.64375
1.92600000239,1.65937
1.92620000239,1.64375
1.92640000239,1.65937
1.92660000239,1.62812
1.92680000239,1.64375
1.92700000239,1.64375
1.92720000239,1.62812
1.92740000239,1.62812
1.92760000239,1.6125
1.92780000239,1.62812
1.92800000239,1.62812
1.92820000239,1.62812
1.92840000239,1.62812
1.92860000239,1.62812
1.92880000239,1.6125
1.92900000239,1.62812
1.92920000239,1.62812
1.92940000239,1.64375
1.92960000239,1.6125
1.92980000239,1.6125
1.93000000239,1.6125
1.93020000239,1.6125
1.93040000239,1.59687
1.93060000239,1.59687
1.93080000239,1.59687
1.93100000239,1.59687
1.93120000239,1.58125
1.93140000239,1.58125
1.93160000239,1.59687
1.93180000239,1.58125
1.93200000239,1.58125
1.93220000239,1.58125
1.93240000239,1.58125
1.93260000239,1.56562
1.93280000239,1.56562
1.93300000239,1.59687
1.93320000239,1.56562
1.93340000239,1.58125
1.93360000239,1.56562
1.93380000239,1.56562
1.93400000239,1.56562
1.93420000239,1.56562
1.93440000239,1.56562
1.93460000239,1.55
1.93480000239,1.56562
1.93500000239,1.56562
1.93520000239,1.56562
1.93540000239,1.56562
1.93560000239,1.55
1.93580000239,1.55
1.93600000239,1.53437
1.93620000239,1.53437
1.93640000239,1.53437
1.93660000239,1.55
1.93680000239,1.53437
1.93700000239,1.55
1.93720000239,1.51875
1.93740000239,1.51875
1.93760000239,1.53437
1.93780000239,1.51875
1.93800000239,1.51875
1.93820000239,1.51875
1.93840000239,1.53437
1.93860000239,1.50312
1.93880000239,1.51875
1.93900000239,1.50312
1.93920000239,1.50312
1.93940000239,1.4875
1.93960000239,1.51875
1.93980000239,1.50312
1.94000000239,1.50312
1.94020000239,1.47187
1.94040000239,1.4875
1.94060000239,1.4875
1.94080000239,1.47187
1.94100000239,1.4875
1.94120000239,1.4875
1.94140000239,1.47187
1.94160000239,1.4875
1.94180000239,1.47187
1.94200000239,1.45625
1.94220000239,1.47187
1.94240000239,1.45625
1.94260000239,1.47187
1.94280000239,1.47187
1.94300000239,1.4875
1.94320000239,1.45625
1.94340000239,1.47187
1.94360000239,1.45625
1.94380000239,1.44062
1.94400000239,1.44062
1.94420000239,1.45625
1.94440000239,1.44062
1.94460000239,1.425
1.94480000239,1.44062
1.94500000239,1.44062
1.94520000239,1.425
1.94540000239,1.44062
1.94560000239,1.425
1.94580000239,1.44062
1.94600000239,1.44062
1.94620000239,1.425
1.94640000239,1.425
1.94660000239,1.425
1.94680000239,1.40937
1.94700000239,1.425
1.94720000239,1.40937
1.94740000239,1.40937
1.94760000239,1.425
1.94780000239,1.40937
1.94800000239,1.40937
1.94820000239,1.40937
1.94840000239,1.40937
1.94860000239,1.40937
1.94880000239,1.39375
1.94900000239,1.39375
1.94920000239,1.39375
1.94940000239,1.39375
1.94960000239,1.37812
1.94980000239,1.39375
1.95000000239,1.39375
1.95020000239,1.37812
1.95040000239,1.37812
1.95060000239,1.37812
1.95080000239,1.37812
1.95100000239,1.3625
1.95120000239,1.3625
1.95140000239,1.3625
1.95160000239,1.3625
1.95180000239,1.3625
1.95200000239,1.3625
1.95220000239,1.34687
1.95240000239,1.3625
1.95260000239,1.34687
1.95280000239,1.33125
1.95300000239,1.34687
1.95320000239,1.34687
1.95340000239,1.34687
1.95360000239,1.34687
1.95380000239,1.34687
1.95400000239,1.33125
1.95420000239,1.34687
1.95440000239,1.34687
1.95460000239,1.34687
1.95480000239,1.33125
1.95500000239,1.31562
1.95520000239,1.33125
1.95540000239,1.33125
1.95560000239,1.33125
1.95580000239,1.33125
1.95600000239,1.31562
1.95620000239,1.31562
1.95640000239,1.31562
1.95660000239,1.31562
1.95680000239,1.31562
1.95700000239,1.3
1.95720000239,1.31562
1.95740000239,1.3
1.95760000239,1.31562
1.95780000239,1.3
1.95800000239,1.28437
1.95820000239,1.28437
1.95840000239,1.28437
1.95860000239,1.28437
1.95880000239,1.28437
1.95900000239,1.26875
1.95920000239,1.26875
1.95940000239,1.26875
1.95960000239,1.26875
1.95980000239,1.26875
1.96000000239,1.25312
1.96020000239,1.26875
1.96040000239,1.26875
1.96060000239,1.25312
1.96080000239,1.2375
1.96100000239,1.26875
1.96120000239,1.26875
1.96140000239,1.25312
1.96160000239,1.25312
1.96180000239,1.25312
1.96200000239,1.2375
1.96220000239,1.25312
1.96240000239,1.22187
1.96260000239,1.22187
1.96280000239,1.2375
1.96300000239,1.2375
1.96320000239,1.22187
1.96340000239,1.22187
1.96360000239,1.2375
1.96380000239,1.22187
1.96400000239,1.22187
1.96420000239,1.22187
1.96440000239,1.22187
1.96460000239,1.20625
1.96480000239,1.20625
1.96500000239,1.20625
1.96520000239,1.20625
1.96540000239,1.20625
1.96560000239,1.19062
1.96580000239,1.20625
1.96600000239,1.19062
1.96620000239,1.20625
1.96640000239,1.19062
1.96660000239,1.19062
1.96680000239,1.175
1.96700000239,1.19062
1.96720000239,1.175
1.96740000239,1.175
1.96760000239,1.175
1.96780000239,1.15937
1.96800000239,1.175
1.96820000239,1.15937
1.96840000239,1.15937
1.96860000239,1.15937
1.96880000239,1.15937
1.96900000239,1.14375
1.96920000239,1.14375
1.96940000239,1.15937
1.96960000239,1.15937
1.96980000239,1.12812
1.97000000239,1.14375
1.97020000239,1.14375
1.97040000239,1.14375
1.97060000239,1.12812
1.97080000239,1.12812
1.97100000239,1.12812
1.97120000239,1.12812
1.97140000239,1.12812
1.97160000239,1.1125
1.97180000239,1.1125
1.97200000239,1.1125
1.97220000239,1.1125
1.97240000239,1.09687
1.97260000239,1.1125
1.97280000239,1.09687
1.97300000239,1.1125
1.97320000239,1.09687
1.97340000239,1.09687
1.97360000239,1.09687
1.97380000239,1.09687
1.97400000239,1.08125
1.97420000239,1.08125
1.97440000239,1.08125
1.97460000239,1.09687
1.97480000239,1.08125
1.97500000239,1.08125
1.97520000239,1.08125
1.97540000239,1.05
1.97560000239,1.08125
1.97580000239,1.06562
1.97600000239,1.05
1.97620000239,1.08125
1.97640000239,1.06562
1.97660000239,1.06562
1.97680000239,1.05
1.97700000239,1.05
1.97720000239,1.06562
1.97740000239,1.05
1.97760000239,1.05
1.97780000239,1.05
1.97800000239,1.03437
1.97820000239,1.05
1.97840000239,1.03437
1.97860000239,1.03437
1.97880000239,1.01875
1.97900000239,1.01875
1.97920000239,1.00312
1.97940000239,1.01875
1.97960000239,1.01875
1.97980000239,1.01875
1.98000000239,1.01875
1.98020000239,1.00312
1.98040000239,1.01875
1.98060000239,1.00312
1.98080000239,1.00312
1.98100000239,0.9875
1.98120000239,1.00312
1.98140000239,1.00312
1.98160000239,1.00312
1.98180000239,0.9875
1.98200000239,1.00312
1.98220000239,0.9875
1.98240000239,0.9875
1.98260000239,0.9875
1.98280000239,0.971875
1.98300000239,0.971875
1.98320000239,0.971875
1.98340000239,0.9875
1.98360000239,0.95625
1.98380000239,0.971875
1.98400000239,0.971875
1.98420000239,0.95625
1.98440000239,0.9875
1.98460000239,0.95625
1.98480000239,0.95625
1.98500000239,0.95625
1.98520000239,0.95625
1.98540000239,0.971875
1.98560000239,0.940625
1.98580000239,0.940625
1.98600000239,0.940625
1.98620000239,0.95625
1.98640000239,0.95625
1.98660000239,0.95625
1.98680000239,0.940625
1.98700000239,0.940625
1.98720000239,0.940625
1.98740000239,0.940625
1.98760000239,0.940625
1.98780000239,0.925
1.98800000239,0.925
1.98820000239,0.925
1.98840000239,0.909375
1.98860000239,0.925
1.98880000239,0.925
1.98900000239,0.909375
1.98920000239,0.909375
1.98940000239,0.89375
1.98960000239,0.89375
1.98980000239,0.89375
1.99000000239,0.89375
1.99020000239,0.89375
1.99040000239,0.89375
1.99060000239,0.909375
1.99080000239,0.878125
1.99100000239,0.89375
1.99120000239,0.878125
1.99140000239,0.89375
1.99160000239,0.878125
1.99180000239,0.878125
1.99200000239,0.8625
1.99220000239,0.8625
1.99240000239,0.89375
1.99260000239,0.878125
1.99280000239,0.8625
1.99300000239,0.8625
1.99320000239,0.846875
1.99340000239,0.8625
1.99360000239,0.8625
1.99380000239,0.8625
1.99400000239,0.83125
1.99420000239,0.8625
1.99440000239,0.83125
1.99460000239,0.846875
1.99480000239,0.83125
1.99500000239,0.846875
1.99520000239,0.846875
1.99540000239,0.846875
1.99560000239,0.83125
1.99580000239,0.83125
1.99600000239,0.83125
1.99620000239,0.815625
1.99640000239,0.815625
1.99660000239,0.83125
1.99680000239,0.815625
1.99700000239,0.8
1.99720000239,0.815625
1.99740000239,0.8
1.99760000239,0.8
1.99780000239,0.8
1.99800000239,0.8
1.99820000239,0.8
1.99840000239,0.8
1.99860000239,0.8
1.99880000239,0.8
1.99900000239,0.784375
1.99920000239,0.784375
1.99940000239,0.76875
1.99960000239,0.76875
1.99980000239,0.784375
2.00000000239,0.784375
2.00020000239,0.76875
2.00040000239,0.76875
2.00060000239,0.784375
2.00080000239,0.753125
2.00100000239,0.76875
2.00120000239,0.753125
2.00140000239,0.76875
2.00160000239,0.76875
2.00180000239,0.753125
2.00200000239,0.753125
2.00220000239,0.753125
2.00240000239,0.753125
2.00260000239,0.7375
2.00280000239,0.7375
2.00300000239,0.753125
2.00320000239,0.721875
2.00340000239,0.7375
2.00360000239,0.7375
2.00380000239,0.7375
2.00400000239,0.7375
2.00420000239,0.7375
2.00440000239,0.721875
2.00460000239,0.721875
2.00480000239,0.721875
2.00500000239,0.70625
2.00520000239,0.70625
2.00540000239,0.70625
2.00560000239,0.70625
2.00580000239,0.721875
2.00600000239,0.70625
2.00620000239,0.690625
2.00640000239,0.70625
2.00660000239,0.70625
2.00680000239,0.70625
2.00700000239,0.70625
2.00720000239,0.70625
2.00740000239,0.70625
2.00760000239,0.690625
2.00780000239,0.690625
2.00800000239,0.690625
2.00820000239,0.690625
2.00840000239,0.659375
2.00860000239,0.675
2.00880000239,0.690625
2.00900000239,0.675
2.00920000239,0.675
2.00940000239,0.659375
2.00960000239,0.675
2.00980000239,0.659375
2.01000000239,0.675
2.01020000239,0.659375
2.01040000239,0.659375
2.01060000239,0.659375
2.01080000239,0.659375
2.01100000239,0.64375
2.01120000239,0.628125
2.01140000239,0.659375
2.01160000239,0.64375
2.01180000239,0.659375
2.01200000239,0.659375
2.01220000239,0.628125
2.01240000239,0.64375
2.01260000239,0.628125
2.01280000239,0.64375
2.01300000239,0.64375
2.01320000239,0.628125
2.01340000239,0.628125
2.01360000239,0.628125
2.01380000239,0.64375
2.01400000239,0.6125
2.01420000239,0.628125
2.01440000239,0.6125
2.01460000239,0.6125
2.01480000239,0.6125
2.01500000239,0.596875
2.01520000239,0.628125
2.01540000239,0.628125
2.01560000239,0.628125
2.01580000239,0.6125
2.01600000239,0.596875
2.01620000239,0.596875
2.01640000239,0.596875
2.01660000239,0.6125
2.01680000239,0.596875
2.01700000239,0.596875
2.01720000239,0.58125
2.01740000239,0.596875
2.01760000239,0.596875
2.01780000239,0.58125
2.01800000239,0.596875
2.01820000239,0.6125
2.01840000239,0.6125
2.01860000239,0.58125
2.01880000239,0.58125
2.01900000239,0.58125
2.01920000239,0.596875
2.01940000239,0.58125
2.01960000239,0.565625
2.01980000239,0.565625
2.02000000239,0.565625
2.02020000239,0.58125
2.02040000239,0.565625
2.02060000239,0.565625
2.02080000239,0.565625
2.02100000239,0.565625
2.02120000239,0.565625
2.02140000239,0.565625
2.02160000239,0.565625
2.02180000239,0.55
2.02200000239,0.55
2.02220000239,0.565625
2.02240000239,0.534375
2.02260000239,0.55
2.02280000239,0.55
2.02300000239,0.55
2.02320000239,0.55
2.02340000239,0.55
2.02360000239,0.534375
2.02380000239,0.55
2.02400000239,0.55
2.02420000239,0.55
2.02440000239,0.534375
2.02460000239,0.534375
2.02480000239,0.51875
2.02500000239,0.51875
2.02520000239,0.534375
2.02540000239,0.534375
2.02560000239,0.51875
2.02580000239,0.51875
2.02600000239,0.55
2.02620000239,0.51875
2.02640000239,0.534375
2.02660000239,0.51875
2.02680000239,0.51875
2.02700000239,0.51875
2.02720000239,0.51875
2.02740000239,0.503125
2.02760000239,0.503125
2.02780000239,0.503125
2.02800000239,0.51875
2.02820000239,0.503125
2.02840000239,0.503125
2.02860000239,0.503125
2.02880000239,0.503125
2.02900000239,0.4875
2.02920000239,0.4875
2.02940000239,0.4875
2.02960000239,0.503125
2.02980000239,0.4875
2.03000000239,0.4875
2.03020000239,0.471875
2.03040000239,0.4875
2.03060000239,0.471875
2.03080000239,0.4875
2.03100000239,0.4875
2.03120000239,0.4875
2.03140000239,0.471875
2.03160000239,0.471875
2.03180000239,0.471875
2.03200000239,0.4875
2.03220000239,0.4875
2.03240000239,0.471875
2.03260000239,0.471875
2.03280000239,0.471875
2.03300000239,0.471875
2.03320000239,0.45625
2.03340000239,0.45625
2.03360000239,0.471875
2.03380000239,0.45625
2.03400000239,0.471875
2.03420000239,0.45625
2.03440000239,0.440625
2.03460000239,0.45625
2.03480000239,0.45625
2.03500000239,0.45625
2.03520000239,0.440625
2.03540000239,0.471875
2.03560000239,0.45625
2.03580000239,0.440625
2.03600000239,0.45625
2.03620000239,0.45625
2.03640000239,0.471875
2.03660000239,0.440625
2.03680000239,0.425
2.03700000239,0.425
2.03720000239,0.440625
2.03740000239,0.440625
2.03760000239,0.425
2.03780000239,0.440625
2.03800000239,0.425
2.03820000239,0.440625
2.03840000239,0.425
2.03860000239,0.425
2.03880000239,0.425
2.03900000239,0.409375
2.03920000239,0.425
2.03940000239,0.425
2.03960000239,0.425
2.03980000239,0.425
2.04000000239,0.425
2.04020000239,0.425
2.04040000239,0.409375
2.04060000239,0.409375
2.04080000239,0.425
2.04100000239,0.409375
2.04120000239,0.409375
2.04140000239,0.425
2.04160000239,0.409375
2.04180000239,0.409375
2.04200000239,0.409375
2.04220000239,0.425
2.04240000239,0.409375
2.04260000239,0.409375
2.04280000239,0.409375
2.04300000239,0.409375
2.04320000239,0.39375
2.04340000239,0.409375
2.04360000239,0.409375
2.04380000239,0.39375
2.04400000239,0.39375
2.04420000239,0.39375
2.04440000239,0.39375
2.04460000239,0.39375
2.04480000239,0.378125
2.04500000239,0.39375
2.04520000239,0.409375
2.04540000239,0.39375
2.04560000239,0.39375
2.04580000239,0.39375
2.04600000239,0.378125
2.04620000239,0.39375
2.04640000239,0.39375
2.04660000239,0.378125
2.04680000239,0.39375
2.04700000239,0.39375
2.04720000239,0.3625
2.04740000239,0.39375
2.04760000239,0.378125
2.04780000239,0.378125
2.04800000239,0.378125
2.04820000239,0.3625
2.04840000239,0.378125
2.04860000239,0.378125
2.04880000239,0.3625
2.04900000239,0.3625
2.04920000239,0.3625
2.04940000239,0.346875
2.04960000239,0.378125
2.04980000239,0.3625
2.05000000239,0.3625
2.05020000239,0.3625
2.05040000239,0.3625
2.05060000239,0.3625
2.05080000239,0.346875
2.05100000239,0.3625
2.05120000239,0.3625
2.05140000239,0.3625
2.05160000239,0.3625
2.05180000239,0.346875
2.05200000239,0.3625
2.05220000239,0.346875
2.05240000239,0.346875
2.05260000239,0.3625
2.05280000239,0.346875
2.05300000239,0.346875
2.05320000239,0.346875
2.05340000239,0.346875
2.05360000239,0.346875
2.05380000239,0.33125
2.05400000239,0.346875
2.05420000239,0.33125
2.05440000239,0.346875
2.05460000239,0.315625
2.05480000239,0.346875
2.05500000239,0.346875
2.05520000239,0.346875
2.05540000239,0.346875
2.05560000239,0.315625
2.05580000239,0.33125
2.05600000239,0.33125
2.05620000239,0.33125
2.05640000239,0.33125
2.05660000239,0.33125
2.05680000239,0.315625
2.05700000239,0.33125
2.05720000239,0.33125
2.05740000239,0.33125
2.05760000239,0.33125
2.05780000239,0.33125
2.05800000239,0.33125
2.05820000239,0.315625
2.05840000239,0.315625
2.05860000239,0.315625
2.05880000239,0.315625
2.05900000239,0.315625
2.05920000239,0.315625
2.05940000239,0.315625
2.05960000239,0.315625
2.05980000239,0.315625
2.06000000239,0.3
2.06020000239,0.315625
2.06040000239,0.315625
2.06060000239,0.3
2.06080000239,0.315625
2.06100000239,0.315625
2.06120000239,0.315625
2.06140000239,0.3
2.06160000239,0.315625
2.06180000239,0.315625
2.06200000239,0.315625
2.06220000239,0.315625
2.06240000239,0.315625
2.06260000239,0.315625
2.06280000239,0.3
2.06300000239,0.315625
2.06320000239,0.3
2.06340000239,0.3
2.06360000239,0.3
2.06380000239,0.3
2.06400000239,0.284375
2.06420000239,0.3
2.06440000239,0.3
2.06460000239,0.3
2.06480000239,0.3
2.06500000239,0.3
2.06520000239,0.284375
2.06540000239,0.284375
2.06560000239,0.284375
2.06580000239,0.3
2.06600000239,0.284375
2.06620000239,0.284375
2.06640000239,0.3
2.06660000239,0.3
2.06680000239,0.284375
2.06700000239,0.3
2.06720000239,0.284375
2.06740000239,0.284375
2.06760000239,0.284375
2.06780000239,0.3
2.06800000239,0.26875
2.06820000239,0.284375
2.06840000239,0.284375
2.06860000239,0.284375
2.06880000239,0.284375
2.06900000239,0.284375
2.06920000239,0.284375
2.06940000239,0.26875
2.06960000239,0.26875
2.06980000239,0.284375
2.07000000239,0.284375
2.07020000239,0.284375
2.07040000239,0.26875
2.07060000239,0.26875
2.07080000239,0.26875
2.07100000239,0.253125
2.07120000239,0.26875
2.07140000239,0.26875
2.07160000239,0.284375
2.07180000239,0.26875
2.07200000239,0.26875
2.07220000239,0.26875
2.07240000239,0.26875
2.07260000239,0.26875
2.07280000239,0.253125
2.07300000239,0.26875
2.07320000239,0.26875
2.07340000239,0.253125
2.07360000239,0.26875
2.07380000239,0.253125
2.07400000239,0.253125
2.07420000239,0.253125
2.07440000239,0.26875
2.07460000239,0.26875
2.07480000239,0.253125
2.07500000239,0.26875
2.07520000239,0.253125
2.07540000239,0.2375
2.07560000239,0.2375
2.07580000239,0.2375
2.07600000239,0.253125
2.07620000239,0.253125
2.07640000239,0.2375
2.07660000239,0.253125
2.07680000239,0.253125
2.07700000239,0.26875
2.07720000239,0.253125
2.07740000239,0.2375
2.07760000239,0.253125
2.07780000239,0.2375
2.07800000239,0.2375
2.07820000239,0.2375
2.07840000239,0.2375
2.07860000239,0.253125
2.07880000239,0.2375
2.07900000239,0.2375
2.07920000239,0.221875
2.07940000239,0.253125
2.07960000239,0.2375
2.07980000239,0.2375
2.08000000239,0.221875
2.08020000239,0.253125
2.08040000239,0.221875
2.08060000239,0.2375
2.08080000239,0.2375
2.08100000239,0.2375
2.08120000239,0.2375
2.08140000239,0.221875
2.08160000239,0.221875
2.08180000239,0.2375
2.08200000239,0.221875
2.08220000239,0.2375
2.08240000239,0.2375
2.08260000239,0.2375
2.08280000239,0.221875
2.08300000239,0.2375
2.08320000239,0.221875
2.08340000239,0.221875
2.08360000239,0.2375
2.08380000239,0.2375
2.08400000239,0.221875
2.08420000239,0.221875
2.08440000239,0.2375
2.08460000239,0.221875
2.08480000239,0.20625
2.08500000239,0.221875
2.08520000239,0.20625
2.08540000239,0.221875
2.08560000239,0.20625
2.08580000239,0.221875
2.08600000239,0.221875
2.08620000239,0.20625
2.08640000239,0.20625
2.08660000239,0.20625
2.08680000239,0.221875
2.08700000239,0.20625
2.08720000239,0.221875
2.08740000239,0.20625
2.08760000239,0.221875
2.08780000239,0.221875
2.08800000239,0.221875
2.08820000239,0.20625
2.08840000239,0.20625
2.08860000239,0.221875
2.08880000239,0.20625
2.08900000239,0.20625
2.08920000239,0.20625
2.08940000239,0.221875
2.08960000239,0.20625
2.08980000239,0.20625
2.09000000239,0.20625
2.09020000239,0.20625
2.09040000239,0.20625
2.09060000239,0.20625
2.09080000239,0.20625
2.09100000239,0.20625
2.09120000239,0.20625
2.09140000239,0.190625
2.09160000239,0.20625
2.09180000239,0.20625
2.09200000239,0.20625
2.09220000239,0.20625
2.09240000239,0.20625
2.09260000239,0.20625
2.09280000239,0.20625
2.09300000239,0.221875
2.09320000239,0.190625
2.09340000239,0.190625
2.09360000239,0.190625
2.09380000239,0.20625
2.09400000239,0.20625
2.09420000239,0.175
2.09440000239,0.190625
2.09460000239,0.190625
2.09480000239,0.190625
2.09500000239,0.190625
2.09520000239,0.175
2.09540000239,0.190625
2.09560000239,0.175
2.09580000239,0.20625
2.09600000239,0.190625
2.09620000239,0.190625
2.09640000239,0.20625
2.09660000239,0.175
2.09680000239,0.190625
2.09700000239,0.190625
2.09720000239,0.175
2.09740000239,0.175
2.09760000239,0.190625
2.09780000239,0.190625
2.09800000239,0.190625
2.09820000239,0.175
2.09840000239,0.190625
2.09860000239,0.190625
2.09880000239,0.190625
2.09900000239,0.175
2.09920000239,0.175
2.09940000239,0.175
2.09960000239,0.175
2.09980000239,0.175
2.10000000239,0.190625
2.10020000239,0.175
2.10040000239,0.175
2.10060000239,0.190625
2.10080000239,0.190625
2.10100000239,0.175
2.10120000239,0.175
2.10140000239,0.175
2.10160000239,0.159375
2.10180000239,0.175
2.10200000239,0.175
2.10220000239,0.175
2.10240000239,0.190625
2.10260000239,0.175
2.10280000239,0.175
2.10300000239,0.175
2.10320000239,0.175
2.10340000239,0.159375
2.10360000239,0.175
2.10380000239,0.175
2.10400000239,0.190625
2.10420000239,0.159375
2.10440000239,0.159375
2.10460000239,0.159375
2.10480000239,0.159375
2.10500000239,0.175
2.10520000239,0.159375
2.10540000239,0.175
2.10560000239,0.175
2.10580000239,0.190625
2.10600000239,0.175
2.10620000239,0.14375
2.10640000239,0.14375
2.10660000239,0.159375
2.10680000239,0.159375
2.10700000239,0.159375
2.10720000239,0.175
2.10740000239,0.159375
2.10760000239,0.175
2.10780000239,0.159375
2.10800000239,0.159375
2.10820000239,0.175
2.10840000239,0.14375
2.10860000239,0.14375
2.10880000239,0.159375
2.10900000239,0.159375
2.10920000239,0.159375
2.10940000239,0.14375
2.10960000239,0.14375
2.10980000239,0.14375
2.11000000239,0.175
2.11020000239,0.159375
2.11040000239,0.14375
2.11060000239,0.159375
2.11080000239,0.159375
2.11100000239,0.159375
2.11120000239,0.14375
2.11140000239,0.128125
2.11160000239,0.159375
2.11180000239,0.14375
2.11200000239,0.14375
2.11220000239,0.159375
2.11240000239,0.128125
2.11260000239,0.14375
2.11280000239,0.128125
2.11300000239,0.14375
2.11320000239,0.159375
2.11340000239,0.14375
2.11360000239,0.14375
2.11380000239,0.159375
2.11400000239,0.14375
2.11420000239,0.159375
2.11440000239,0.159375
2.11460000239,0.14375
2.11480000239,0.128125
2.11500000239,0.14375
2.11520000239,0.14375
2.11540000239,0.14375
2.11560000239,0.159375
2.11580000239,0.159375
2.11600000239,0.14375
2.11620000239,0.159375
2.11640000239,0.14375
2.11660000239,0.14375
2.11680000239,0.14375
2.11700000239,0.14375
2.11720000239,0.14375
2.11740000239,0.128125
2.11760000239,0.14375
2.11780000239,0.14375
2.11800000239,0.128125
2.11820000239,0.14375
2.11840000239,0.159375
2.11860000239,0.14375
2.11880000239,0.128125
2.11900000239,0.128125
2.11920000239,0.14375
2.11940000239,0.14375
2.11960000239,0.128125
2.11980000239,0.159375
2.12000000239,0.128125
2.12020000239,0.14375
2.12040000239,0.14375
2.12060000239,0.14375
2.12080000239,0.128125
2.12100000239,0.128125
2.12120000239,0.128125
2.12140000239,0.128125
2.12160000239,0.128125
2.12180000239,0.14375
2.12200000239,0.14375
2.12220000239,0.128125
2.12240000239,0.128125
2.12260000239,0.14375
2.12280000239,0.128125
2.12300000239,0.128125
2.12320000239,0.128125
2.12340000239,0.14375
2.12360000239,0.1125
2.12380000239,0.1125
2.12400000239,0.128125
2.12420000239,0.128125
2.12440000239,0.128125
2.12460000239,0.1125
2.12480000239,0.128125
2.12500000239,0.1125
2.12520000239,0.128125
2.12540000239,0.128125
2.12560000239,0.1125
2.12580000239,0.1125
2.12600000239,0.128125
2.12620000239,0.128125
2.12640000239,0.096875
2.12660000239,0.128125
2.12680000239,0.128125
2.12700000239,0.128125
2.12720000239,0.128125
2.12740000239,0.1125
2.12760000239,0.14375
2.12780000239,0.128125
2.12800000239,0.128125
2.12820000239,0.128125
2.12840000239,0.1125
2.12860000239,0.1125
2.12880000239,0.1125
2.12900000239,0.128125
2.12920000239,0.128125
2.12940000239,0.128125
2.12960000239,0.1125
2.12980000239,0.1125
2.13000000239,0.1125
2.13020000239,0.1125
2.13040000239,0.1125
2.13060000239,0.096875
2.13080000239,0.1125
2.13100000239,0.1125
2.13120000239,0.096875
2.13140000239,0.1125
2.13160000239,0.096875
2.13180000239,0.1125
2.13200000239,0.1125
2.13220000239,0.1125
2.13240000239,0.096875
2.13260000239,0.128125
2.13280000239,0.1125
2.13300000239,0.096875
2.13320000239,0.1125
2.13340000239,0.1125
2.13360000239,0.096875
2.13380000239,0.1125
2.13400000239,0.1125
2.13420000239,0.1125
2.13440000239,0.096875
2.13460000239,0.1125
2.13480000239,0.096875
2.13500000239,0.096875
2.13520000239,0.096875
2.13540000239,0.1125
2.13560000239,0.1125
2.13580000239,0.1125
2.13600000239,0.096875
2.13620000239,0.096875
2.13640000239,0.1125
2.13660000239,0.096875
2.13680000239,0.1125
2.13700000239,0.1125
2.13720000239,0.096875
2.13740000239,0.1125
2.13760000239,0.096875
2.13780000239,0.1125
2.13800000239,0.096875
2.13820000239,0.1125
2.13840000239,0.096875
2.13860000239,0.096875
2.13880000239,0.096875
2.13900000239,0.1125
2.13920000239,0.08125
2.13940000239,0.096875
2.13960000239,0.1125
2.13980000239,0.096875
2.14000000239,0.096875
2.14020000239,0.096875
2.14040000239,0.1125
2.14060000239,0.096875
2.14080000239,0.096875
2.14100000239,0.096875
2.14120000239,0.08125
2.14140000239,0.096875
2.14160000239,0.096875
2.14180000239,0.08125
2.14200000239,0.08125
2.14220000239,0.08125
2.14240000239,0.096875
2.14260000239,0.096875
2.14280000239,0.096875
2.14300000239,0.08125
2.14320000239,0.08125
2.14340000239,0.1125
2.14360000239,0.08125
2.14380000239,0.096875
2.14400000239,0.096875
2.14420000239,0.08125
2.14440000239,0.08125
2.14460000239,0.096875
2.14480000239,0.096875
2.14500000239,0.096875
2.14520000239,0.096875
2.14540000239,0.08125
2.14560000239,0.08125
2.14580000239,0.08125
2.14600000239,0.08125
2.14620000239,0.096875
2.14640000239,0.096875
2.14660000239,0.08125
2.14680000239,0.08125
2.14700000239,0.096875
2.14720000239,0.08125
2.14740000239,0.08125
2.14760000239,0.096875
2.14780000239,0.08125
2.14800000239,0.08125
2.14820000239,0.08125
2.14840000239,0.1125
2.14860000239,0.08125
2.14880000239,0.08125
2.14900000239,0.08125
2.14920000239,0.096875
2.14940000239,0.08125
2.14960000239,0.096875
2.14980000239,0.08125
2.15000000239,0.08125
2.15020000239,0.096875
2.15040000239,0.08125
2.15060000239,0.08125
2.15080000239,0.08125
2.15100000239,0.08125
2.15120000239,0.08125
2.15140000239,0.08125
2.15160000239,0.065625
2.15180000239,0.08125
2.15200000239,0.096875
2.15220000239,0.08125
2.15240000239,0.065625
2.15260000239,0.08125
2.15280000239,0.096875
2.15300000239,0.065625
2.15320000239,0.08125
2.15340000239,0.08125
2.15360000239,0.096875
2.15380000239,0.08125
2.15400000239,0.08125
2.15420000239,0.08125
2.15440000239,0.08125
2.15460000239,0.08125
2.15480000239,0.065625
2.15500000239,0.065625
2.15520000239,0.08125
2.15540000239,0.08125
2.15560000239,0.08125
2.15580000239,0.08125
2.15600000239,0.08125
2.15620000239,0.08125
2.15640000239,0.08125
2.15660000239,0.08125
2.15680000239,0.065625
2.15700000239,0.065625
2.15720000239,0.08125
2.15740000239,0.08125
2.15760000239,0.08125
2.15780000239,0.08125
2.15800000239,0.065625
2.15820000239,0.065625
2.15840000239,0.08125
2.15860000239,0.08125
2.15880000239,0.065625
2.15900000239,0.065625
2.15920000239,0.08125
2.15940000239,0.065625
2.15960000239,0.065625
2.15980000239,0.08125
2.16000000239,0.065625
2.16020000239,0.065625
2.16040000239,0.065625
2.16060000239,0.08125
2.16080000239,0.08125
2.16100000239,0.065625
2.16120000239,0.065625
2.16140000239,0.065625
2.16160000239,0.065625
2.16180000239,0.05
2.16200000239,0.065625
2.16220000239,0.065625
2.16240000239,0.065625
2.16260000239,0.065625
2.16280000239,0.065625
2.16300000239,0.065625
2.16320000239,0.065625
2.16340000239,0.065625
2.16360000239,0.065625
2.16380000239,0.065625
2.16400000239,0.065625
2.16420000239,0.065625
2.16440000239,0.065625
2.16460000239,0.065625
2.16480000239,0.065625
2.16500000239,0.065625
2.16520000239,0.065625
2.16540000239,0.065625
2.16560000239,0.065625
2.16580000239,0.065625
2.16600000239,0.065625
2.16620000239,0.065625
2.16640000239,0.065625
2.16660000239,0.065625
2.16680000239,0.065625
2.16700000239,0.05
2.16720000239,0.065625
2.16740000239,0.065625
2.16760000239,0.065625
2.16780000239,0.065625
2.16800000239,0.08125
2.16820000239,0.065625
2.16840000239,0.065625
2.16860000239,0.05
2.16880000239,0.05
2.16900000239,0.065625
2.16920000239,0.065625
2.16940000239,0.05
2.16960000239,0.05
2.16980000239,0.065625
2.17000000239,0.05
2.17020000239,0.065625
2.17040000239,0.05
2.17060000239,0.05
2.17080000239,0.05
2.17100000239,0.065625
2.17120000239,0.065625
2.17140000239,0.065625
2.17160000239,0.065625
2.17180000239,0.065625
2.17200000239,0.065625
2.17220000239,0.034375
2.17240000239,0.05
2.17260000239,0.065625
2.17280000239,0.05
2.17300000239,0.05
2.17320000239,0.065625
2.17340000239,0.05
2.17360000239,0.05
2.17380000239,0.05
2.17400000239,0.05
2.17420000239,0.065625
2.17440000239,0.05
2.17460000239,0.065625
2.17480000239,0.05
2.17500000239,0.05
2.17520000239,0.05
2.17540000239,0.05
2.17560000239,0.065625
2.17580000239,0.065625
2.17600000239,0.05
2.17620000239,0.065625
2.17640000239,0.065625
2.17660000239,0.05
2.17680000239,0.05
2.17700000239,0.065625
2.17720000239,0.05
2.17740000239,0.065625
2.17760000239,0.065625
2.17780000239,0.05
2.17800000239,0.05
2.17820000239,0.034375
2.17840000239,0.065625
2.17860000239,0.065625
2.17880000239,0.065625
2.17900000239,0.034375
2.17920000239,0.034375
2.17940000239,0.05
2.17960000239,0.05
2.17980000239,0.065625
2.18000000239,0.034375
2.18020000239,0.05
2.18040000239,0.05
2.18060000239,0.05
2.18080000239,0.05
2.18100000239,0.05
2.18120000239,0.065625
2.18140000239,0.05
2.18160000239,0.034375
2.18180000239,0.065625
2.18200000239,0.034375
2.18220000239,0.05
2.18240000239,0.05
2.18260000239,0.05
2.18280000239,0.05
2.18300000239,0.05
2.18320000239,0.065625
2.18340000239,0.05
2.18360000239,0.05
2.18380000239,0.05
2.18400000239,0.05
2.18420000239,0.05
2.18440000239,0.05
2.18460000239,0.05
2.18480000239,0.05
2.18500000239,0.05
2.18520000239,0.065625
2.18540000239,0.05
2.18560000239,0.05
2.18580000239,0.05
2.18600000239,0.05
2.18620000239,0.05
2.18640000239,0.034375
2.18660000239,0.05
2.18680000239,0.034375
2.18700000239,0.05
2.18720000239,0.034375
2.18740000239,0.05
2.18760000239,0.034375
2.18780000239,0.034375
2.18800000239,0.034375
2.18820000239,0.034375
2.18840000239,0.034375
2.18860000239,0.034375
2.18880000239,0.05
2.18900000239,0.05
2.18920000239,0.05
2.18940000239,0.065625
2.18960000239,0.05
2.18980000239,0.05
2.19000000239,0.034375
2.19020000239,0.065625
2.19040000239,0.034375
2.19060000239,0.034375
2.19080000239,0.05
2.19100000239,0.05
2.19120000239,0.05
2.19140000239,0.05
2.19160000239,0.05
2.19180000239,0.05
2.19200000239,0.05
2.19220000239,0.034375
2.19240000239,0.034375
2.19260000239,0.05
2.19280000239,0.01875
2.19300000239,0.05
2.19320000239,0.034375
2.19340000239,0.034375
2.19360000239,0.01875
2.19380000239,0.05
2.19400000239,0.034375
2.19420000239,0.034375
2.19440000239,0.05
2.19460000239,0.05
2.19480000239,0.034375
2.19500000239,0.034375
2.19520000239,0.034375
2.19540000239,0.034375
2.19560000239,0.034375
2.19580000239,0.05
2.19600000239,0.034375
2.19620000239,0.034375
2.19640000239,0.034375
2.19660000239,0.034375
2.19680000239,0.034375
2.19700000239,0.05
2.19720000239,0.05
2.19740000239,0.034375
2.19760000239,0.034375
2.19780000239,0.034375
2.19800000239,0.01875
2.19820000239,0.034375
2.19840000239,0.034375
2.19860000239,0.034375
2.19880000239,0.034375
2.19900000239,0.01875
2.19920000239,0.01875
2.19940000239,0.034375
2.19960000239,0.034375
2.19980000239,0.034375
2.20000000239,0.034375
2.20020000239,0.034375
2.20040000239,0.034375
2.20060000239,0.01875
2.20080000239,0.034375
2.20100000239,0.034375
2.20120000239,0.034375
2.20140000239,0.034375
2.20160000239,0.05
2.20180000239,0.01875
2.20200000239,0.034375
2.20220000239,0.034375
2.20240000239,0.034375
2.20260000239,0.034375
2.20280000239,0.034375
2.20300000239,0.034375
2.20320000239,0.01875
2.20340000239,0.034375
2.20360000239,0.034375
2.20380000239,0.01875
2.20400000239,0.034375
2.20420000239,0.01875
2.20440000239,0.034375
2.20460000239,0.05
2.20480000239,0.034375
2.20500000239,0.01875
2.20520000239,0.034375
2.20540000239,0.034375
2.20560000239,0.01875
2.20580000239,0.05
2.20600000239,0.034375
2.20620000239,0.01875
2.20640000239,0.034375
2.20660000239,0.034375
2.20680000239,0.05
2.20700000239,0.034375
2.20720000239,0.01875
2.20740000239,0.01875
2.20760000239,0.05
2.20780000239,0.034375
2.20800000239,0.01875
2.20820000239,0.034375
2.20840000239,0.034375
2.20860000239,0.05
2.20880000239,0.034375
2.20900000239,0.034375
2.20920000239,0.034375
2.20940000239,0.034375
2.20960000239,0.034375
2.20980000239,0.01875
2.21000000239,0.034375
2.21020000239,0.01875
2.21040000239,0.01875
2.21060000239,0.034375
2.21080000239,0.01875
2.21100000239,0.01875
2.21120000239,0.01875
2.21140000239,0.034375
2.21160000239,0.034375
2.21180000239,0.01875
2.21200000239,0.01875
2.21220000239,0.01875
2.21240000239,0.034375
2.21260000239,0.034375
2.21280000239,0.034375
2.21300000239,0.01875
2.21320000239,0.034375
2.21340000239,0.01875
2.21360000239,0.034375
2.21380000239,0.01875
2.21400000239,0.034375
2.21420000239,0.01875
2.21440000239,0.034375
2.21460000239,0.034375
2.21480000239,0.034375
2.21500000239,0.034375
2.21520000239,0.01875
2.21540000239,0.05
2.21560000239,0.01875
2.21580000239,0.01875
2.21600000239,0.05
2.21620000239,0.034375
2.21640000239,0.034375
2.21660000239,0.01875
2.21680000239,0.01875
2.21700000239,0.034375
2.21720000239,0.034375
2.21740000239,0.01875
2.21760000239,0.01875
2.21780000239,0.01875
2.21800000239,0.01875
2.21820000239,0.034375
2.21840000239,0.034375
2.21860000239,0.01875
2.21880000239,0.01875
2.21900000239,0.01875
2.21920000239,0.00312495
2.21940000239,0.034375
2.21960000239,0.00312495
2.21980000239,0.01875
2.22000000239,0.01875
2.22020000239,0.034375
2.22040000239,0.034375
2.22060000239,0.00312495
2.22080000239,0.01875
2.22100000239,0.034375
2.22120000239,0.01875
2.22140000239,0.01875
2.22160000239,0.01875
2.22180000239,0.01875
2.22200000239,0.034375
2.22220000239,0.034375
2.22240000239,0.01875
2.22260000239,0.034375
2.22280000239,0.01875
2.22300000239,0.01875
2.22320000239,0.01875
2.22340000239,0.01875
2.22360000239,0.00312495
2.22380000239,0.034375
2.22400000239,0.01875
2.22420000239,0.034375
2.22440000239,0.01875
2.22460000239,0.01875
2.22480000239,0.034375
2.22500000239,0.034375
2.22520000239,0.01875
2.22540000239,0.01875
2.22560000239,0.01875
2.22580000239,0.01875
2.22600000239,0.034375
2.22620000239,0.00312495
2.22640000239,0.01875
2.22660000239,0.034375
2.22680000239,0.00312495
2.22700000239,0.034375
2.22720000239,0.034375
2.22740000239,0.01875
2.22760000239,0.01875
2.22780000239,0.034375
2.22800000239,0.01875
2.22820000239,0.01875
2.22840000239,0.01875
2.22860000239,0.034375
2.22880000239,0.01875
2.22900000239,0.01875
2.22920000239,0.01875
2.22940000239,0.01875
2.22960000239,0.00312495
2.22980000239,0.01875
2.23000000239,0.01875
2.23020000239,0.00312495
2.23040000239,0.01875
2.23060000239,0.01875
2.23080000239,0.01875
2.23100000239,0.01875
2.23120000239,0.01875
2.23140000239,0.00312495
2.23160000239,0.034375
2.23180000239,0.01875
2.23200000239,0.034375
2.23220000239,0.00312495
2.23240000239,0.01875
2.23260000239,0.01875
2.23280000239,0.01875
2.23300000239,0.034375
2.23320000239,0.01875
2.23340000239,0.00312495
2.23360000239,0.01875
2.23380000239,0.00312495
2.23400000239,0.01875
2.23420000239,0.00312495
2.23440000239,0.05
2.23460000239,0.01875
2.23480000239,0.01875
2.23500000239,0.034375
2.23520000239,0.034375
2.23540000239,0.00312495
2.23560000239,0.034375
2.23580000239,0.01875
2.23600000239,0.00312495
2.23620000239,0.01875
2.23640000239,0.00312495
2.23660000239,0.01875
2.23680000239,0.00312495
2.23700000239,0.00312495
2.23720000239,0.01875
2.23740000239,0.01875
2.23760000239,0.034375
2.23780000239,0.00312495
2.23800000239,0.01875
2.23820000239,0.00312495
2.23840000239,0.01875
2.23860000239,0.01875
2.23880000239,0.01875
2.23900000239,0.01875
2.23920000239,0.00312495
2.23940000239,0.00312495
2.23960000239,0.01875
2.23980000239,0.01875
2.24000000239,0.01875
2.24020000239,0.01875
2.24040000239,0.00312495
2.24060000239,0.01875
2.24080000239,0.01875
2.24100000239,0.01875
2.24120000239,0.01875
2.24140000239,0.01875
2.24160000239,0.01875
2.24180000239,0.034375
2.24200000239,0.034375
2.24220000239,0.01875
2.24240000239,0.00312495
2.24260000239,0.00312495
2.24280000239,0.00312495
2.24300000239,0.01875
2.24320000239,0.00312495
2.24340000239,0.00312495
2.24360000239,0.01875
2.24380000239,0.01875
2.24400000239,0.01875
2.24420000239,0.00312495
2.24440000239,0.00312495
2.24460000239,0.00312495
2.24480000239,0.01875
2.24500000239,0.01875
2.24520000239,0.00312495
2.24540000239,0.034375
2.24560000239,0.00312495
2.24580000239,0.01875
2.24600000239,0.01875
2.24620000239,0.00312495
2.24640000239,0.00312495
2.24660000239,0.01875
2.24680000239,0.00312495
2.24700000239,0.01875
2.24720000239,0.01875
2.24740000239,0.00312495
2.24760000239,0.00312495
2.24780000239,0.00312495
2.24800000239,0.034375
2.24820000239,0.01875
2.24840000239,0.01875
2.24860000239,0.01875
2.24880000239,0.00312495
2.24900000239,0.01875
2.24920000239,0.00312495
2.24940000239,0.01875
2.24960000239,0.034375
2.24980000239,0.00312495
2.25000000239,-0.0125
2.25020000239,0.00312495
2.25040000239,0.00312495
2.25060000239,0.00312495
2.25080000239,0.01875
2.25100000239,0.01875
2.25120000239,0.00312495
2.25140000239,-0.0125
2.25160000239,0.00312495
2.25180000239,0.01875
2.25200000239,0.01875
2.25220000239,0.00312495
2.25240000239,0.00312495
2.25260000239,0.01875
2.25280000239,0.00312495
2.25300000239,0.00312495
2.25320000239,0.00312495
2.25340000239,0.01875
2.25360000239,0.00312495
2.25380000239,0.00312495
2.25400000239,0.00312495
2.25420000239,0.00312495
2.25440000239,0.00312495
2.25460000239,0.01875
2.25480000239,0.01875
2.25500000239,0.00312495
2.25520000239,0.01875
2.25540000239,0.00312495
2.25560000239,0.00312495
2.25580000239,0.01875
2.25600000239,0.00312495
2.25620000239,0.00312495
2.25640000239,0.00312495
2.25660000239,0.01875
2.25680000239,0.00312495
2.25700000239,-0.0125
2.25720000239,0.01875
2.25740000239,0.01875
2.25760000239,0.00312495
2.25780000239,0.00312495
2.25800000239,0.01875
2.25820000239,0.01875
2.25840000239,0.00312495
2.25860000239,-0.0125
2.25880000239,0.00312495
2.25900000239,-0.0125
2.25920000239,0.00312495
2.25940000239,0.00312495
2.25960000239,0.00312495
2.25980000239,0.00312495
2.26000000239,0.00312495
2.26020000239,0.00312495
2.26040000239,0.00312495
2.26060000239,0.00312495
2.26080000239,0.01875
2.26100000239,0.00312495
2.26120000239,0.00312495
2.26140000239,0.01875
2.26160000239,-0.0125
2.26180000239,0.00312495
2.26200000239,0.00312495
2.26220000239,0.01875
2.26240000239,0.00312495
2.26260000239,0.00312495
2.26280000239,0.00312495
2.26300000239,0.00312495
2.26320000239,0.00312495
2.26340000239,0.01875
2.26360000239,0.01875
2.26380000239,-0.0125
2.26400000239,0.00312495
2.26420000239,0.01875
2.26440000239,0.00312495
2.26460000239,0.00312495
2.26480000239,0.00312495
2.26500000239,0.01875
2.26520000239,0.01875
2.26540000239,0.00312495
2.26560000239,0.00312495
2.26580000239,0.01875
2.26600000239,0.00312495
2.26620000239,0.00312495
2.26640000239,0.00312495
2.26660000239,-0.0125
2.26680000239,0.00312495
2.26700000239,0.00312495
2.26720000239,0.00312495
2.26740000239,0.00312495
2.26760000239,0.01875
2.26780000239,0.00312495
2.26800000239,0.00312495
2.26820000239,0.00312495
2.26840000239,0.00312495
2.26860000239,0.00312495
2.26880000239,0.00312495
2.26900000239,-0.0125
2.26920000239,0.00312495
2.26940000239,0.01875
2.26960000239,0.00312495
2.26980000239,-0.0125
2.27000000239,0.00312495
2.27020000239,-0.0125
2.27040000239,0.00312495
2.27060000239,-0.0125
2.27080000239,0.00312495
2.27100000239,-0.0125
2.27120000239,-0.0125
2.27140000239,0.00312495
2.27160000239,0.00312495
2.27180000239,0.00312495
2.27200000239,0.00312495
2.27220000239,0.00312495
2.27240000239,0.00312495
2.27260000239,-0.0125
2.27280000239,-0.0125
2.27300000239,0.00312495
2.27320000239,0.01875
2.27340000239,-0.0125
2.27360000239,0.00312495
2.27380000239,0.00312495
2.27400000239,0.00312495
2.27420000239,0.00312495
2.27440000239,0.00312495
2.27460000239,-0.0125
2.27480000239,0.00312495
2.27500000239,0.00312495
2.27520000239,0.00312495
2.27540000239,0.00312495
2.27560000239,0.00312495
2.27580000239,0.00312495
2.27600000239,0.00312495
2.27620000239,0.01875
2.27640000239,-0.0125
2.27660000239,0.00312495
2.27680000239,-0.0125
2.27700000239,0.00312495
2.27720000239,0.00312495
2.27740000239,0.00312495
2.27760000239,-0.0125
2.27780000239,0.01875
2.27800000239,0.01875
2.27820000239,-0.0125
2.27840000239,0.00312495
2.27860000239,0.00312495
2.27880000239,0.00312495
2.27900000239,0.00312495
2.27920000239,0.00312495
2.27940000239,0.01875
2.27960000239,-0.0125
2.27980000239,0.01875
2.28000000239,0.00312495
2.28020000239,0.00312495
2.28040000239,0.00312495
2.28060000239,0.00312495
2.28080000239,0.00312495
2.28100000239,0.00312495
2.28120000239,0.00312495
2.28140000239,0.00312495
2.28160000239,0.00312495
2.28180000239,0.00312495
2.28200000239,0.00312495
2.28220000239,0.00312495
2.28240000239,-0.0125
2.28260000239,0.00312495
2.28280000239,0.00312495
2.28300000239,0.00312495
2.28320000239,0.00312495
2.28340000239,0.00312495
2.28360000239,-0.0125
2.28380000239,0.00312495
2.28400000239,0.00312495
2.28420000239,0.00312495
2.28440000239,-0.0125
2.28460000239,0.00312495
2.28480000239,0.00312495
2.28500000239,-0.0125
2.28520000239,-0.0125
2.28540000239,0.00312495
2.28560000239,0.00312495
2.28580000239,0.00312495
2.28600000239,0.00312495
2.28620000239,0.00312495
2.28640000239,-0.0125
2.28660000239,0.00312495
2.28680000239,0.00312495
2.28700000239,0.00312495
2.28720000239,0.00312495
2.28740000239,0.00312495
2.28760000239,0.00312495
2.28780000239,0.00312495
2.28800000239,-0.0125
2.28820000239,0.00312495
2.28840000239,-0.0125
2.28860000239,0.01875
2.28880000239,0.00312495
2.28900000239,0.01875
2.28920000239,0.00312495
2.28940000239,-0.0125
2.28960000239,0.00312495
2.28980000239,0.00312495
2.29000000239,0.00312495
2.29020000239,-0.0125
2.29040000239,-0.0125
2.29060000239,0.00312495
2.29080000239,0.00312495
2.29100000239,-0.0125
2.29120000239,0.00312495
2.29140000239,0.00312495
2.29160000239,0.00312495
2.29180000239,-0.0125
2.29200000239,-0.0125
2.29220000239,0.00312495
2.29240000239,-0.0125
2.29260000239,-0.0125
2.29280000239,-0.0125
2.29300000239,0.00312495
2.29320000239,0.00312495
2.29340000239,-0.0125
2.29360000239,0.00312495
2.29380000239,0.00312495
2.29400000239,0.00312495
2.29420000239,-0.0125
2.29440000239,0.00312495
2.29460000239,-0.0125
2.29480000239,0.00312495
2.29500000239,-0.0125
2.29520000239,0.01875
2.29540000239,-0.0125
2.29560000239,0.00312495
2.29580000239,0.00312495
2.29600000239,0.00312495
2.29620000239,0.00312495
2.29640000239,0.00312495
2.29660000239,0.00312495
2.29680000239,-0.0125
2.29700000239,0.00312495
2.29720000239,0.00312495
2.29740000239,0.00312495
2.29760000239,0.00312495
2.29780000239,0.00312495
2.29800000239,-0.028125
2.29820000239,0.00312495
2.29840000239,0.00312495
2.29860000239,0.00312495
2.29880000239,0.00312495
2.29900000239,-0.0125
2.29920000239,0.00312495
2.29940000239,0.00312495
2.29960000239,-0.0125
2.29980000239,-0.0125
2.30000000239,-0.0125
2.30020000239,0.00312495
2.30040000239,0.00312495
2.30060000239,0.00312495
2.30080000239,-0.0125
2.30100000239,0.00312495
2.30120000239,-0.0125
2.30140000239,0.00312495
2.30160000239,0.00312495
2.30180000239,0.00312495
2.30200000239,-0.0125
2.30220000239,-0.0125
2.30240000239,-0.0125
2.30260000239,0.00312495
2.30280000239,0.00312495
2.30300000239,0.00312495
2.30320000239,0.00312495
2.30340000239,-0.0125
2.30360000239,0.00312495
2.30380000239,0.01875
2.30400000239,0.00312495
2.30420000239,0.00312495
2.30440000239,-0.0125
2.30460000239,0.00312495
2.30480000239,0.00312495
2.30500000239,-0.0125
2.30520000239,0.00312495
2.30540000239,0.00312495
2.30560000239,-0.0125
2.30580000239,-0.0125
2.30600000239,0.00312495
2.30620000239,0.00312495
2.30640000239,-0.0125
2.30660000239,0.00312495
2.30680000239,-0.0125
2.30700000239,0.00312495
2.30720000239,0.00312495
2.30740000239,-0.0125
2.30760000239,0.01875
2.30780000239,-0.0125
2.30800000239,-0.0125
2.30820000239,-0.0125
2.30840000239,-0.0125
2.30860000239,-0.0125
2.30880000239,0.00312495
2.30900000239,0.00312495
2.30920000239,-0.0125
2.30940000239,-0.0125
2.30960000239,-0.0125
2.30980000239,-0.0125
2.31000000239,-0.0125
2.31020000239,-0.0125
2.31040000239,-0.0125
2.31060000239,-0.0125
2.31080000239,0.00312495
2.31100000239,-0.0125
2.31120000239,-0.0125
2.31140000239,-0.0125
2.31160000239,-0.0125
2.31180000239,-0.0125
2.31200000239,-0.0125
2.31220000239,-0.0125
2.31240000239,0.00312495
2.31260000239,-0.0125
2.31280000239,-0.0125
2.31300000239,0.00312495
2.31320000239,0.00312495
2.31340000239,-0.0125
2.31360000239,0.00312495
2.31380000239,-0.0125
2.31400000239,-0.0125
2.31420000239,-0.0125
2.31440000239,0.00312495
2.31460000239,-0.028125
2.31480000239,0.00312495
2.31500000239,-0.0125
2.31520000239,-0.0125
2.31540000239,-0.0125
2.31560000239,-0.0125
2.31580000239,0.00312495
2.31600000239,-0.0125
2.31620000239,-0.0125
2.31640000239,-0.0125
2.31660000239,-0.0125
2.31680000239,-0.0125
2.31700000239,-0.0125
2.31720000239,0.00312495
2.31740000239,-0.0125
2.31760000239,-0.0125
2.31780000239,0.00312495
2.31800000239,-0.0125
2.31820000239,0.00312495
2.31840000239,0.00312495
2.31860000239,-0.0125
2.31880000239,0.00312495
2.31900000239,-0.0125
2.31920000239,0.00312495
2.31940000239,-0.0125
2.31960000239,-0.028125
2.31980000239,0.00312495
2.32000000239,0.00312495
2.32020000239,0.00312495
2.32040000239,-0.0125
2.32060000239,0.00312495
2.32080000239,0.00312495
2.32100000239,-0.0125
2.32120000239,-0.028125
2.32140000239,0.00312495
2.32160000239,-0.0125
2.32180000239,-0.0125
2.32200000239,-0.0125
2.32220000239,0.00312495
2.32240000239,-0.0125
2.32260000239,0.00312495
2.32280000239,-0.0125
2.32300000239,-0.0125
2.32320000239,-0.0125
2.32340000239,-0.0125
2.32360000239,-0.0125
2.32380000239,0.00312495
2.32400000239,0.00312495
2.32420000239,-0.0125
2.32440000239,-0.0125
2.32460000239,-0.0125
2.32480000239,-0.028125
2.32500000239,-0.0125
2.32520000239,0.00312495
2.32540000239,0.00312495
2.32560000239,-0.0125
2.32580000239,-0.0125
2.32600000239,0.00312495
2.32620000239,0.00312495
2.32640000239,-0.0125
2.32660000239,0.00312495
2.32680000239,-0.028125
2.32700000239,-0.0125
2.32720000239,-0.028125
2.32740000239,-0.0125
2.32760000239,-0.028125
2.32780000239,-0.0125
2.32800000239,-0.0125
2.32820000239,0.00312495
2.32840000239,-0.0125
2.32860000239,-0.0125
2.32880000239,-0.0125
2.32900000239,-0.0125
2.32920000239,0.00312495
2.32940000239,-0.0125
2.32960000239,-0.028125
2.32980000239,-0.0125
2.33000000239,-0.0125
2.33020000239,-0.0125
2.33040000239,-0.0125
2.33060000239,-0.0125
2.33080000239,-0.0125
2.33100000239,-0.028125
2.33120000239,-0.0125
2.33140000239,-0.0125
2.33160000239,-0.0125
2.33180000239,-0.0125
2.33200000239,-0.0125
2.33220000239,-0.0125
2.33240000239,-0.0125
2.33260000239,-0.0125
2.33280000239,-0.0125
2.33300000239,0.00312495
2.33320000239,-0.028125
2.33340000239,-0.0125
2.33360000239,-0.0125
2.33380000239,-0.028125
2.33400000239,0.00312495
2.33420000239,0.00312495
2.33440000239,-0.0125
2.33460000239,-0.0125
2.33480000239,-0.028125
2.33500000239,-0.0125
2.33520000239,-0.028125
2.33540000239,-0.0125
2.33560000239,0.00312495
2.33580000239,-0.0125
2.33600000239,-0.0125
2.33620000239,-0.028125
2.33640000239,-0.0125
2.33660000239,-0.0125
2.33680000239,-0.0125
2.33700000239,-0.0125
2.33720000239,-0.0125
2.33740000239,-0.028125
2.33760000239,-0.0125
2.33780000239,0.00312495
2.33800000239,0.00312495
2.33820000239,-0.0125
2.33840000239,-0.028125
2.33860000239,-0.0125
2.33880000239,-0.028125
2.33900000239,-0.028125
2.33920000239,-0.0125
2.33940000239,-0.0125
2.33960000239,-0.028125
2.33980000239,-0.0125
2.34000000239,-0.0125
2.34020000239,-0.028125
2.34040000239,-0.0125
2.34060000239,-0.0125
2.34080000239,-0.028125
2.34100000239,-0.028125
2.34120000239,-0.0125
2.34140000239,-0.0125
2.34160000239,-0.0125
2.34180000239,0.00312495
2.34200000239,-0.0125
2.34220000239,-0.0125
2.34240000239,-0.0125
2.34260000239,-0.0125
2.34280000239,-0.0125
2.34300000239,-0.028125
2.34320000239,0.00312495
2.34340000239,-0.0125
2.34360000239,-0.0125
2.34380000239,0.00312495
2.34400000239,-0.0125
2.34420000239,-0.0125
2.34440000239,-0.028125
2.34460000239,-0.0125
2.34480000239,-0.0125
2.34500000239,-0.028125
2.34520000239,-0.0125
2.34540000239,-0.0125
2.34560000239,-0.0125
2.34580000239,-0.0125
2.34600000239,-0.0125
2.34620000239,-0.0125
2.34640000239,-0.0125
2.34660000239,-0.0125
2.34680000239,-0.028125
2.34700000239,-0.0125
2.34720000239,-0.0125
2.34740000239,0.00312495
2.34760000239,-0.028125
2.34780000239,-0.0125
2.34800000239,0.00312495
2.34820000239,-0.0125
2.34840000239,-0.0125
2.34860000239,-0.0125
2.34880000239,-0.0125
2.34900000239,-0.0125
2.34920000239,-0.0125
2.34940000239,-0.028125
2.34960000239,-0.028125
2.34980000239,-0.0125
2.35000000239,-0.0125
2.35020000239,-0.0125
2.35040000239,-0.0125
2.35060000239,-0.0125
2.35080000239,-0.028125
2.35100000239,-0.028125
2.35120000239,-0.0125
2.35140000239,-0.0125
2.35160000239,-0.028125
2.35180000239,-0.0125
2.35200000239,-0.0125
2.35220000239,-0.028125
2.35240000239,-0.0125
2.35260000239,0.00312495
2.35280000239,-0.028125
2.35300000239,-0.0125
2.35320000239,-0.028125
2.35340000239,-0.028125
2.35360000239,-0.028125
2.35380000239,-0.0125
2.35400000239,-0.0125
2.35420000239,0.00312495
2.35440000239,-0.028125
2.35460000239,-0.0125
2.35480000239,-0.0125
2.35500000239,-0.0125
2.35520000239,-0.0125
2.35540000239,-0.028125
2.35560000239,0.00312495
2.35580000239,-0.0125
2.35600000239,-0.028125
2.35620000239,-0.0125
2.35640000239,-0.0125
2.35660000239,-0.028125
2.35680000239,-0.0125
2.35700000239,-0.028125
2.35720000239,-0.0125
2.35740000239,-0.04375
2.35760000239,-0.0125
2.35780000239,-0.0125
2.35800000239,-0.0125
2.35820000239,-0.0125
2.35840000239,-0.0125
2.35860000239,-0.0125
2.35880000239,0.00312495
2.35900000239,-0.0125
2.35920000239,-0.0125
2.35940000239,-0.0125
2.35960000239,-0.028125
2.35980000239,-0.0125
2.36000000239,-0.028125
2.36020000239,-0.0125
2.36040000239,-0.0125
2.36060000239,-0.0125
2.36080000239,-0.0125
2.36100000239,-0.0125
2.36120000239,-0.0125
2.36140000239,-0.0125
2.36160000239,-0.028125
2.36180000239,-0.0125
2.36200000239,-0.0125
2.36220000239,-0.0125
2.36240000239,-0.0125
2.36260000239,-0.0125
2.36280000239,-0.028125
2.36300000239,0.00312495
2.36320000239,-0.0125
2.36340000239,-0.0125
2.36360000239,-0.028125
2.36380000239,-0.0125
2.36400000239,-0.0125
2.36420000239,-0.028125
2.36440000239,0.00312495
2.36460000239,-0.0125
2.36480000239,-0.028125
2.36500000239,0.00312495
2.36520000239,-0.028125
2.36540000239,-0.028125
2.36560000239,-0.0125
2.36580000239,-0.0125
2.36600000239,-0.0125
2.36620000239,-0.0125
2.36640000239,-0.0125
2.36660000239,-0.0125
2.36680000239,-0.0125
2.36700000239,-0.0125
2.36720000239,-0.0125
2.36740000239,-0.0125
2.36760000239,-0.0125
2.36780000239,-0.0125
2.36800000239,-0.028125
2.36820000239,-0.0125
2.36840000239,-0.028125
2.36860000239,-0.028125
2.36880000239,-0.028125
2.36900000239,-0.0125
2.36920000239,-0.028125
2.36940000239,-0.028125
2.36960000239,-0.0125
2.36980000239,-0.0125
2.37000000239,-0.0125
2.37020000239,0.00312495
2.37040000239,-0.0125
2.37060000239,-0.0125
2.37080000239,-0.028125
2.37100000239,-0.0125
2.37120000239,-0.028125
2.37140000239,-0.028125
2.37160000239,-0.0125
2.37180000239,-0.028125
2.37200000239,-0.0125
2.37220000239,-0.028125
2.37240000239,-0.0125
2.37260000239,-0.028125
2.37280000239,-0.0125
2.37300000239,0.00312495
2.37320000239,-0.0125
2.37340000239,-0.0125
2.37360000239,-0.0125
2.37380000239,-0.0125
2.37400000239,-0.0125
2.37420000239,-0.028125
2.37440000239,-0.0125
2.37460000239,-0.028125
2.37480000239,-0.028125
2.37500000239,-0.028125
2.37520000239,-0.0125
2.37540000239,-0.028125
2.37560000239,-0.0125
2.37580000239,-0.028125
2.37600000239,-0.0125
2.37620000239,-0.028125
2.37640000239,-0.0125
2.37660000239,-0.028125
2.37680000239,-0.028125
2.37700000239,-0.028125
2.37720000239,-0.0125
2.37740000239,-0.0125
2.37760000239,-0.028125
2.37780000239,-0.028125
2.37800000239,-0.0125
2.37820000239,-0.028125
2.37840000239,-0.0125
2.37860000239,-0.0125
2.37880000239,-0.0125
2.37900000239,-0.028125
2.37920000239,0.00312495
2.37940000239,-0.028125
2.37960000239,-0.028125
2.37980000239,-0.028125
2.38000000239,-0.0125
2.38020000239,-0.0125
2.38040000239,-0.0125
2.38060000239,-0.0125
2.38080000239,-0.028125
2.38100000239,-0.0125
2.38120000239,-0.0125
2.38140000239,0.00312495
2.38160000239,-0.028125
2.38180000239,-0.0125
2.38200000239,-0.028125
2.38220000239,-0.028125
2.38240000239,-0.0125
2.38260000239,-0.028125
2.38280000239,-0.0125
2.38300000239,-0.0125
2.38320000239,0.00312495
2.38340000239,-0.0125
2.38360000239,-0.0125
2.38380000239,-0.0125
2.38400000239,0.00312495
2.38420000239,-0.0125
2.38440000239,-0.0125
2.38460000239,-0.0125
2.38480000239,-0.0125
2.38500000239,-0.0125
2.38520000239,-0.028125
2.38540000239,-0.0125
2.38560000239,-0.0125
2.38580000239,-0.028125
2.38600000239,-0.0125
2.38620000239,-0.0125
2.38640000239,-0.028125
2.38660000239,-0.0125
2.38680000239,-0.0125
2.38700000239,-0.0125
2.38720000239,-0.0125
2.38740000239,-0.0125
2.38760000239,0.00312495
2.38780000239,0.00312495
2.38800000239,-0.0125
2.38820000239,-0.0125
2.38840000239,-0.028125
2.38860000239,-0.028125
2.38880000239,-0.0125
2.38900000239,-0.0125
2.38920000239,-0.028125
2.38940000239,-0.028125
2.38960000239,-0.028125
2.38980000239,-0.0125
2.39000000239,-0.028125
2.39020000239,-0.0125
2.39040000239,0.00312495
2.39060000239,-0.0125
2.39080000239,-0.0125
2.39100000239,-0.028125
2.39120000239,-0.028125
2.39140000239,-0.0125
2.39160000239,-0.0125
2.39180000239,-0.0125
2.39200000239,-0.028125
2.39220000239,-0.028125
2.39240000239,-0.028125
2.39260000239,0.00312495
2.39280000239,-0.028125
2.39300000239,-0.0125
2.39320000239,-0.028125
2.39340000239,-0.028125
2.39360000239,-0.0125
2.39380000239,-0.028125
2.39400000239,-0.028125
2.39420000239,-0.0125
2.39440000239,-0.028125
2.39460000239,-0.0125
2.39480000239,-0.028125
2.39500000239,-0.0125
2.39520000239,-0.0125
2.39540000239,-0.0125
2.39560000239,-0.0125
2.39580000239,-0.028125
2.39600000239,-0.028125
2.39620000239,-0.0125
2.39640000239,-0.0125
2.39660000239,-0.0125
2.39680000239,-0.028125
2.39700000239,-0.0125
2.39720000239,-0.028125
2.39740000239,-0.0125
2.39760000239,-0.0125
2.39780000239,-0.028125
2.39800000239,-0.0125
2.39820000239,-0.0125
2.39840000239,-0.028125
2.39860000239,-0.028125
2.39880000239,-0.0125
2.39900000239,-0.028125
2.39920000239,-0.028125
2.39940000239,-0.028125
2.39960000239,-0.0125
2.39980000239,-0.028125
2.40000000239,0.00312495
2.40020000239,-0.0125
2.40040000239,-0.0125
2.40060000239,-0.0125
2.40080000239,-0.028125
2.40100000239,-0.0125
2.40120000239,-0.0125
2.40140000239,-0.0125
2.40160000239,-0.028125
2.40180000239,-0.0125
2.40200000239,-0.028125
2.40220000239,-0.0125
2.40240000239,-0.0125
2.40260000239,-0.028125
2.40280000239,-0.028125
2.40300000239,-0.028125
2.40320000239,-0.0125
2.40340000239,-0.0125
2.40360000239,-0.028125
2.40380000239,-0.028125
2.40400000239,-0.0125
2.40420000239,-0.028125
2.40440000239,-0.0125
2.40460000239,-0.0125
2.40480000239,-0.0125
2.40500000239,-0.0125
2.40520000239,-0.04375
2.40540000239,-0.0125
2.40560000239,-0.028125
2.40580000239,-0.028125
2.40600000239,-0.028125
2.40620000239,-0.0125
2.40640000239,-0.028125
2.40660000239,-0.0125
2.40680000239,-0.028125
2.40700000239,-0.028125
2.40720000239,-0.0125
2.40740000239,-0.028125
2.40760000239,-0.028125
2.40780000239,-0.028125
2.40800000239,-0.0125
2.40820000239,-0.028125
2.40840000239,-0.0125
2.40860000239,-0.0125
2.40880000239,-0.0125
2.40900000239,-0.0125
2.40920000239,-0.028125
2.40940000239,-0.0125
2.40960000239,-0.0125
2.40980000239,-0.0125
2.41000000239,-0.0125
2.41020000239,-0.0125
2.41040000239,-0.0125
2.41060000239,-0.028125
2.41080000239,-0.0125
2.41100000239,-0.028125
2.41120000239,-0.04375
2.41140000239,-0.0125
2.41160000239,-0.04375
2.41180000239,-0.028125
2.41200000239,-0.0125
2.41220000239,-0.0125
2.41240000239,-0.0125
2.41260000239,-0.028125
2.41280000239,-0.0125
2.41300000239,-0.028125
2.41320000239,-0.028125
2.41340000239,-0.028125
2.41360000239,-0.028125
2.41380000239,-0.028125
2.41400000239,-0.0125
2.41420000239,-0.028125
2.41440000239,-0.028125
2.41460000239,-0.028125
2.41480000239,-0.0125
2.41500000239,-0.028125
2.41520000239,-0.028125
2.41540000239,-0.0125
2.41560000239,-0.028125
2.41580000239,-0.0125
2.41600000239,-0.0125
2.41620000239,-0.028125
2.41640000239,-0.028125
2.41660000239,-0.028125
2.41680000239,-0.028125
2.41700000239,0.00312495
2.41720000239,-0.028125
2.41740000239,-0.0125
2.41760000239,-0.0125
2.41780000239,0.00312495
2.41800000239,0.00312495
2.41820000239,-0.0125
2.41840000239,-0.04375
2.41860000239,-0.0125
2.41880000239,-0.0125
2.41900000239,-0.0125
2.41920000239,-0.028125
2.41940000239,-0.0125
2.41960000239,-0.028125
2.41980000239,-0.0125
2.42000000239,-0.028125
2.42020000239,-0.028125
2.42040000239,-0.0125
2.42060000239,-0.028125
2.42080000239,-0.028125
2.42100000239,-0.028125
2.42120000239,-0.028125
2.42140000239,-0.028125
2.42160000239,-0.028125
2.42180000239,-0.0125
2.42200000239,-0.0125
2.42220000239,-0.028125
2.42240000239,-0.0125
2.42260000239,-0.028125
2.42280000239,-0.028125
2.42300000239,-0.028125
2.42320000239,-0.028125
2.42340000239,-0.0125
2.42360000239,-0.0125
2.42380000239,-0.028125
2.42400000239,-0.0125
2.42420000239,-0.028125
2.42440000239,-0.028125
2.42460000239,0.00312495
2.42480000239,-0.0125
2.42500000239,-0.0125
2.42520000239,-0.0125
2.42540000239,-0.028125
2.42560000239,-0.028125
2.42580000239,-0.028125
2.42600000239,-0.0125
2.42620000239,-0.028125
2.42640000239,-0.0125
2.42660000239,-0.04375
2.42680000239,-0.028125
2.42700000239,-0.04375
2.42720000239,-0.0125
2.42740000239,-0.028125
2.42760000239,-0.028125
2.42780000239,-0.028125
2.42800000239,-0.028125
2.42820000239,-0.028125
2.42840000239,-0.028125
2.42860000239,-0.0125
2.42880000239,-0.0125
2.42900000239,-0.028125
2.42920000239,-0.0125
2.42940000239,-0.028125
2.42960000239,-0.028125
2.42980000239,-0.0125
2.43000000239,-0.028125
2.43020000239,-0.028125
2.43040000239,-0.028125
2.43060000239,-0.0125
2.43080000239,-0.028125
2.43100000239,-0.028125
2.43120000239,-0.028125
2.43140000239,-0.0125
2.43160000239,-0.028125
2.43180000239,-0.0125
2.43200000239,-0.028125
2.43220000239,-0.0125
2.43240000239,-0.0125
2.43260000239,-0.028125
2.43280000239,-0.028125
2.43300000239,-0.028125
2.43320000239,-0.0125
2.43340000239,-0.028125
2.43360000239,-0.028125
2.43380000239,-0.04375
2.43400000239,-0.028125
2.43420000239,-0.0125
2.43440000239,-0.0125
2.43460000239,-0.0125
2.43480000239,-0.028125
2.43500000239,-0.028125
2.43520000239,-0.028125
2.43540000239,-0.028125
2.43560000239,-0.0125
2.43580000239,-0.028125
2.43600000239,-0.028125
2.43620000239,-0.0125
2.43640000239,-0.0125
2.43660000239,-0.028125
2.43680000239,-0.028125
2.43700000239,-0.0125
2.43720000239,-0.028125
2.43740000239,-0.0125
2.43760000239,-0.028125
2.43780000239,-0.0125
2.43800000239,-0.0125
2.43820000239,-0.0125
2.43840000239,-0.028125
2.43860000239,-0.028125
2.43880000239,-0.028125
2.43900000239,0.00312495
2.43920000239,-0.028125
2.43940000239,-0.0125
2.43960000239,-0.028125
2.43980000239,-0.0125
2.44000000239,-0.028125
2.44020000239,-0.028125
2.44040000239,0.00312495
2.44060000239,-0.028125
2.44080000239,-0.0125
2.44100000239,-0.0125
2.44120000239,-0.028125
2.44140000239,-0.028125
2.44160000239,-0.0125
2.44180000239,-0.0125
2.44200000239,-0.028125
2.44220000239,-0.028125
2.44240000239,-0.028125
2.44260000239,-0.0125
2.44280000239,-0.0125
2.44300000239,-0.028125
2.44320000239,-0.028125
2.44340000239,-0.028125
2.44360000239,-0.028125
2.44380000239,-0.0125
2.44400000239,-0.0125
2.44420000239,-0.028125
2.44440000239,-0.028125
2.44460000239,-0.028125
2.44480000239,-0.0125
2.44500000239,-0.0125
2.44520000239,-0.0125
2.44540000239,-0.028125
2.44560000239,-0.028125
2.44580000239,-0.028125
2.44600000239,-0.028125
2.44620000239,-0.028125
2.44640000239,-0.0125
2.44660000239,-0.028125
2.44680000239,-0.028125
2.44700000239,-0.028125
2.44720000239,-0.028125
2.44740000239,-0.0125
2.44760000239,-0.028125
2.44780000239,-0.028125
2.44800000239,-0.028125
2.44820000239,-0.028125
2.44840000239,-0.028125
2.44860000239,-0.0125
2.44880000239,-0.0125
2.44900000239,0.00312495
2.44920000239,-0.0125
2.44940000239,-0.028125
2.44960000239,-0.028125
2.44980000239,-0.028125
2.45000000239,-0.0125
2.45020000239,-0.028125
2.45040000239,-0.0125
2.45060000239,-0.028125
2.45080000239,-0.028125
2.45100000239,-0.04375
2.45120000239,-0.028125
2.45140000239,-0.028125
2.45160000239,-0.028125
2.45180000239,-0.028125
2.45200000239,-0.0125
2.45220000239,-0.028125
2.45240000239,-0.028125
2.45260000239,-0.028125
2.45280000239,-0.028125
2.45300000239,-0.0125
2.45320000239,-0.028125
2.45340000239,-0.028125
2.45360000239,-0.028125
2.45380000239,-0.028125
2.45400000239,-0.0125
2.45420000239,-0.028125
2.45440000239,-0.028125
2.45460000239,-0.028125
2.45480000239,-0.028125
2.45500000239,-0.028125
2.45520000239,-0.0125
2.45540000239,-0.028125
2.45560000239,-0.028125
2.45580000239,-0.028125
2.45600000239,-0.028125
2.45620000239,-0.028125
2.45640000239,-0.028125
2.45660000239,-0.0125
2.45680000239,-0.028125
2.45700000239,-0.028125
2.45720000239,-0.028125
2.45740000239,-0.0125
2.45760000239,-0.028125
2.45780000239,-0.0125
2.45800000239,-0.028125
2.45820000239,-0.0125
2.45840000239,-0.028125
2.45860000239,-0.0125
2.45880000239,-0.04375
2.45900000239,-0.028125
2.45920000239,-0.0125
2.45940000239,-0.0125
2.45960000239,-0.028125
2.45980000239,-0.0125
2.46000000239,-0.028125
2.46020000239,-0.028125
2.46040000239,-0.028125
2.46060000239,-0.028125
2.46080000239,-0.028125
2.46100000239,-0.028125
2.46120000239,-0.028125
2.46140000239,-0.028125
2.46160000239,-0.028125
2.46180000239,-0.028125
2.46200000239,-0.0125
2.46220000239,-0.028125
2.46240000239,-0.0125
2.46260000239,-0.028125
2.46280000239,-0.028125
2.46300000239,-0.028125
2.46320000239,-0.028125
2.46340000239,-0.028125
2.46360000239,-0.0125
2.46380000239,-0.0125
2.46400000239,-0.0125
2.46420000239,-0.028125
2.46440000239,-0.028125
2.46460000239,-0.028125
2.46480000239,-0.0125
2.46500000239,-0.028125
2.46520000239,-0.028125
2.46540000239,-0.04375
2.46560000239,-0.028125
2.46580000239,-0.028125
2.46600000239,-0.04375
2.46620000239,-0.028125
2.46640000239,-0.0125
2.46660000239,-0.028125
2.46680000239,-0.0125
2.46700000239,-0.028125
2.46720000239,-0.028125
2.46740000239,-0.028125
2.46760000239,-0.028125
2.46780000239,-0.0125
2.46800000239,-0.028125
2.46820000239,-0.04375
2.46840000239,-0.028125
2.46860000239,-0.028125
2.46880000239,-0.028125
2.46900000239,-0.028125
2.46920000239,-0.0125
2.46940000239,-0.028125
2.46960000239,-0.04375
2.46980000239,-0.028125
2.47000000239,-0.028125
2.47020000239,-0.0125
2.47040000239,-0.028125
2.47060000239,-0.028125
2.47080000239,-0.0125
2.47100000239,-0.028125
2.47120000239,-0.04375
2.47140000239,-0.0125
2.47160000239,-0.04375
2.47180000239,-0.028125
2.47200000239,-0.028125
2.47220000239,-0.028125
2.47240000239,-0.028125
2.47260000239,-0.028125
2.47280000239,-0.0125
2.47300000239,-0.028125
2.47320000239,-0.028125
2.47340000239,-0.0125
2.47360000239,-0.028125
2.47380000239,-0.028125
2.47400000239,-0.0125
2.47420000239,-0.04375
2.47440000239,-0.028125
2.47460000239,-0.028125
2.47480000239,-0.0125
2.47500000239,-0.028125
2.47520000239,-0.028125
2.47540000239,-0.028125
2.47560000239,-0.028125
2.47580000239,-0.028125
2.47600000239,-0.028125
2.47620000239,-0.028125
2.47640000239,-0.0125
2.47660000239,-0.028125
2.47680000239,-0.028125
2.47700000239,-0.028125
2.47720000239,-0.0125
2.47740000239,-0.028125
2.47760000239,-0.0125
2.47780000239,-0.028125
2.47800000239,-0.04375
2.47820000239,-0.028125
2.47840000239,-0.028125
2.47860000239,-0.028125
2.47880000239,-0.028125
2.47900000239,-0.0125
2.47920000239,-0.0125
2.47940000239,-0.028125
2.47960000239,-0.028125
2.47980000239,-0.028125
2.48000000239,-0.04375
2.48020000239,-0.028125
2.48040000239,-0.0125
2.48060000239,-0.04375
2.48080000239,-0.028125
2.48100000239,-0.0125
2.48120000239,-0.0125
2.48140000239,-0.028125
2.48160000239,-0.028125
2.48180000239,-0.028125
2.48200000239,-0.028125
2.48220000239,-0.028125
2.48240000239,-0.04375
2.48260000239,-0.028125
2.48280000239,-0.0125
2.48300000239,-0.04375
2.48320000239,-0.028125
2.48340000239,-0.028125
2.48360000239,-0.028125
2.48380000239,-0.0125
2.48400000239,-0.028125
2.48420000239,-0.04375
2.48440000239,-0.028125
2.48460000239,-0.028125
2.48480000239,-0.028125
2.48500000239,-0.028125
2.48520000239,-0.0125
2.48540000239,-0.028125
2.48560000239,-0.028125
2.48580000239,-0.028125
2.48600000239,-0.028125
2.48620000239,-0.028125
2.48640000239,-0.0125
2.48660000239,-0.028125
2.48680000239,-0.04375
2.48700000239,-0.0125
2.48720000239,-0.028125
2.48740000239,-0.028125
2.48760000239,-0.0125
2.48780000239,-0.028125
2.48800000239,-0.028125
2.48820000239,-0.028125
2.48840000239,-0.028125
2.48860000239,-0.0125
2.48880000239,-0.0125
2.48900000239,-0.0125
2.48920000239,-0.028125
2.48940000239,-0.028125
2.48960000239,-0.028125
2.48980000239,-0.0125
2.49000000239,-0.028125
2.49020000239,-0.028125
2.49040000239,-0.028125
2.49060000239,-0.028125
2.49080000239,-0.028125
2.49100000239,-0.028125
2.49120000239,-0.028125
2.49140000239,-0.028125
2.49160000239,-0.028125
2.49180000239,-0.04375
2.49200000239,-0.028125
2.49220000239,-0.04375
2.49240000239,-0.028125
2.49260000239,-0.028125
2.49280000239,-0.028125
2.49300000239,-0.0125
2.49320000239,-0.04375
2.49340000239,-0.028125
2.49360000239,-0.04375
2.49380000239,-0.028125
2.49400000239,-0.028125
2.49420000239,-0.028125
2.49440000239,-0.028125
2.49460000239,-0.028125
2.49480000239,-0.0125
2.49500000239,-0.0125
2.49520000239,-0.028125
2.49540000239,-0.028125
2.49560000239,-0.028125
2.49580000239,-0.0125
2.49600000239,-0.0125
2.49620000239,-0.028125
2.49640000239,-0.04375
2.49660000239,-0.0125
2.49680000239,-0.028125
2.49700000239,-0.028125
2.49720000239,-0.028125
2.49740000239,-0.028125
2.49760000239,-0.028125
2.49780000239,-0.028125
2.49800000239,-0.028125
2.49820000239,-0.028125
2.49840000239,-0.0125
2.49860000239,-0.0125
2.49880000239,-0.028125
2.49900000239,-0.0125
2.49920000239,-0.028125
2.49940000239,-0.028125
2.49960000239,-0.04375
2.49980000239,-0.04375
2.50000000239,-0.028125
2.50020000239,-0.028125
2.50040000239,-0.028125
2.50060000239,-0.028125
2.50080000239,-0.028125
2.50100000239,-0.028125
2.50120000239,-0.028125
2.50140000239,-0.028125
2.50160000239,-0.028125
2.50180000239,-0.028125
2.50200000239,-0.04375
2.50220000239,-0.028125
2.50240000239,-0.028125
2.50260000239,-0.028125
2.50280000239,-0.028125
2.50300000239,-0.04375
2.50320000239,-0.028125
2.50340000239,-0.028125
2.50360000239,-0.028125
2.50380000239,-0.0125
2.50400000239,-0.028125
2.50420000239,-0.028125
2.50440000239,-0.028125
2.50460000239,-0.028125
2.50480000239,-0.028125
2.50500000239,-0.028125
2.50520000239,-0.028125
2.50540000239,-0.028125
2.50560000239,-0.028125
2.50580000239,-0.0125
2.50600000239,-0.028125
2.50620000239,-0.0125
2.50640000239,-0.028125
2.50660000239,-0.028125
2.50680000239,-0.028125
2.50700000239,-0.04375
2.50720000239,-0.028125
2.50740000239,-0.028125
2.50760000239,-0.028125
2.50780000239,-0.0125
2.50800000239,-0.028125
2.50820000239,-0.028125
2.50840000239,-0.0125
2.50860000239,-0.028125
2.50880000239,-0.0125
2.50900000239,-0.028125
2.50920000239,-0.028125
2.50940000239,-0.028125
2.50960000239,-0.028125
2.50980000239,-0.028125
2.51000000239,-0.0125
2.51020000239,-0.028125
2.51040000239,-0.0125
2.51060000239,-0.028125
2.51080000239,-0.028125
2.51100000239,-0.0125
2.51120000239,-0.028125
2.51140000239,-0.04375
2.51160000239,-0.04375
2.51180000239,-0.028125
2.51200000239,-0.028125
2.51220000239,-0.028125
2.51240000239,-0.028125
2.51260000239,-0.028125
2.51280000239,-0.028125
2.51300000239,-0.04375
2.51320000239,-0.028125
2.51340000239,-0.028125
2.51360000239,-0.028125
2.51380000239,-0.028125
2.51400000239,-0.028125
2.51420000239,-0.028125
2.51440000239,-0.04375
2.51460000239,-0.04375
2.51480000239,-0.028125
2.51500000239,-0.028125
2.51520000239,-0.0125
2.51540000239,-0.028125
2.51560000239,-0.0125
2.51580000239,-0.028125
2.51600000239,-0.04375
2.51620000239,-0.04375
2.51640000239,-0.028125
2.51660000239,-0.028125
2.51680000239,-0.028125
2.51700000239,-0.028125
2.51720000239,-0.028125
2.51740000239,-0.04375
2.51760000239,-0.028125
2.51780000239,-0.0125
2.51800000239,-0.028125
2.51820000239,-0.04375
2.51840000239,-0.028125
2.51860000239,-0.028125
2.51880000239,-0.028125
2.51900000239,-0.0125
2.51920000239,-0.0125
2.51940000239,-0.028125
2.51960000239,-0.04375
2.51980000239,-0.028125
2.52000000239,-0.0125
2.52020000239,-0.04375
2.52040000239,-0.028125
2.52060000239,-0.0125
2.52080000239,-0.04375
2.52100000239,-0.028125
2.52120000239,-0.028125
2.52140000239,-0.028125
2.52160000239,-0.028125
2.52180000239,-0.0125
2.52200000239,-0.028125
2.52220000239,-0.028125
2.52240000239,-0.028125
2.52260000239,-0.028125
2.52280000239,-0.028125
2.52300000239,-0.028125
2.52320000239,-0.028125
2.52340000239,-0.028125
2.52360000239,-0.028125
2.52380000239,-0.028125
2.52400000239,-0.04375
2.52420000239,-0.028125
2.52440000239,-0.04375
2.52460000239,-0.028125
2.52480000239,-0.028125
2.52500000239,-0.0125
2.52520000239,-0.028125
2.52540000239,-0.04375
2.52560000239,-0.028125
2.52580000239,-0.028125
2.52600000239,-0.028125
2.52620000239,-0.0125
2.52640000239,-0.04375
2.52660000239,-0.028125
2.52680000239,-0.028125
2.52700000239,-0.04375
2.52720000239,-0.028125
2.52740000239,-0.0125
2.52760000239,-0.028125
2.52780000239,-0.04375
2.52800000239,-0.028125
2.52820000239,-0.028125
2.52840000239,-0.0125
2.52860000239,-0.04375
2.52880000239,-0.028125
2.52900000239,-0.028125
2.52920000239,-0.028125
2.52940000239,-0.04375
2.52960000239,-0.028125
2.52980000239,-0.028125
2.53000000239,-0.0125
2.53020000239,-0.028125
2.53040000239,-0.0125
2.53060000239,-0.028125
2.53080000239,-0.028125
2.53100000239,-0.028125
2.53120000239,-0.028125
2.53140000239,-0.028125
2.53160000239,-0.028125
2.53180000239,-0.028125
2.53200000239,-0.028125
2.53220000239,-0.028125
2.53240000239,-0.04375
2.53260000239,-0.028125
2.53280000239,-0.028125
2.53300000239,-0.0125
2.53320000239,-0.028125
2.53340000239,-0.028125
2.53360000239,-0.0125
2.53380000239,-0.04375
2.53400000239,-0.028125
2.53420000239,-0.028125
2.53440000239,-0.04375
2.53460000239,-0.028125
2.53480000239,-0.028125
2.53500000239,-0.028125
2.53520000239,-0.028125
2.53540000239,-0.0125
2.53560000239,-0.0125
2.53580000239,-0.028125
2.53600000239,-0.028125
2.53620000239,-0.059375
2.53640000239,-0.0125
2.53660000239,-0.028125
2.53680000239,-0.0125
2.53700000239,-0.04375
2.53720000239,-0.028125
2.53740000239,-0.028125
2.53760000239,-0.028125
2.53780000239,-0.0125
2.53800000239,-0.028125
2.53820000239,-0.028125
2.53840000239,-0.028125
2.53860000239,-0.028125
2.53880000239,-0.028125
2.53900000239,-0.028125
2.53920000239,-0.028125
2.53940000239,-0.028125
2.53960000239,-0.028125
2.53980000239,-0.028125
2.54000000239,-0.028125
2.54020000239,-0.028125
2.54040000239,-0.028125
2.54060000239,-0.028125
2.54080000239,-0.028125
2.54100000239,-0.028125
2.54120000239,-0.028125
2.54140000239,-0.0125
2.54160000239,-0.0125
2.54180000239,-0.028125
2.54200000239,-0.028125
2.54220000239,-0.028125
2.54240000239,-0.0125
2.54260000239,-0.028125
2.54280000239,-0.04375
2.54300000239,-0.028125
2.54320000239,-0.028125
2.54340000239,-0.04375
2.54360000239,-0.028125
2.54380000239,-0.028125
2.54400000239,-0.0125
2.54420000239,-0.028125
2.54440000239,-0.028125
2.54460000239,-0.0125
2.54480000239,-0.028125
2.54500000239,-0.028125
2.54520000239,-0.028125
2.54540000239,-0.028125
2.54560000239,-0.028125
2.54580000239,-0.028125
2.54600000239,-0.0125
2.54620000239,-0.028125
2.54640000239,-0.0125
2.54660000239,-0.04375
2.54680000239,-0.028125
2.54700000239,-0.028125
2.54720000239,-0.028125
2.54740000239,-0.028125
2.54760000239,-0.028125
2.54780000239,-0.0125
2.54800000239,-0.028125
2.54820000239,-0.04375
2.54840000239,-0.04375
2.54860000239,-0.04375
2.54880000239,-0.028125
2.54900000239,-0.028125
2.54920000239,-0.028125
2.54940000239,-0.028125
2.54960000239,-0.028125
2.54980000239,-0.028125
2.55000000239,-0.028125
2.55020000239,-0.04375
2.55040000239,-0.04375
2.55060000239,-0.028125
2.55080000239,-0.04375
2.55100000239,-0.028125
2.55120000239,-0.028125
2.55140000239,-0.04375
2.55160000239,-0.0125
2.55180000239,-0.028125
2.55200000239,-0.028125
2.55220000239,-0.0125
2.55240000239,-0.04375
2.55260000239,-0.028125
2.55280000239,-0.028125
2.55300000239,-0.028125
2.55320000239,-0.028125
2.55340000239,-0.028125
2.55360000239,-0.028125
2.55380000239,-0.028125
2.55400000239,-0.04375
2.55420000239,-0.04375
2.55440000239,-0.028125
2.55460000239,-0.028125
2.55480000239,-0.04375
2.55500000239,-0.028125
2.55520000239,-0.04375
2.55540000239,-0.028125
2.55560000239,-0.04375
2.55580000239,-0.04375
2.55600000239,-0.04375
2.55620000239,-0.028125
2.55640000239,-0.04375
2.55660000239,-0.028125
2.55680000239,-0.04375
2.55700000239,-0.028125
2.55720000239,-0.028125
2.55740000239,-0.028125
2.55760000239,-0.028125
2.55780000239,-0.028125
2.55800000239,-0.028125
2.55820000239,-0.04375
2.55840000239,-0.028125
2.55860000239,-0.028125
2.55880000239,-0.028125
2.55900000239,-0.028125
2.55920000239,-0.028125
2.55940000239,-0.028125
2.55960000239,-0.0125
2.55980000239,-0.0125
2.56000000239,-0.028125
2.56020000239,-0.0125
2.56040000239,-0.028125
2.56060000239,-0.0125
2.56080000239,-0.028125
2.56100000239,-0.028125
2.56120000239,-0.028125
2.56140000239,-0.028125
2.56160000239,-0.028125
2.56180000239,-0.028125
2.56200000239,-0.028125
2.56220000239,-0.028125
2.56240000239,-0.04375
2.56260000239,-0.028125
2.56280000239,-0.04375
2.56300000239,-0.028125
2.56320000239,-0.04375
2.56340000239,-0.028125
2.56360000239,-0.028125
2.56380000239,-0.04375
2.56400000239,-0.028125
2.56420000239,-0.028125
2.56440000239,-0.0125
2.56460000239,-0.0125
2.56480000239,-0.028125
2.56500000239,-0.04375
2.56520000239,-0.0125
2.56540000239,-0.0125
2.56560000239,-0.04375
2.56580000239,-0.0125
2.56600000239,-0.028125
2.56620000239,-0.04375
2.56640000239,-0.028125
2.56660000239,-0.04375
2.56680000239,-0.028125
2.56700000239,-0.028125
2.56720000239,-0.04375
2.56740000239,-0.028125
2.56760000239,-0.0125
2.56780000239,-0.0125
2.56800000239,-0.04375
2.56820000239,-0.04375
2.56840000239,-0.028125
2.56860000239,-0.04375
2.56880000239,-0.0125
2.56900000239,-0.028125
2.56920000239,-0.028125
2.56940000239,-0.028125
2.56960000239,-0.028125
2.56980000239,-0.028125
2.57000000239,-0.028125
2.57020000239,-0.028125
2.57040000239,-0.028125
2.57060000239,-0.04375
2.57080000239,-0.028125
2.57100000239,-0.028125
2.57120000239,-0.028125
2.57140000239,-0.028125
2.57160000239,-0.028125
2.57180000239,-0.0125
2.57200000239,-0.028125
2.57220000239,-0.028125
2.57240000239,-0.028125
2.57260000239,-0.028125
2.57280000239,-0.0125
2.57300000239,-0.028125
2.57320000239,-0.028125
2.57340000239,-0.028125
2.57360000239,-0.028125
2.57380000239,-0.028125
2.57400000239,-0.028125
2.57420000239,-0.0125
2.57440000239,-0.028125
2.57460000239,-0.028125
2.57480000239,-0.04375
2.57500000239,-0.028125
2.57520000239,-0.028125
2.57540000239,-0.028125
2.57560000239,-0.028125
2.57580000239,-0.028125
2.57600000239,-0.028125
2.57620000239,-0.028125
2.57640000239,-0.028125
2.57660000239,-0.028125
2.57680000239,-0.028125
2.57700000239,-0.04375
2.57720000239,-0.028125
2.57740000239,-0.028125
2.57760000239,-0.028125
2.57780000239,-0.028125
2.57800000239,-0.028125
2.57820000239,-0.028125
2.57840000239,-0.028125
2.57860000239,-0.028125
2.57880000239,-0.028125
2.57900000239,-0.028125
2.57920000239,-0.04375
2.57940000239,-0.028125
2.57960000239,-0.028125
2.57980000239,-0.04375
2.58000000239,-0.028125
2.58020000239,-0.028125
2.58040000239,-0.04375
2.58060000239,-0.04375
2.58080000239,-0.04375
2.58100000239,-0.028125
2.58120000239,-0.028125
2.58140000239,-0.028125
2.58160000239,-0.04375
2.58180000239,-0.028125
2.58200000239,-0.028125
2.58220000239,-0.028125
2.58240000239,-0.028125
2.58260000239,-0.028125
2.58280000239,-0.028125
2.58300000239,-0.028125
2.58320000239,-0.028125
2.58340000239,-0.028125
2.58360000239,-0.0125
2.58380000239,-0.028125
2.58400000239,-0.04375
2.58420000239,-0.028125
2.58440000239,-0.028125
2.58460000239,-0.028125
2.58480000239,-0.028125
2.58500000239,-0.028125
2.58520000239,-0.028125
2.58540000239,-0.028125
2.58560000239,-0.028125
2.58580000239,-0.028125
2.58600000239,-0.04375
2.58620000239,-0.028125
2.58640000239,-0.04375
2.58660000239,-0.028125
2.58680000239,-0.028125
2.58700000239,-0.028125
2.58720000239,-0.04375
2.58740000239,-0.0125
2.58760000239,-0.028125
2.58780000239,-0.028125
2.58800000239,-0.028125
2.58820000239,-0.028125
2.58840000239,-0.028125
2.58860000239,-0.028125
2.58880000239,-0.04375
2.58900000239,-0.028125
2.58920000239,-0.028125
2.58940000239,-0.028125
2.58960000239,-0.04375
2.58980000239,-0.028125
2.59000000239,-0.0125
2.59020000239,-0.028125
2.59040000239,-0.028125
2.59060000239,-0.028125
2.59080000239,-0.0125
2.59100000239,-0.028125
2.59120000239,-0.04375
2.59140000239,-0.028125
2.59160000239,-0.028125
2.59180000239,-0.028125
2.59200000239,-0.04375
2.59220000239,-0.028125
2.59240000239,-0.028125
2.59260000239,-0.0125
2.59280000239,-0.028125
2.59300000239,-0.028125
2.59320000239,-0.028125
2.59340000239,-0.028125
2.59360000239,-0.028125
2.59380000239,-0.04375
2.59400000239,-0.028125
2.59420000239,-0.0125
2.59440000239,-0.04375
2.59460000239,-0.028125
2.59480000239,-0.028125
2.59500000239,-0.04375
2.59520000239,-0.04375
2.59540000239,-0.04375
2.59560000239,-0.028125
2.59580000239,-0.0125
2.59600000239,-0.028125
2.59620000239,-0.028125
2.59640000239,-0.028125
2.59660000239,-0.04375
2.59680000239,-0.0125
2.59700000239,-0.0125
2.59720000239,-0.028125
2.59740000239,-0.028125
2.59760000239,-0.028125
2.59780000239,-0.04375
2.59800000239,-0.04375
2.59820000239,-0.0125
2.59840000239,-0.028125
2.59860000239,-0.028125
2.59880000239,-0.04375
2.59900000239,-0.028125
2.59920000239,-0.04375
2.59940000239,-0.0125
2.59960000239,-0.028125
2.59980000239,-0.028125
2.60000000239,-0.028125
2.60020000239,-0.028125
2.60040000239,-0.028125
2.60060000239,-0.028125
2.60080000239,-0.028125
2.60100000239,-0.028125
2.60120000239,-0.028125
2.60140000239,-0.028125
2.60160000239,0.00312495
2.60180000239,-0.028125
2.60200000239,-0.0125
2.60220000239,-0.04375
2.60240000239,-0.0125
2.60260000239,-0.028125
2.60280000239,-0.028125
2.60300000239,-0.028125
2.60320000239,-0.028125
2.60340000239,-0.04375
2.60360000239,-0.04375
2.60380000239,-0.028125
2.60400000239,-0.04375
2.60420000239,-0.028125
2.60440000239,-0.028125
2.60460000239,-0.04375
2.60480000239,-0.028125
2.60500000239,-0.028125
2.60520000239,-0.04375
2.60540000239,-0.04375
2.60560000239,-0.028125
2.60580000239,-0.028125
2.60600000239,-0.028125
2.60620000239,-0.028125
2.60640000239,-0.0125
2.60660000239,-0.04375
2.60680000239,-0.028125
2.60700000239,-0.04375
2.60720000239,-0.04375
2.60740000239,-0.0125
2.60760000239,-0.028125
2.60780000239,-0.04375
2.60800000239,-0.028125
2.60820000239,-0.028125
2.60840000239,-0.028125
2.60860000239,-0.028125
2.60880000239,-0.028125
2.60900000239,-0.04375
2.60920000239,-0.028125
2.60940000239,-0.028125
2.60960000239,-0.0125
2.60980000239,-0.04375
2.61000000239,-0.028125
2.61020000239,-0.028125
2.61040000239,-0.028125
2.61060000239,-0.04375
2.61080000239,-0.04375
2.61100000239,-0.028125
2.61120000239,-0.028125
2.61140000239,-0.028125
2.61160000239,-0.0125
2.61180000239,-0.0125
2.61200000239,-0.028125
2.61220000239,-0.028125
2.61240000239,-0.04375
2.61260000239,-0.028125
2.61280000239,-0.028125
2.61300000239,-0.028125
2.61320000239,-0.028125
2.61340000239,-0.0125
2.61360000239,-0.028125
2.61380000239,-0.028125
2.61400000239,-0.0125
2.61420000239,-0.028125
2.61440000239,-0.028125
2.61460000239,-0.028125
2.61480000239,-0.0125
2.61500000239,-0.0125
2.61520000239,-0.04375
2.61540000239,-0.028125
2.61560000239,-0.04375
2.61580000239,-0.0125
2.61600000239,-0.04375
2.61620000239,-0.028125
2.61640000239,-0.028125
2.61660000239,-0.028125
2.61680000239,-0.028125
2.61700000239,-0.028125
2.61720000239,-0.028125
2.61740000239,-0.028125
2.61760000239,-0.04375
2.61780000239,-0.04375
2.61800000239,-0.04375
2.61820000239,-0.028125
2.61840000239,-0.028125
2.61860000239,-0.04375
2.61880000239,-0.028125
2.61900000239,-0.04375
2.61920000239,-0.028125
2.61940000239,-0.04375
2.61960000239,-0.028125
2.61980000239,-0.028125
2.62000000239,-0.04375
2.62020000239,-0.028125
2.62040000239,-0.028125
2.62060000239,-0.04375
2.62080000239,-0.028125
2.62100000239,-0.04375
2.62120000239,-0.028125
2.62140000239,-0.028125
2.62160000239,-0.028125
2.62180000239,-0.028125
2.62200000239,-0.028125
2.62220000239,-0.028125
2.62240000239,-0.028125
2.62260000239,-0.028125
2.62280000239,-0.028125
2.62300000239,-0.028125
2.62320000239,-0.028125
2.62340000239,-0.028125
2.62360000239,-0.028125
2.62380000239,-0.028125
2.62400000239,-0.028125
2.62420000239,-0.028125
2.62440000239,-0.04375
2.62460000239,-0.028125
2.62480000239,-0.028125
2.62500000239,-0.04375
2.62520000239,-0.028125
2.62540000239,-0.04375
2.62560000239,-0.04375
2.62580000239,-0.028125
2.62600000239,-0.028125
2.62620000239,-0.028125
2.62640000239,-0.028125
2.62660000239,-0.0125
2.62680000239,-0.028125
2.62700000239,-0.028125
2.62720000239,-0.028125
2.62740000239,-0.028125
2.62760000239,-0.028125
2.62780000239,-0.028125
2.62800000239,-0.028125
2.62820000239,-0.028125
2.62840000239,-0.028125
2.62860000239,-0.028125
2.62880000239,-0.028125
2.62900000239,-0.028125
2.62920000239,-0.0125
2.62940000239,-0.028125
2.62960000239,-0.028125
2.62980000239,-0.028125
2.63000000239,-0.04375
2.63020000239,-0.04375
2.63040000239,-0.028125
2.63060000239,-0.028125
2.63080000239,-0.028125
2.63100000239,-0.0125
2.63120000239,-0.04375
2.63140000239,-0.04375
2.63160000239,-0.028125
2.63180000239,-0.028125
2.63200000239,-0.028125
2.63220000239,-0.04375
2.63240000239,-0.028125
2.63260000239,-0.028125
2.63280000239,-0.028125
2.63300000239,-0.028125
2.63320000239,-0.04375
2.63340000239,-0.028125
2.63360000239,-0.0125
2.63380000239,-0.0125
2.63400000239,-0.028125
2.63420000239,-0.04375
2.63440000239,-0.028125
2.63460000239,-0.028125
2.63480000239,-0.028125
2.63500000239,-0.028125
2.63520000239,-0.028125
2.63540000239,-0.028125
2.63560000239,-0.028125
2.63580000239,-0.028125
2.63600000239,-0.028125
2.63620000239,-0.028125
2.63640000239,-0.0125
2.63660000239,-0.028125
2.63680000239,-0.0125
2.63700000239,-0.028125
2.63720000239,-0.0125
2.63740000239,-0.028125
2.63760000239,-0.028125
2.63780000239,-0.028125
2.63800000239,-0.028125
2.63820000239,-0.028125
2.63840000239,-0.04375
2.63860000239,-0.04375
2.63880000239,-0.028125
2.63900000239,-0.04375
2.63920000239,-0.028125
2.63940000239,-0.028125
2.63960000239,-0.028125
2.63980000239,-0.028125
2.64000000239,-0.028125
2.64020000239,-0.04375
2.64040000239,-0.028125
2.64060000239,-0.04375
2.64080000239,-0.028125
2.64100000239,-0.028125
2.64120000239,-0.028125
2.64140000239,-0.028125
2.64160000239,-0.028125
2.64180000239,-0.028125
2.64200000239,-0.028125
2.64220000239,-0.028125
2.64240000239,-0.028125
2.64260000239,-0.028125
2.64280000239,-0.0125
2.64300000239,-0.028125
2.64320000239,-0.028125
2.64340000239,-0.028125
2.64360000239,-0.028125
2.64380000239,-0.04375
2.64400000239,-0.04375
2.64420000239,-0.028125
2.64440000239,-0.028125
2.64460000239,-0.028125
2.64480000239,-0.028125
2.64500000239,-0.04375
2.64520000239,-0.028125
2.64540000239,-0.028125
2.64560000239,-0.028125
2.64580000239,-0.028125
2.64600000239,-0.059375
2.64620000239,-0.028125
2.64640000239,-0.028125
2.64660000239,-0.0125
2.64680000239,-0.028125
2.64700000239,-0.028125
2.64720000239,-0.028125
2.64740000239,-0.028125
2.64760000239,-0.04375
2.64780000239,-0.04375
2.64800000239,-0.0125
2.64820000239,-0.0125
2.64840000239,-0.04375
2.64860000239,-0.04375
2.64880000239,-0.0125
2.64900000239,-0.028125
2.64920000239,-0.028125
2.64940000239,-0.04375
2.64960000239,-0.028125
2.64980000239,-0.028125
2.65000000239,-0.04375
2.65020000239,-0.028125
2.65040000239,-0.04375
2.65060000239,-0.028125
2.65080000239,-0.04375
2.65100000239,-0.04375
2.65120000239,-0.028125
2.65140000239,-0.04375
2.65160000239,-0.028125
2.65180000239,-0.0125
2.65200000239,-0.028125
2.65220000239,-0.028125
2.65240000239,-0.0125
2.65260000239,-0.028125
2.65280000239,-0.028125
2.65300000239,-0.028125
2.65320000239,-0.028125
2.65340000239,-0.028125
2.65360000239,-0.028125
2.65380000239,-0.04375
2.65400000239,-0.04375
2.65420000239,-0.028125
2.65440000239,-0.04375
2.65460000239,-0.028125
2.65480000239,-0.028125
2.65500000239,-0.028125
2.65520000239,-0.028125
2.65540000239,-0.04375
2.65560000239,-0.04375
2.65580000239,-0.028125
2.65600000239,-0.0125
2.65620000239,-0.028125
2.65640000239,-0.028125
2.65660000239,-0.04375
2.65680000239,-0.028125
2.65700000239,-0.028125
2.65720000239,-0.028125
2.65740000239,-0.0125
2.65760000239,-0.028125
2.65780000239,-0.04375
2.65800000239,-0.028125
2.65820000239,-0.028125
2.65840000239,-0.04375
2.65860000239,-0.028125
2.65880000239,-0.028125
2.65900000239,-0.028125
2.65920000239,-0.028125
2.65940000239,-0.028125
2.65960000239,-0.04375
2.65980000239,-0.04375
2.66000000239,-0.028125
2.66020000239,-0.04375
2.66040000239,-0.028125
2.66060000239,-0.028125
2.66080000239,-0.028125
2.66100000239,-0.028125
2.66120000239,-0.04375
2.66140000239,-0.028125
2.66160000239,-0.04375
2.66180000239,-0.028125
2.66200000239,-0.028125
2.66220000239,-0.028125
2.66240000239,-0.028125
2.66260000239,-0.04375
2.66280000239,-0.028125
2.66300000239,-0.028125
2.66320000239,-0.028125
2.66340000239,-0.028125
2.66360000239,-0.028125
2.66380000239,-0.028125
2.66400000239,-0.028125
2.66420000239,-0.028125
2.66440000239,-0.04375
2.66460000239,-0.028125
2.66480000239,-0.028125
2.66500000239,-0.028125
2.66520000239,-0.028125
2.66540000239,-0.028125
2.66560000239,-0.028125
2.66580000239,-0.04375
2.66600000239,-0.028125
2.66620000239,-0.028125
2.66640000239,-0.04375
2.66660000239,-0.028125
2.66680000239,-0.04375
2.66700000239,-0.04375
2.66720000239,-0.028125
2.66740000239,-0.028125
2.66760000239,-0.028125
2.66780000239,-0.028125
2.66800000239,-0.028125
2.66820000239,-0.028125
2.66840000239,-0.028125
2.66860000239,-0.028125
2.66880000239,-0.028125
2.66900000239,-0.04375
2.66920000239,-0.04375
2.66940000239,-0.028125
2.66960000239,-0.028125
2.66980000239,-0.028125
2.67000000239,-0.028125
2.67020000239,-0.028125
2.67040000239,-0.028125
2.67060000239,-0.028125
2.67080000239,-0.028125
2.67100000239,-0.028125
2.67120000239,-0.028125
2.67140000239,-0.04375
2.67160000239,-0.028125
2.67180000239,-0.028125
2.67200000239,-0.028125
2.67220000239,-0.028125
2.67240000239,-0.028125
2.67260000239,-0.028125
2.67280000239,-0.028125
2.67300000239,-0.04375
2.67320000239,-0.028125
2.67340000239,-0.028125
2.67360000239,-0.028125
2.67380000239,-0.028125
2.67400000239,-0.028125
2.67420000239,-0.028125
2.67440000239,-0.028125
2.67460000239,-0.028125
2.67480000239,-0.028125
2.67500000239,-0.04375
2.67520000239,-0.028125
2.67540000239,-0.028125
2.67560000239,-0.04375
2.67580000239,-0.028125
2.67600000239,-0.0125
2.67620000239,-0.04375
2.67640000239,-0.028125
2.67660000239,-0.028125
2.67680000239,-0.04375
2.67700000239,-0.028125
2.67720000239,-0.028125
2.67740000239,-0.028125
2.67760000239,-0.028125
2.67780000239,-0.028125
2.67800000239,-0.028125
2.67820000239,-0.028125
2.67840000239,-0.028125
2.67860000239,-0.028125
2.67880000239,-0.028125
2.67900000239,-0.028125
2.67920000239,-0.04375
2.67940000239,-0.028125
2.67960000239,-0.028125
2.67980000239,-0.04375
2.68000000239,-0.04375
2.68020000239,-0.028125
2.68040000239,-0.028125
2.68060000239,-0.028125
2.68080000239,-0.0125
2.68100000239,-0.028125
2.68120000239,-0.04375
2.68140000239,-0.028125
2.68160000239,-0.028125
2.68180000239,-0.0125
2.68200000239,-0.028125
2.68220000239,-0.028125
2.68240000239,-0.028125
2.68260000239,-0.0125
2.68280000239,-0.028125
2.68300000239,-0.028125
2.68320000239,-0.04375
2.68340000239,-0.028125
2.68360000239,-0.04375
2.68380000239,-0.0125
2.68400000239,-0.028125
2.68420000239,-0.028125
2.68440000239,-0.028125
2.68460000239,-0.028125
2.68480000239,-0.04375
2.68500000239,-0.0125
2.68520000239,-0.04375
2.68540000239,-0.04375
2.68560000239,-0.028125
2.68580000239,-0.04375
2.68600000239,-0.0125
2.68620000239,-0.028125
2.68640000239,-0.028125
2.68660000239,-0.028125
2.68680000239,-0.04375
2.68700000239,-0.04375
2.68720000239,-0.028125
2.68740000239,-0.04375
2.68760000239,-0.028125
2.68780000239,-0.028125
2.68800000239,-0.028125
2.68820000239,-0.028125
2.68840000239,-0.028125
2.68860000239,-0.0125
2.68880000239,-0.028125
2.68900000239,-0.04375
2.68920000239,-0.04375
2.68940000239,-0.04375
2.68960000239,-0.04375
2.68980000239,-0.04375
2.69000000239,-0.0125
2.69020000239,-0.028125
2.69040000239,-0.028125
2.69060000239,-0.04375
2.69080000239,-0.028125
2.69100000239,-0.04375
2.69120000239,-0.028125
2.69140000239,-0.04375
2.69160000239,-0.028125
2.69180000239,-0.04375
2.69200000239,-0.04375
2.69220000239,-0.028125
2.69240000239,-0.04375
2.69260000239,-0.028125
2.69280000239,-0.028125
2.69300000239,-0.028125
2.69320000239,-0.028125
2.69340000239,-0.028125
2.69360000239,-0.04375
2.69380000239,-0.04375
2.69400000239,-0.04375
2.69420000239,-0.04375
2.69440000239,-0.028125
2.69460000239,-0.0125
2.69480000239,-0.028125
2.69500000239,-0.028125
2.69520000239,-0.04375
2.69540000239,-0.028125
2.69560000239,-0.04375
2.69580000239,-0.0125
2.69600000239,-0.04375
2.69620000239,-0.028125
2.69640000239,-0.028125
2.69660000239,-0.0125
2.69680000239,-0.028125
2.69700000239,-0.0125
2.69720000239,-0.028125
2.69740000239,-0.028125
2.69760000239,-0.028125
2.69780000239,-0.028125
2.69800000239,-0.0125
2.69820000239,-0.04375
2.69840000239,-0.028125
2.69860000239,-0.028125
2.69880000239,-0.028125
2.69900000239,-0.028125
2.69920000239,-0.04375
2.69940000239,-0.028125
2.69960000239,-0.04375
2.69980000239,-0.028125
2.70000000239,-0.028125
2.70020000239,-0.04375
2.70040000239,-0.0125
2.70060000239,-0.028125
2.70080000239,-0.028125
2.70100000239,-0.0125
2.70120000239,-0.028125
2.70140000239,-0.04375
2.70160000239,-0.028125
2.70180000239,-0.028125
2.70200000239,-0.028125
2.70220000239,-0.04375
2.70240000239,-0.028125
2.70260000239,-0.0125
2.70280000239,-0.028125
2.70300000239,-0.028125
2.70320000239,-0.028125
2.70340000239,-0.04375
2.70360000239,-0.04375
2.70380000239,-0.028125
2.70400000239,-0.028125
2.70420000239,-0.028125
2.70440000239,-0.028125
2.70460000239,-0.04375
2.70480000239,-0.04375
2.70500000239,-0.028125
2.70520000239,-0.028125
2.70540000239,-0.04375
2.70560000239,-0.028125
2.70580000239,-0.028125
2.70600000239,-0.028125
2.70620000239,-0.028125
2.70640000239,-0.028125
2.70660000239,-0.04375
2.70680000239,-0.028125
2.70700000239,-0.04375
2.70720000239,-0.028125
2.70740000239,-0.04375
2.70760000239,-0.028125
2.70780000239,-0.028125
2.70800000239,-0.04375
2.70820000239,-0.028125
2.70840000239,-0.04375
2.70860000239,-0.04375
2.70880000239,-0.04375
2.70900000239,-0.028125
2.70920000239,-0.028125
2.70940000239,-0.028125
2.70960000239,-0.04375
2.70980000239,-0.0125
2.71000000239,-0.04375
2.71020000239,-0.028125
2.71040000239,-0.028125
2.71060000239,-0.028125
2.71080000239,-0.028125
2.71100000239,-0.04375
2.71120000239,-0.04375
2.71140000239,-0.028125
2.71160000239,-0.04375
2.71180000239,-0.028125
2.71200000239,-0.028125
2.71220000239,-0.028125
2.71240000239,-0.028125
2.71260000239,-0.028125
2.71280000239,-0.028125
2.71300000239,-0.028125
2.71320000239,-0.04375
2.71340000239,-0.028125
2.71360000239,-0.04375
2.71380000239,-0.028125
2.71400000239,-0.04375
2.71420000239,-0.028125
2.71440000239,-0.028125
2.71460000239,-0.028125
2.71480000239,-0.028125
2.71500000239,-0.04375
2.71520000239,-0.028125
2.71540000239,-0.028125
2.71560000239,-0.028125
2.71580000239,-0.04375
2.71600000239,-0.028125
2.71620000239,-0.04375
2.71640000239,-0.028125
2.71660000239,-0.028125
2.71680000239,-0.028125
2.71700000239,-0.04375
2.71720000239,-0.04375
2.71740000239,-0.028125
2.71760000239,-0.0125
2.71780000239,-0.04375
2.71800000239,-0.0125
2.71820000239,-0.028125
2.71840000239,-0.028125
2.71860000239,-0.028125
2.71880000239,-0.028125
2.71900000239,-0.028125
2.71920000239,-0.028125
2.71940000239,-0.028125
2.71960000239,-0.028125
2.71980000239,-0.028125
2.72000000239,-0.04375
2.72020000239,-0.028125
2.72040000239,-0.028125
2.72060000239,-0.04375
2.72080000239,-0.028125
2.72100000239,-0.028125
2.72120000239,-0.028125
2.72140000239,-0.04375
2.72160000239,-0.028125
2.72180000239,-0.028125
2.72200000239,-0.0125
2.72220000239,-0.028125
2.72240000239,-0.028125
2.72260000239,-0.028125
2.72280000239,-0.04375
2.72300000239,-0.028125
2.72320000239,-0.028125
2.72340000239,-0.028125
2.72360000239,-0.028125
2.72380000239,-0.028125
2.72400000239,-0.04375
2.72420000239,-0.028125
2.72440000239,-0.028125
2.72460000239,-0.028125
2.72480000239,-0.028125
2.72500000239,-0.04375
2.72520000239,-0.028125
2.72540000239,-0.028125
2.72560000239,-0.028125
2.72580000239,-0.04375
2.72600000239,-0.028125
2.72620000239,-0.028125
2.72640000239,-0.028125
2.72660000239,-0.028125
2.72680000239,-0.04375
2.72700000239,-0.04375
2.72720000239,-0.028125
2.72740000239,-0.028125
2.72760000239,-0.04375
2.72780000239,-0.028125
2.72800000239,-0.028125
2.72820000239,-0.0125
2.72840000239,-0.04375
2.72860000239,-0.04375
2.72880000239,-0.04375
2.72900000239,-0.04375
2.72920000239,-0.04375
2.72940000239,-0.028125
2.72960000239,-0.028125
2.72980000239,-0.028125
2.73000000239,-0.028125
2.73020000239,-0.028125
2.73040000239,-0.04375
2.73060000239,-0.028125
2.73080000239,-0.028125
2.73100000239,-0.04375
2.73120000239,-0.028125
2.73140000239,-0.028125
2.73160000239,-0.028125
2.73180000239,-0.04375
2.73200000239,-0.028125
2.73220000239,-0.028125
2.73240000239,-0.028125
2.73260000239,-0.028125
2.73280000239,-0.04375
2.73300000239,-0.04375
2.73320000239,-0.028125
2.73340000239,-0.028125
2.73360000239,-0.028125
2.73380000239,-0.028125
2.73400000239,-0.028125
2.73420000239,-0.028125
2.73440000239,-0.028125
2.73460000239,-0.0125
2.73480000239,-0.028125
2.73500000239,-0.028125
2.73520000239,-0.04375
2.73540000239,-0.028125
2.73560000239,-0.028125
2.73580000239,-0.028125
2.73600000239,-0.028125
2.73620000239,-0.028125
2.73640000239,-0.0125
2.73660000239,-0.028125
2.73680000239,-0.028125
2.73700000239,-0.028125
2.73720000239,-0.028125
2.73740000239,-0.0125
2.73760000239,-0.028125
2.73780000239,-0.04375
2.73800000239,-0.028125
2.73820000239,-0.028125
2.73840000239,-0.028125
2.73860000239,-0.028125
2.73880000239,-0.04375
2.73900000239,-0.04375
2.73920000239,-0.028125
2.73940000239,-0.04375
2.73960000239,-0.04375
2.73980000239,-0.0125
2.74000000239,-0.04375
2.74020000239,-0.028125
2.74040000239,-0.028125
2.74060000239,-0.028125
2.74080000239,-0.028125
2.74100000239,-0.028125
2.74120000239,-0.028125
2.74140000239,-0.028125
2.74160000239,-0.028125
2.74180000239,-0.04375
2.74200000239,-0.028125
2.74220000239,-0.04375
2.74240000239,-0.04375
2.74260000239,-0.04375
2.74280000239,-0.028125
2.74300000239,-0.04375
2.74320000239,-0.028125
2.74340000239,-0.028125
2.74360000239,-0.028125
2.74380000239,-0.04375
2.74400000239,-0.028125
2.74420000239,-0.028125
2.74440000239,-0.0125
2.74460000239,-0.028125
2.74480000239,-0.028125
2.74500000239,-0.028125
2.74520000239,-0.028125
2.74540000239,-0.028125
2.74560000239,-0.028125
2.74580000239,-0.028125
2.74600000239,-0.028125
2.74620000239,-0.04375
2.74640000239,-0.028125
2.74660000239,-0.04375
2.74680000239,-0.028125
2.74700000239,-0.04375
2.74720000239,-0.028125
2.74740000239,-0.04375
2.74760000239,-0.0125
2.74780000239,-0.028125
2.74800000239,-0.028125
2.74820000239,-0.028125
2.74840000239,-0.028125
2.74860000239,-0.04375
2.74880000239,-0.028125
2.74900000239,-0.04375
2.74920000239,-0.028125
2.74940000239,-0.04375
2.74960000239,-0.028125
2.74980000239,-0.028125
2.75000000239,-0.028125
2.75020000239,-0.028125
2.75040000239,-0.0125
2.75060000239,-0.04375
2.75080000239,-0.028125
2.75100000239,-0.0125
2.75120000239,-0.0125
2.75140000239,-0.0125
2.75160000239,-0.028125
2.75180000239,-0.028125
2.75200000239,-0.028125
2.75220000239,-0.04375
2.75240000239,-0.04375
2.75260000239,-0.028125
2.75280000239,-0.028125
2.75300000239,-0.028125
2.75320000239,-0.028125
2.75340000239,-0.028125
2.75360000239,-0.04375
2.75380000239,-0.028125
2.75400000239,-0.04375
2.75420000239,-0.028125
2.75440000239,-0.028125
2.75460000239,-0.028125
2.75480000239,-0.028125
2.75500000239,-0.04375
2.75520000239,-0.04375
2.75540000239,-0.028125
2.75560000239,-0.04375
2.75580000239,-0.04375
2.75600000239,-0.028125
2.75620000239,-0.028125
2.75640000239,-0.028125
2.75660000239,-0.028125
2.75680000239,-0.028125
2.75700000239,-0.028125
2.75720000239,-0.04375
2.75740000239,-0.028125
2.75760000239,-0.028125
2.75780000239,-0.028125
2.75800000239,-0.028125
2.75820000239,-0.04375
2.75840000239,-0.028125
2.75860000239,-0.028125
2.75880000239,-0.028125
2.75900000239,-0.028125
2.75920000239,-0.059375
2.75940000239,-0.028125
2.75960000239,-0.028125
2.75980000239,-0.028125
2.76000000239,-0.028125
2.76020000239,-0.04375
2.76040000239,-0.028125
2.76060000239,-0.028125
2.76080000239,-0.028125
2.76100000239,-0.028125
2.76120000239,-0.028125
2.76140000239,-0.028125
2.76160000239,-0.028125
2.76180000239,-0.028125
2.76200000239,-0.04375
2.76220000239,-0.04375
2.76240000239,-0.04375
2.76260000239,-0.04375
2.76280000239,-0.04375
2.76300000239,-0.028125
2.76320000239,-0.028125
2.76340000239,-0.028125
2.76360000239,-0.028125
2.76380000239,-0.04375
2.76400000239,-0.028125
2.76420000239,-0.04375
2.76440000239,-0.04375
2.76460000239,-0.04375
2.76480000239,-0.028125
2.76500000239,-0.028125
2.76520000239,-0.028125
2.76540000239,-0.0125
2.76560000239,-0.04375
2.76580000239,-0.04375
2.76600000239,-0.028125
2.76620000239,-0.028125
2.76640000239,-0.028125
2.76660000239,-0.028125
2.76680000239,-0.028125
2.76700000239,-0.04375
2.76720000239,-0.059375
2.76740000239,-0.028125
2.76760000239,-0.028125
2.76780000239,-0.04375
2.76800000239,-0.028125
2.76820000239,-0.028125
2.76840000239,-0.028125
2.76860000239,-0.028125
2.76880000239,-0.04375
2.76900000239,-0.04375
2.76920000239,-0.04375
2.76940000239,-0.04375
2.76960000239,-0.028125
2.76980000239,-0.04375
2.77000000239,-0.028125
2.77020000239,-0.028125
2.77040000239,-0.028125
2.77060000239,-0.0125
2.77080000239,-0.028125
2.77100000239,-0.028125
2.77120000239,-0.028125
2.77140000239,-0.028125
2.77160000239,-0.028125
2.77180000239,-0.04375
2.77200000239,-0.028125
2.77220000239,-0.028125
2.77240000239,-0.0125
2.77260000239,-0.028125
2.77280000239,-0.028125
2.77300000239,-0.04375
2.77320000239,-0.028125
2.77340000239,-0.04375
2.77360000239,-0.028125
2.77380000239,-0.028125
2.77400000239,-0.028125
2.77420000239,-0.04375
2.77440000239,-0.04375
2.77460000239,-0.028125
2.77480000239,-0.028125
2.77500000239,-0.028125
2.77520000239,-0.04375
2.77540000239,-0.0125
2.77560000239,-0.028125
2.77580000239,-0.028125
2.77600000239,-0.028125
2.77620000239,-0.04375
2.77640000239,-0.0125
2.77660000239,-0.028125
2.77680000239,-0.028125
2.77700000239,-0.04375
2.77720000239,-0.04375
2.77740000239,-0.028125
2.77760000239,-0.04375
2.77780000239,-0.028125
2.77800000239,-0.028125
2.77820000239,-0.04375
2.77840000239,-0.04375
2.77860000239,-0.028125
2.77880000239,-0.04375
2.77900000239,-0.04375
2.77920000239,-0.028125
2.77940000239,-0.028125
2.77960000239,-0.028125
2.77980000239,-0.028125
2.78000000239,-0.028125
2.78020000239,-0.028125
2.78040000239,-0.028125
2.78060000239,-0.028125
2.78080000239,-0.04375
2.78100000239,-0.04375
2.78120000239,-0.04375
2.78140000239,-0.028125
2.78160000239,-0.028125
2.78180000239,-0.028125
2.78200000239,-0.04375
2.78220000239,-0.028125
2.78240000239,-0.028125
2.78260000239,-0.04375
2.78280000239,-0.04375
2.78300000239,-0.04375
2.78320000239,-0.028125
2.78340000239,-0.04375
2.78360000239,-0.028125
2.78380000239,-0.028125
2.78400000239,-0.028125
2.78420000239,-0.028125
2.78440000239,-0.028125
2.78460000239,-0.028125
2.78480000239,-0.028125
2.78500000239,-0.028125
2.78520000239,-0.04375
2.78540000239,-0.028125
2.78560000239,-0.04375
2.78580000239,-0.028125
2.78600000239,-0.028125
2.78620000239,-0.028125
2.78640000239,-0.028125
2.78660000239,-0.0125
2.78680000239,-0.028125
2.78700000239,-0.028125
2.78720000239,-0.04375
2.78740000239,-0.028125
2.78760000239,-0.0125
2.78780000239,-0.028125
2.78800000239,-0.028125
2.78820000239,-0.028125
2.78840000239,-0.028125
2.78860000239,-0.04375
2.78880000239,-0.028125
2.78900000239,-0.028125
2.78920000239,-0.028125
2.78940000239,-0.028125
2.78960000239,-0.028125
2.78980000239,-0.028125
2.79000000239,-0.028125
2.79020000239,-0.04375
2.79040000239,-0.028125
2.79060000239,-0.04375
2.79080000239,-0.04375
2.79100000239,-0.028125
2.79120000239,-0.04375
2.79140000239,-0.0125
2.79160000239,-0.028125
2.79180000239,-0.028125
2.79200000239,-0.028125
2.79220000239,-0.04375
2.79240000239,-0.04375
2.79260000239,-0.04375
2.79280000239,-0.028125
2.79300000239,-0.028125
2.79320000239,-0.04375
2.79340000239,-0.028125
2.79360000239,-0.0125
2.79380000239,-0.028125
2.79400000239,-0.04375
2.79420000239,-0.028125
2.79440000239,-0.028125
2.79460000239,-0.028125
2.79480000239,-0.028125
2.79500000239,-0.028125
2.79520000239,-0.028125
2.79540000239,-0.028125
2.79560000239,-0.028125
2.79580000239,-0.028125
2.79600000239,-0.04375
2.79620000239,-0.028125
2.79640000239,-0.028125
2.79660000239,-0.028125
2.79680000239,-0.028125
2.79700000239,-0.028125
2.79720000239,-0.04375
2.79740000239,-0.04375
2.79760000239,-0.028125
2.79780000239,-0.04375
2.79800000239,-0.028125
2.79820000239,-0.028125
2.79840000239,-0.028125
2.79860000239,-0.028125
2.79880000239,-0.04375
2.79900000239,-0.028125
2.79920000239,-0.04375
2.79940000239,-0.04375
2.79960000239,-0.04375
2.79980000239,-0.028125
2.80000000239,-0.028125
2.80020000239,-0.028125
2.80040000239,-0.028125
2.80060000239,-0.028125
2.80080000239,-0.04375
2.80100000239,-0.028125
2.80120000239,-0.028125
2.80140000239,-0.028125
2.80160000239,-0.028125
2.80180000239,-0.028125
2.80200000239,-0.028125
2.80220000239,-0.04375
2.80240000239,-0.028125
2.80260000239,-0.04375
2.80280000239,-0.028125
2.80300000239,-0.028125
2.80320000239,-0.04375
2.80340000239,-0.028125
2.80360000239,-0.028125
2.80380000239,-0.04375
2.80400000239,-0.0125
2.80420000239,-0.04375
2.80440000239,-0.028125
2.80460000239,-0.028125
2.80480000239,-0.059375
2.80500000239,-0.04375
2.80520000239,-0.04375
2.80540000239,-0.028125
2.80560000239,-0.028125
2.80580000239,-0.028125
2.80600000239,-0.04375
2.80620000239,-0.028125
2.80640000239,-0.028125
2.80660000239,-0.028125
2.80680000239,-0.028125
2.80700000239,-0.028125
2.80720000239,-0.028125
2.80740000239,-0.028125
2.80760000239,-0.028125
2.80780000239,-0.028125
2.80800000239,-0.028125
2.80820000239,-0.04375
2.80840000239,-0.04375
2.80860000239,-0.028125
2.80880000239,-0.04375
2.80900000239,-0.028125
2.80920000239,-0.0125
2.80940000239,-0.028125
2.80960000239,-0.028125
2.80980000239,-0.04375
2.81000000239,-0.04375
2.81020000239,-0.028125
2.81040000239,-0.059375
2.81060000239,-0.04375
2.81080000239,-0.04375
2.81100000239,-0.04375
2.81120000239,-0.028125
2.81140000239,-0.028125
2.81160000239,-0.028125
2.81180000239,-0.04375
2.81200000239,-0.04375
2.81220000239,-0.028125
2.81240000239,-0.028125
2.81260000239,-0.028125
2.81280000239,-0.028125
2.81300000239,-0.04375
2.81320000239,-0.028125
2.81340000239,-0.028125
2.81360000239,-0.04375
2.81380000239,-0.028125
2.81400000239,-0.028125
2.81420000239,-0.04375
2.81440000239,-0.028125
2.81460000239,-0.04375
2.81480000239,-0.0125
2.81500000239,-0.028125
2.81520000239,-0.028125
2.81540000239,-0.028125
2.81560000239,-0.028125
2.81580000239,-0.04375
2.81600000239,-0.028125
2.81620000239,-0.028125
2.81640000239,-0.04375
2.81660000239,-0.028125
2.81680000239,-0.0125
2.81700000239,-0.028125
2.81720000239,-0.028125
2.81740000239,-0.028125
2.81760000239,-0.04375
2.81780000239,-0.028125
2.81800000239,-0.04375
2.81820000239,-0.04375
2.81840000239,-0.028125
2.81860000239,-0.04375
2.81880000239,-0.028125
2.81900000239,-0.028125
2.81920000239,-0.028125
2.81940000239,-0.028125
2.81960000239,-0.028125
2.81980000239,-0.028125
2.82000000239,-0.028125
2.82020000239,-0.04375
2.82040000239,-0.028125
2.82060000239,-0.028125
2.82080000239,-0.028125
2.82100000239,-0.04375
2.82120000239,-0.028125
2.82140000239,-0.028125
2.82160000239,-0.028125
2.82180000239,-0.04375
2.82200000239,-0.0125
2.82220000239,-0.028125
2.82240000239,-0.028125
2.82260000239,-0.028125
2.82280000239,-0.04375
2.82300000239,-0.0125
2.82320000239,-0.04375
2.82340000239,-0.028125
2.82360000239,-0.028125
2.82380000239,-0.028125
2.82400000239,-0.028125
2.82420000239,-0.04375
2.82440000239,-0.0125
2.82460000239,-0.04375
2.82480000239,-0.0125
2.82500000239,-0.04375
2.82520000239,-0.04375
2.82540000239,-0.028125
2.82560000239,-0.04375
2.82580000239,-0.028125
2.82600000239,-0.04375
2.82620000239,-0.028125
2.82640000239,-0.04375
2.82660000239,-0.028125
2.82680000239,-0.04375
2.82700000239,-0.04375
2.82720000239,-0.028125
2.82740000239,-0.028125
2.82760000239,-0.028125
2.82780000239,-0.04375
2.82800000239,-0.04375
2.82820000239,-0.04375
2.82840000239,-0.028125
2.82860000239,-0.028125
2.82880000239,-0.028125
2.82900000239,-0.028125
2.82920000239,-0.028125
2.82940000239,-0.028125
2.82960000239,-0.028125
2.82980000239,-0.028125
2.83000000239,-0.04375
2.83020000239,-0.028125
2.83040000239,-0.028125
2.83060000239,-0.028125
2.83080000239,-0.028125
2.83100000239,-0.028125
2.83120000239,-0.04375
2.83140000239,-0.04375
2.83160000239,-0.028125
2.83180000239,-0.04375
2.83200000239,-0.04375
2.83220000239,-0.028125
2.83240000239,-0.028125
2.83260000239,-0.028125
2.83280000239,-0.04375
2.83300000239,-0.028125
2.83320000239,-0.0125
2.83340000239,-0.04375
2.83360000239,-0.028125
2.83380000239,-0.028125
2.83400000239,-0.028125
2.83420000239,-0.028125
2.83440000239,-0.028125
2.83460000239,-0.028125
2.83480000239,-0.028125
2.83500000239,-0.028125
2.83520000239,-0.028125
2.83540000239,-0.04375
2.83560000239,-0.04375
2.83580000239,-0.028125
2.83600000239,-0.04375
2.83620000239,-0.028125
2.83640000239,-0.028125
2.83660000239,-0.04375
2.83680000239,-0.028125
2.83700000239,-0.028125
2.83720000239,-0.028125
2.83740000239,-0.028125
2.83760000239,-0.0125
2.83780000239,-0.04375
2.83800000239,-0.028125
2.83820000239,-0.0125
2.83840000239,-0.028125
2.83860000239,-0.04375
2.83880000239,-0.04375
2.83900000239,-0.028125
2.83920000239,-0.028125
2.83940000239,-0.028125
2.83960000239,-0.0125
2.83980000239,-0.059375
2.84000000239,-0.04375
2.84020000239,-0.04375
2.84040000239,-0.028125
2.84060000239,-0.028125
2.84080000239,-0.028125
2.84100000239,-0.0125
2.84120000239,-0.04375
2.84140000239,-0.028125
2.84160000239,-0.028125
2.84180000239,-0.0125
2.84200000239,-0.04375
2.84220000239,-0.028125
2.84240000239,-0.028125
2.84260000239,-0.04375
2.84280000239,-0.028125
2.84300000239,-0.04375
2.84320000239,-0.028125
2.84340000239,-0.028125
2.84360000239,-0.059375
2.84380000239,-0.028125
2.84400000239,-0.028125
2.84420000239,-0.04375
2.84440000239,-0.04375
2.84460000239,-0.028125
2.84480000239,-0.028125
2.84500000239,-0.04375
2.84520000239,-0.028125
2.84540000239,-0.028125
2.84560000239,-0.04375
2.84580000239,-0.028125
2.84600000239,-0.028125
2.84620000239,-0.04375
2.84640000239,-0.028125
2.84660000239,-0.04375
2.84680000239,-0.04375
2.84700000239,-0.028125
2.84720000239,-0.028125
2.84740000239,-0.04375
2.84760000239,-0.028125
2.84780000239,-0.04375
2.84800000239,-0.04375
2.84820000239,-0.04375
2.84840000239,-0.028125
2.84860000239,-0.04375
2.84880000239,-0.04375
2.84900000239,-0.04375
2.84920000239,-0.028125
2.84940000239,-0.028125
2.84960000239,-0.04375
2.84980000239,-0.04375
2.85000000239,-0.04375
2.85020000239,-0.028125
2.85040000239,-0.028125
2.85060000239,-0.028125
2.85080000239,-0.04375
2.85100000239,-0.028125
2.85120000239,-0.04375
2.85140000239,-0.028125
2.85160000239,-0.028125
2.85180000239,-0.028125
2.85200000239,-0.04375
2.85220000239,-0.04375
2.85240000239,-0.04375
2.85260000239,-0.028125
2.85280000239,-0.028125
2.85300000239,-0.04375
2.85320000239,-0.028125
2.85340000239,-0.04375
2.85360000239,-0.04375
2.85380000239,-0.028125
2.85400000239,-0.028125
2.85420000239,-0.028125
2.85440000239,-0.04375
2.85460000239,-0.028125
2.85480000239,-0.028125
2.85500000239,-0.028125
2.85520000239,-0.04375
2.85540000239,-0.028125
2.85560000239,-0.028125
2.85580000239,-0.028125
2.85600000239,-0.028125
2.85620000239,-0.04375
2.85640000239,-0.028125
2.85660000239,-0.028125
2.85680000239,-0.028125
2.85700000239,-0.0125
2.85720000239,-0.028125
2.85740000239,-0.04375
2.85760000239,-0.04375
2.85780000239,-0.04375
2.85800000239,-0.028125
2.85820000239,-0.028125
2.85840000239,-0.04375
2.85860000239,-0.028125
2.85880000239,-0.028125
2.85900000239,-0.028125
2.85920000239,-0.04375
2.85940000239,-0.028125
2.85960000239,-0.028125
2.85980000239,-0.04375
2.86000000239,-0.0125
2.86020000239,-0.028125
2.86040000239,-0.028125
2.86060000239,-0.028125
2.86080000239,-0.028125
2.86100000239,-0.04375
2.86120000239,-0.028125
2.86140000239,-0.028125
2.86160000239,-0.04375
2.86180000239,-0.028125
2.86200000239,-0.028125
2.86220000239,-0.028125
2.86240000239,-0.0125
2.86260000239,-0.028125
2.86280000239,-0.028125
2.86300000239,-0.028125
2.86320000239,-0.028125
2.86340000239,-0.028125
2.86360000239,-0.04375
2.86380000239,-0.04375
2.86400000239,-0.04375
2.86420000239,-0.028125
2.86440000239,-0.028125
2.86460000239,-0.028125
2.86480000239,-0.028125
2.86500000239,-0.04375
2.86520000239,-0.04375
2.86540000239,-0.028125
2.86560000239,-0.04375
2.86580000239,-0.028125
2.86600000239,-0.028125
2.86620000239,-0.04375
2.86640000239,-0.028125
2.86660000239,-0.04375
2.86680000239,-0.028125
2.86700000239,-0.028125
2.86720000239,-0.028125
2.86740000239,-0.0125
2.86760000239,-0.028125
2.86780000239,-0.028125
2.86800000239,-0.028125
2.86820000239,-0.04375
2.86840000239,-0.04375
2.86860000239,-0.028125
2.86880000239,-0.04375
2.86900000239,-0.04375
2.86920000239,-0.04375
2.86940000239,-0.028125
2.86960000239,-0.0125
2.86980000239,-0.028125
2.87000000239,-0.0125
2.87020000239,-0.028125
2.87040000239,-0.028125
2.87060000239,-0.04375
2.87080000239,-0.028125
2.87100000239,-0.028125
2.87120000239,-0.0125
2.87140000239,-0.028125
2.87160000239,-0.0125
2.87180000239,-0.028125
2.87200000239,-0.028125
2.87220000239,-0.028125
2.87240000239,-0.028125
2.87260000239,-0.04375
2.87280000239,-0.028125
2.87300000239,-0.028125
2.87320000239,-0.028125
2.87340000239,-0.04375
2.87360000239,-0.028125
2.87380000239,-0.028125
2.87400000239,-0.04375
2.87420000239,-0.028125
2.87440000239,-0.04375
2.87460000239,-0.04375
2.87480000239,-0.028125
2.87500000239,-0.028125
2.87520000239,-0.0125
2.87540000239,-0.028125
2.87560000239,-0.04375
2.87580000239,-0.028125
2.87600000239,-0.0125
2.87620000239,-0.04375
2.87640000239,-0.028125
2.87660000239,-0.028125
2.87680000239,-0.028125
2.87700000239,-0.04375
2.87720000239,-0.04375
2.87740000239,-0.04375
2.87760000239,-0.028125
2.87780000239,-0.04375
2.87800000239,-0.04375
2.87820000239,-0.0125
2.87840000239,-0.04375
2.87860000239,-0.028125
2.87880000239,-0.028125
2.87900000239,-0.028125
2.87920000239,-0.028125
2.87940000239,-0.028125
2.87960000239,-0.028125
2.87980000239,-0.04375
2.88000000239,-0.028125
2.88020000239,-0.028125
2.88040000239,-0.028125
2.88060000239,-0.04375
2.88080000239,-0.028125
2.88100000239,-0.028125
2.88120000239,-0.0125
2.88140000239,-0.028125
2.88160000239,-0.028125
2.88180000239,-0.028125
2.88200000239,-0.028125
2.88220000239,-0.04375
2.88240000239,-0.0125
2.88260000239,-0.028125
2.88280000239,-0.04375
2.88300000239,-0.028125
2.88320000239,-0.028125
2.88340000239,-0.04375
2.88360000239,-0.028125
2.88380000239,-0.028125
2.88400000239,-0.04375
2.88420000239,-0.028125
2.88440000239,-0.028125
2.88460000239,-0.04375
2.88480000239,-0.028125
2.88500000239,-0.028125
2.88520000239,-0.028125
2.88540000239,-0.04375
2.88560000239,-0.028125
2.88580000239,-0.04375
2.88600000239,-0.04375
2.88620000239,-0.028125
2.88640000239,-0.028125
2.88660000239,-0.028125
2.88680000239,-0.04375
2.88700000239,-0.028125
2.88720000239,-0.04375
2.88740000239,-0.04375
2.88760000239,-0.028125
2.88780000239,-0.04375
2.88800000239,-0.028125
2.88820000239,-0.028125
2.88840000239,-0.028125
2.88860000239,-0.04375
2.88880000239,-0.028125
2.88900000239,-0.028125
2.88920000239,-0.028125
2.88940000239,-0.028125
2.88960000239,-0.028125
2.88980000239,-0.028125
2.89000000239,-0.04375
2.89020000239,-0.04375
2.89040000239,-0.028125
2.89060000239,-0.028125
2.89080000239,-0.04375
2.89100000239,-0.04375
2.89120000239,-0.04375
2.89140000239,-0.028125
2.89160000239,-0.028125
2.89180000239,-0.04375
2.89200000239,-0.028125
2.89220000239,-0.028125
2.89240000239,-0.04375
2.89260000239,-0.028125
2.89280000239,-0.028125
2.89300000239,-0.04375
2.89320000239,-0.04375
2.89340000239,-0.028125
2.89360000239,-0.04375
2.89380000239,-0.028125
2.89400000239,-0.028125
2.89420000239,-0.04375
2.89440000239,-0.04375
2.89460000239,-0.028125
2.89480000239,-0.028125
2.89500000239,-0.028125
2.89520000239,-0.028125
2.89540000239,-0.0125
2.89560000239,-0.04375
2.89580000239,-0.028125
2.89600000239,-0.028125
2.89620000239,-0.028125
2.89640000239,-0.028125
2.89660000239,-0.04375
2.89680000239,-0.04375
2.89700000239,-0.04375
2.89720000239,-0.0125
2.89740000239,-0.028125
2.89760000239,-0.028125
2.89780000239,-0.028125
2.89800000239,-0.028125
2.89820000239,-0.0125
2.89840000239,-0.04375
2.89860000239,-0.028125
2.89880000239,-0.028125
2.89900000239,-0.028125
2.89920000239,-0.028125
2.89940000239,-0.028125
2.89960000239,-0.028125
2.89980000239,-0.028125
2.90000000239,-0.028125
2.90020000239,-0.028125
2.90040000239,-0.028125
2.90060000239,-0.04375
2.90080000239,-0.028125
2.90100000239,-0.04375
2.90120000239,-0.04375
2.90140000239,-0.028125
2.90160000239,-0.04375
2.90180000239,-0.028125
2.90200000239,-0.028125
2.90220000239,-0.04375
2.90240000239,-0.04375
2.90260000239,-0.04375
2.90280000239,-0.028125
2.90300000239,-0.04375
2.90320000239,-0.028125
2.90340000239,-0.028125
2.90360000239,-0.04375
2.90380000239,-0.028125
2.90400000239,-0.028125
2.90420000239,-0.04375
2.90440000239,-0.028125
2.90460000239,-0.028125
2.90480000239,-0.028125
2.90500000239,-0.028125
2.90520000239,-0.028125
2.90540000239,-0.028125
2.90560000239,-0.028125
2.90580000239,-0.0125
2.90600000239,-0.028125
2.90620000239,-0.028125
2.90640000239,-0.028125
2.90660000239,-0.04375
2.90680000239,-0.028125
2.90700000239,-0.028125
2.90720000239,-0.028125
2.90740000239,-0.028125
2.90760000239,-0.04375
2.90780000239,-0.028125
2.90800000239,-0.04375
2.90820000239,-0.04375
2.90840000239,-0.028125
2.90860000239,-0.04375
2.90880000239,-0.028125
2.90900000239,-0.04375
2.90920000239,-0.04375
2.90940000239,-0.028125
2.90960000239,-0.0125
2.90980000239,-0.028125
2.91000000239,-0.028125
2.91020000239,-0.028125
2.91040000239,-0.028125
2.91060000239,-0.0125
2.91080000239,-0.04375
2.91100000239,-0.028125
2.91120000239,-0.028125
2.91140000239,-0.028125
2.91160000239,-0.028125
2.91180000239,-0.028125
2.91200000239,-0.028125
2.91220000239,-0.04375
2.91240000239,-0.04375
2.91260000239,-0.04375
2.91280000239,-0.028125
2.91300000239,-0.028125
2.91320000239,-0.028125
2.91340000239,-0.04375
2.91360000239,-0.028125
2.91380000239,-0.04375
2.91400000239,-0.04375
2.91420000239,-0.028125
2.91440000239,-0.04375
2.91460000239,-0.028125
2.91480000239,-0.028125
2.91500000239,-0.028125
2.91520000239,-0.028125
2.91540000239,-0.028125
2.91560000239,-0.028125
2.91580000239,-0.028125
2.91600000239,-0.04375
2.91620000239,-0.028125
2.91640000239,-0.028125
2.91660000239,-0.04375
2.91680000239,-0.04375
2.91700000239,-0.0125
2.91720000239,-0.0125
2.91740000239,-0.028125
2.91760000239,-0.028125
2.91780000239,-0.028125
2.91800000239,-0.028125
2.91820000239,-0.028125
2.91840000239,-0.028125
2.91860000239,-0.028125
2.91880000239,-0.028125
2.91900000239,-0.028125
2.91920000239,-0.028125
2.91940000239,-0.04375
2.91960000239,-0.0125
2.91980000239,-0.04375
2.92000000239,-0.04375
2.92020000239,-0.028125
2.92040000239,-0.04375
2.92060000239,-0.04375
2.92080000239,-0.028125
2.92100000239,-0.028125
2.92120000239,-0.04375
2.92140000239,-0.028125
2.92160000239,-0.028125
2.92180000239,-0.028125
2.92200000239,-0.028125
2.92220000239,-0.0125
2.92240000239,-0.04375
2.92260000239,-0.028125
2.92280000239,-0.04375
2.92300000239,-0.028125
2.92320000239,-0.0125
2.92340000239,-0.028125
2.92360000239,-0.028125
2.92380000239,-0.028125
2.92400000239,-0.0125
2.92420000239,-0.028125
2.92440000239,-0.04375
2.92460000239,-0.028125
2.92480000239,-0.028125
2.92500000239,-0.04375
2.92520000239,-0.028125
2.92540000239,-0.028125
2.92560000239,-0.028125
2.92580000239,-0.04375
2.92600000239,-0.028125
2.92620000239,-0.028125
2.92640000239,-0.028125
2.92660000239,-0.028125
2.92680000239,-0.04375
2.92700000239,-0.028125
2.92720000239,-0.028125
2.92740000239,-0.028125
2.92760000239,-0.028125
2.92780000239,-0.028125
2.92800000239,-0.028125
2.92820000239,-0.028125
2.92840000239,-0.028125
2.92860000239,-0.028125
2.92880000239,-0.028125
2.92900000239,-0.028125
2.92920000239,-0.028125
2.92940000239,-0.028125
2.92960000239,-0.028125
2.92980000239,-0.0125
2.93000000239,-0.028125
2.93020000239,-0.028125
2.93040000239,-0.028125
2.93060000239,-0.028125
2.93080000239,-0.028125
2.93100000239,-0.028125
2.93120000239,-0.028125
2.93140000239,-0.028125
2.93160000239,-0.028125
2.93180000239,-0.028125
2.93200000239,-0.028125
2.93220000239,-0.028125
2.93240000239,-0.04375
2.93260000239,-0.028125
2.93280000239,-0.028125
2.93300000239,-0.028125
2.93320000239,-0.028125
2.93340000239,-0.04375
2.93360000239,-0.028125
2.93380000239,-0.028125
2.93400000239,-0.028125
2.93420000239,-0.028125
2.93440000239,-0.0125
2.93460000239,-0.028125
2.93480000239,-0.04375
2.93500000239,-0.0125
2.93520000239,-0.04375
2.93540000239,-0.04375
2.93560000239,-0.04375
2.93580000239,-0.028125
2.93600000239,-0.028125
2.93620000239,-0.028125
2.93640000239,-0.028125
2.93660000239,-0.028125
2.93680000239,-0.028125
2.93700000239,-0.0125
2.93720000239,-0.04375
2.93740000239,-0.028125
2.93760000239,-0.028125
2.93780000239,-0.04375
2.93800000239,-0.028125
2.93820000239,-0.04375
2.93840000239,-0.028125
2.93860000239,-0.028125
2.93880000239,-0.028125
2.93900000239,-0.028125
2.93920000239,-0.028125
2.93940000239,-0.028125
2.93960000239,-0.0125
2.93980000239,-0.04375
2.94000000239,-0.0125
2.94020000239,-0.028125
2.94040000239,-0.028125
2.94060000239,-0.0125
2.94080000239,-0.028125
2.94100000239,-0.0125
2.94120000239,-0.028125
2.94140000239,-0.028125
2.94160000239,-0.028125
2.94180000239,-0.04375
2.94200000239,-0.0125
2.94220000239,-0.04375
2.94240000239,-0.0125
2.94260000239,-0.028125
2.94280000239,-0.028125
2.94300000239,-0.0125
2.94320000239,-0.028125
2.94340000239,-0.028125
2.94360000239,-0.028125
2.94380000239,-0.028125
2.94400000239,-0.0125
2.94420000239,-0.0125
2.94440000239,-0.04375
2.94460000239,-0.028125
2.94480000239,-0.028125
2.94500000239,-0.028125
2.94520000239,-0.04375
2.94540000239,-0.028125
2.94560000239,-0.028125
2.94580000239,-0.028125
2.94600000239,-0.028125
2.94620000239,-0.028125
2.94640000239,-0.028125
2.94660000239,-0.028125
2.94680000239,-0.04375
2.94700000239,-0.028125
2.94720000239,-0.028125
2.94740000239,-0.04375
2.94760000239,-0.028125
2.94780000239,-0.028125
2.94800000239,-0.028125
2.94820000239,-0.028125
2.94840000239,-0.04375
2.94860000239,-0.028125
2.94880000239,-0.04375
2.94900000239,-0.0125
2.94920000239,-0.0125
2.94940000239,-0.0125
2.94960000239,-0.04375
2.94980000239,-0.04375
2.95000000239,-0.028125
2.95020000239,-0.04375
2.95040000239,-0.04375
2.95060000239,-0.028125
2.95080000239,-0.04375
2.95100000239,-0.028125
2.95120000239,-0.028125
2.95140000239,-0.028125
2.95160000239,-0.04375
2.95180000239,-0.028125
2.95200000239,-0.028125
2.95220000239,-0.028125
2.95240000239,-0.0125
2.95260000239,-0.028125
2.95280000239,-0.028125
2.95300000239,-0.028125
2.95320000239,-0.0125
2.95340000239,-0.028125
2.95360000239,-0.028125
2.95380000239,-0.028125
2.95400000239,-0.028125
2.95420000239,-0.028125
2.95440000239,-0.04375
2.95460000239,-0.028125
2.95480000239,-0.04375
2.95500000239,-0.0125
2.95520000239,-0.0125
2.95540000239,-0.04375
2.95560000239,-0.028125
2.95580000239,-0.028125
2.95600000239,-0.0125
2.95620000239,-0.028125
2.95640000239,-0.028125
2.95660000239,-0.04375
2.95680000239,-0.028125
2.95700000239,-0.028125
2.95720000239,-0.028125
2.95740000239,-0.0125
2.95760000239,-0.0125
2.95780000239,-0.0125
2.95800000239,-0.0125
2.95820000239,-0.0125
2.95840000239,-0.028125
2.95860000239,-0.028125
2.95880000239,-0.028125
2.95900000239,-0.028125
2.95920000239,-0.028125
2.95940000239,-0.04375
2.95960000239,-0.028125
2.95980000239,-0.0125
2.96000000239,-0.0125
2.96020000239,-0.04375
2.96040000239,-0.028125
2.96060000239,-0.028125
2.96080000239,-0.028125
2.96100000239,-0.028125
2.96120000239,-0.0125
2.96140000239,-0.028125
2.96160000239,-0.028125
2.96180000239,-0.04375
2.96200000239,-0.028125
2.96220000239,-0.0125
2.96240000239,-0.04375
2.96260000239,-0.0125
2.96280000239,-0.04375
2.96300000239,-0.028125
2.96320000239,-0.028125
2.96340000239,-0.028125
2.96360000239,-0.028125
2.96380000239,-0.04375
2.96400000239,-0.0125
2.96420000239,-0.028125
2.96440000239,-0.028125
2.96460000239,-0.04375
2.96480000239,-0.028125
2.96500000239,-0.0125
2.96520000239,-0.0125
2.96540000239,-0.0125
2.96560000239,-0.04375
2.96580000239,-0.028125
2.96600000239,-0.04375
2.96620000239,-0.028125
2.96640000239,-0.028125
2.96660000239,-0.028125
2.96680000239,-0.028125
2.96700000239,-0.0125
2.96720000239,-0.028125
2.96740000239,-0.0125
2.96760000239,-0.028125
2.96780000239,-0.04375
2.96800000239,-0.028125
2.96820000239,-0.0125
2.96840000239,-0.028125
2.96860000239,-0.059375
2.96880000239,-0.04375
2.96900000239,-0.028125
2.96920000239,-0.0125
2.96940000239,-0.028125
2.96960000239,-0.028125
2.96980000239,-0.028125
2.97000000239,-0.04375
2.97020000239,-0.0125
2.97040000239,-0.0125
2.97060000239,-0.04375
2.97080000239,-0.028125
2.97100000239,-0.028125
2.97120000239,-0.0125
2.97140000239,-0.028125
2.97160000239,-0.028125
2.97180000239,-0.028125
2.97200000239,-0.0125
2.97220000239,-0.028125
2.97240000239,-0.028125
2.97260000239,-0.028125
2.97280000239,-0.028125
2.97300000239,-0.028125
2.97320000239,-0.028125
2.97340000239,-0.028125
2.97360000239,-0.0125
2.97380000239,-0.04375
2.97400000239,-0.0125
2.97420000239,-0.028125
2.97440000239,-0.04375
2.97460000239,-0.028125
2.97480000239,-0.0125
2.97500000239,-0.028125
2.97520000239,-0.028125
2.97540000239,-0.028125
2.97560000239,-0.04375
2.97580000239,-0.0125
2.97600000239,-0.0125
2.97620000239,-0.04375
2.97640000239,-0.028125
2.97660000239,-0.0125
2.97680000239,-0.028125
2.97700000239,-0.028125
2.97720000239,-0.028125
2.97740000239,-0.0125
2.97760000239,-0.028125
2.97780000239,-0.028125
2.97800000239,-0.028125
2.97820000239,-0.04375
2.97840000239,-0.028125
2.97860000239,-0.04375
2.97880000239,-0.028125
2.97900000239,-0.028125
2.97920000239,-0.0125
2.97940000239,-0.028125
2.97960000239,-0.028125
2.97980000239,-0.028125
2.98000000239,-0.028125
2.98020000239,-0.0125
2.98040000239,-0.028125
2.98060000239,-0.0125
2.98080000239,-0.028125
2.98100000239,-0.04375
2.98120000239,-0.028125
2.98140000239,-0.028125
2.98160000239,-0.0125
2.98180000239,-0.0125
2.98200000239,-0.028125
2.98220000239,-0.04375
2.98240000239,-0.028125
2.98260000239,-0.028125
2.98280000239,-0.028125
2.98300000239,-0.028125
2.98320000239,-0.028125
2.98340000239,-0.028125
2.98360000239,-0.028125
2.98380000239,-0.0125
2.98400000239,-0.028125
2.98420000239,-0.0125
2.98440000239,-0.028125
2.98460000239,-0.04375
2.98480000239,-0.028125
2.98500000239,-0.028125
2.98520000239,-0.028125
2.98540000239,-0.028125
2.98560000239,-0.028125
2.98580000239,-0.0125
2.98600000239,-0.028125
2.98620000239,-0.028125
2.98640000239,-0.028125
2.98660000239,-0.028125
2.98680000239,-0.028125
2.98700000239,-0.0125
2.98720000239,-0.0125
2.98740000239,-0.028125
2.98760000239,-0.0125
2.98780000239,-0.04375
2.98800000239,-0.028125
2.98820000239,-0.0125
2.98840000239,-0.028125
2.98860000239,-0.0125
2.98880000239,-0.028125
2.98900000239,-0.028125
2.98920000239,-0.0125
2.98940000239,-0.0125
2.98960000239,-0.028125
2.98980000239,-0.028125
2.99000000239,-0.028125
2.99020000239,-0.04375
2.99040000239,-0.028125
2.99060000239,-0.028125
2.99080000239,-0.028125
2.99100000239,-0.028125
2.99120000239,-0.028125
2.99140000239,-0.028125
2.99160000239,-0.028125
2.99180000239,-0.028125
2.99200000239,-0.028125
2.99220000239,-0.0125
2.99240000239,-0.028125
2.99260000239,-0.028125
2.99280000239,-0.0125
2.99300000239,-0.028125
2.99320000239,-0.028125
2.99340000239,-0.028125
2.99360000239,-0.04375
2.99380000239,-0.0125
2.99400000239,-0.028125
2.99420000239,-0.028125
2.99440000239,-0.028125
2.99460000239,-0.0125
2.99480000239,-0.0125
2.99500000239,-0.028125
2.99520000239,-0.0125
2.99540000239,-0.028125
2.99560000239,-0.028125
2.99580000239,-0.028125
2.99600000239,-0.0125
2.99620000239,-0.028125
2.99640000239,-0.028125
2.99660000239,-0.028125
2.99680000239,-0.028125
2.99700000239,-0.028125
2.99720000239,-0.028125
2.99740000239,-0.028125
2.99760000239,-0.028125
2.99780000239,-0.028125
2.99800000239,-0.028125
2.99820000239,-0.028125
2.99840000239,-0.0125
2.99860000239,-0.028125
2.99880000239,-0.028125
2.99900000239,-0.0125
2.99920000239,-0.0125
2.99940000239,-0.0125
2.99960000239,-0.028125
2.99980000239,-0.0125
3.00000000239,-0.028125
3.00020000239,-0.0125
3.00040000239,-0.028125
3.00060000239,-0.0125
3.00080000239,-0.028125
3.00100000239,-0.028125
3.00120000239,-0.028125
3.00140000239,-0.04375
3.00160000239,-0.028125
3.00180000239,-0.028125
3.00200000239,-0.0125
3.00220000239,-0.028125
3.00240000239,-0.028125
3.00260000239,-0.028125
3.00280000239,-0.04375
3.00300000239,-0.028125
3.00320000239,-0.028125
3.00340000239,-0.0125
3.00360000239,-0.04375
3.00380000239,-0.028125
3.00400000239,-0.028125
3.00420000239,-0.0125
3.00440000239,-0.028125
3.00460000239,-0.028125
3.00480000239,-0.0125
3.00500000239,-0.028125
3.00520000239,-0.028125
3.00540000239,-0.028125
3.00560000239,-0.028125
3.00580000239,-0.028125
3.00600000239,-0.028125
3.00620000239,-0.028125
3.00640000239,-0.028125
3.00660000239,-0.0125
3.00680000239,-0.028125
3.00700000239,-0.028125
3.00720000239,-0.0125
3.00740000239,-0.028125
3.00760000239,-0.028125
3.00780000239,-0.028125
3.00800000239,-0.028125
3.00820000239,-0.0125
3.00840000239,-0.028125
3.00860000239,-0.028125
3.00880000239,-0.0125
3.00900000239,-0.028125
3.00920000239,-0.0125
3.00940000239,-0.028125
3.00960000239,-0.0125
3.00980000239,-0.028125
3.01000000239,-0.028125
3.01020000239,-0.028125
3.01040000239,-0.028125
3.01060000239,-0.04375
3.01080000239,-0.028125
3.01100000239,-0.028125
3.01120000239,-0.028125
3.01140000239,-0.028125
3.01160000239,-0.028125
3.01180000239,-0.028125
3.01200000239,-0.028125
3.01220000239,-0.028125
3.01240000239,-0.028125
3.01260000239,-0.028125
3.01280000239,-0.0125
3.01300000239,-0.028125
3.01320000239,-0.04375
3.01340000239,-0.028125
3.01360000239,-0.0125
3.01380000239,-0.028125
3.01400000239,-0.028125
3.01420000239,-0.028125
3.01440000239,-0.0125
3.01460000239,-0.028125
3.01480000239,-0.0125
3.01500000239,-0.028125
3.01520000239,-0.028125
3.01540000239,-0.0125
3.01560000239,-0.028125
3.01580000239,-0.028125
3.01600000239,-0.0125
3.01620000239,-0.028125
3.01640000239,-0.0125
3.01660000239,-0.0125
3.01680000239,-0.0125
3.01700000239,-0.028125
3.01720000239,-0.028125
3.01740000239,-0.0125
3.01760000239,-0.028125
3.01780000239,-0.0125
3.01800000239,-0.028125
3.01820000239,-0.028125
3.01840000239,-0.028125
3.01860000239,-0.0125
3.01880000239,-0.028125
3.01900000239,-0.0125
3.01920000239,-0.0125
3.01940000239,-0.0125
3.01960000239,-0.0125
3.01980000239,-0.028125
3.02000000239,-0.028125
3.02020000239,-0.028125
3.02040000239,-0.0125
3.02060000239,-0.0125
3.02080000239,-0.028125
3.02100000239,-0.028125
3.02120000239,-0.028125
3.02140000239,-0.0125
3.02160000239,-0.0125
3.02180000239,-0.028125
3.02200000239,-0.028125
3.02220000239,-0.028125
3.02240000239,-0.04375
3.02260000239,-0.0125
3.02280000239,-0.028125
3.02300000239,-0.028125
3.02320000239,-0.0125
3.02340000239,-0.028125
3.02360000239,-0.028125
3.02380000239,-0.028125
3.02400000239,-0.028125
3.02420000239,-0.028125
3.02440000239,-0.028125
3.02460000239,-0.028125
3.02480000239,-0.028125
3.02500000239,-0.028125
3.02520000239,-0.028125
3.02540000239,-0.0125
3.02560000239,-0.028125
3.02580000239,-0.0125
3.02600000239,-0.0125
3.02620000239,-0.0125
3.02640000239,-0.0125
3.02660000239,-0.0125
3.02680000239,-0.0125
3.02700000239,-0.028125
3.02720000239,-0.028125
3.02740000239,-0.028125
3.02760000239,-0.0125
3.02780000239,-0.028125
3.02800000239,-0.028125
3.02820000239,-0.0125
3.02840000239,-0.028125
3.02860000239,-0.028125
3.02880000239,-0.028125
3.02900000239,0.00312495
3.02920000239,-0.028125
3.02940000239,0.00312495
3.02960000239,-0.028125
3.02980000239,-0.0125
3.03000000239,-0.028125
3.03020000239,-0.0125
3.03040000239,-0.028125
3.03060000239,-0.0125
3.03080000239,-0.0125
3.03100000239,-0.0125
3.03120000239,-0.0125
3.03140000239,-0.0125
3.03160000239,-0.028125
3.03180000239,-0.0125
3.03200000239,-0.028125
3.03220000239,-0.0125
3.03240000239,-0.028125
3.03260000239,-0.0125
3.03280000239,-0.028125
3.03300000239,-0.0125
3.03320000239,-0.0125
3.03340000239,-0.0125
3.03360000239,-0.0125
3.03380000239,-0.0125
3.03400000239,-0.028125
3.03420000239,-0.0125
3.03440000239,-0.0125
3.03460000239,-0.028125
3.03480000239,-0.0125
3.03500000239,-0.028125
3.03520000239,-0.0125
3.03540000239,-0.0125
3.03560000239,-0.028125
3.03580000239,-0.0125
3.03600000239,-0.0125
3.03620000239,-0.028125
3.03640000239,-0.0125
3.03660000239,-0.0125
3.03680000239,-0.028125
3.03700000239,-0.028125
3.03720000239,-0.0125
3.03740000239,-0.028125
3.03760000239,-0.028125
3.03780000239,-0.028125
3.03800000239,-0.0125
3.03820000239,-0.028125
3.03840000239,-0.028125
3.03860000239,-0.028125
3.03880000239,-0.028125
3.03900000239,-0.0125
3.03920000239,-0.028125
3.03940000239,-0.028125
3.03960000239,-0.028125
3.03980000239,-0.028125
3.04000000239,-0.028125
3.04020000239,-0.04375
3.04040000239,-0.0125
3.04060000239,-0.0125
3.04080000239,-0.0125
3.04100000239,-0.0125
3.04120000239,-0.028125
3.04140000239,-0.0125
3.04160000239,-0.028125
3.04180000239,-0.028125
3.04200000239,-0.0125
3.04220000239,-0.0125
3.04240000239,-0.0125
3.04260000239,0.00312495
3.04280000239,0.00312495
3.04300000239,-0.0125
3.04320000239,-0.0125
3.04340000239,0.00312495
3.04360000239,-0.028125
3.04380000239,-0.028125
3.04400000239,-0.028125
3.04420000239,-0.0125
3.04440000239,-0.0125
3.04460000239,-0.0125
3.04480000239,-0.0125
3.04500000239,-0.0125
3.04520000239,-0.0125
3.04540000239,-0.0125
3.04560000239,0.00312495
3.04580000239,-0.028125
3.04600000239,-0.028125
3.04620000239,-0.0125
3.04640000239,-0.0125
3.04660000239,-0.0125
3.04680000239,-0.0125
3.04700000239,-0.028125
3.04720000239,-0.0125
3.04740000239,-0.028125
3.04760000239,-0.0125
3.04780000239,-0.0125
3.04800000239,-0.0125
3.04820000239,-0.028125
3.04840000239,-0.028125
3.04860000239,-0.028125
3.04880000239,-0.0125
3.04900000239,0.00312495
3.04920000239,-0.0125
3.04940000239,-0.028125
3.04960000239,-0.0125
3.04980000239,-0.028125
3.05000000239,-0.028125
3.05020000239,-0.0125
3.05040000239,-0.028125
3.05060000239,-0.0125
3.05080000239,-0.0125
3.05100000239,-0.028125
3.05120000239,-0.0125
3.05140000239,-0.0125
3.05160000239,-0.0125
3.05180000239,-0.0125
3.05200000239,-0.028125
3.05220000239,0.00312495
3.05240000239,-0.028125
3.05260000239,-0.0125
3.05280000239,-0.0125
3.05300000239,-0.0125
3.05320000239,-0.028125
3.05340000239,-0.04375
3.05360000239,-0.028125
3.05380000239,0.00312495
3.05400000239,-0.0125
3.05420000239,-0.0125
3.05440000239,-0.0125
3.05460000239,-0.028125
3.05480000239,-0.0125
3.05500000239,-0.0125
3.05520000239,-0.0125
3.05540000239,0.00312495
3.05560000239,0.00312495
3.05580000239,-0.028125
3.05600000239,-0.0125
3.05620000239,-0.0125
3.05640000239,-0.0125
3.05660000239,-0.0125
3.05680000239,0.00312495
3.05700000239,-0.0125
3.05720000239,-0.0125
3.05740000239,-0.028125
3.05760000239,-0.0125
3.05780000239,-0.0125
3.05800000239,-0.0125
3.05820000239,-0.0125
3.05840000239,-0.028125
3.05860000239,-0.0125
3.05880000239,-0.0125
3.05900000239,-0.0125
3.05920000239,0.00312495
3.05940000239,-0.0125
3.05960000239,-0.0125
3.05980000239,-0.0125
3.06000000239,-0.028125
3.06020000239,-0.028125
3.06040000239,-0.0125
3.06060000239,-0.0125
3.06080000239,-0.0125
3.06100000239,-0.028125
3.06120000239,-0.028125
3.06140000239,0.00312495
3.06160000239,-0.028125
3.06180000239,-0.0125
3.06200000239,0.00312495
3.06220000239,-0.028125
3.06240000239,-0.0125
3.06260000239,-0.0125
3.06280000239,-0.0125
3.06300000239,-0.0125
3.06320000239,-0.028125
3.06340000239,-0.0125
3.06360000239,-0.028125
3.06380000239,-0.0125
3.06400000239,-0.028125
3.06420000239,-0.0125
3.06440000239,-0.0125
3.06460000239,-0.0125
3.06480000239,-0.0125
3.06500000239,0.00312495
3.06520000239,-0.0125
3.06540000239,-0.028125
3.06560000239,-0.0125
3.06580000239,-0.0125
3.06600000239,-0.028125
3.06620000239,-0.0125
3.06640000239,-0.0125
3.06660000239,-0.0125
3.06680000239,-0.0125
3.06700000239,-0.0125
3.06720000239,0.00312495
3.06740000239,-0.028125
3.06760000239,0.00312495
3.06780000239,-0.0125
3.06800000239,-0.0125
3.06820000239,-0.0125
3.06840000239,-0.0125
3.06860000239,-0.028125
3.06880000239,-0.028125
3.06900000239,-0.0125
3.06920000239,-0.0125
3.06940000239,-0.0125
3.06960000239,-0.0125
3.06980000239,-0.0125
3.07000000239,-0.028125
3.07020000239,-0.028125
3.07040000239,-0.0125
3.07060000239,0.00312495
3.07080000239,-0.0125
3.07100000239,0.00312495
3.07120000239,-0.0125
3.07140000239,-0.028125
3.07160000239,-0.0125
3.07180000239,-0.0125
3.07200000239,0.00312495
3.07220000239,0.00312495
3.07240000239,-0.0125
3.07260000239,-0.0125
3.07280000239,0.00312495
3.07300000239,-0.0125
3.07320000239,-0.0125
3.07340000239,-0.0125
3.07360000239,-0.0125
3.07380000239,-0.0125
3.07400000239,-0.0125
3.07420000239,-0.0125
3.07440000239,-0.028125
3.07460000239,-0.0125
3.07480000239,-0.028125
3.07500000239,-0.0125
3.07520000239,-0.0125
3.07540000239,-0.0125
3.07560000239,-0.0125
3.07580000239,-0.028125
3.07600000239,0.00312495
3.07620000239,0.00312495
3.07640000239,0.00312495
3.07660000239,0.00312495
3.07680000239,-0.0125
3.07700000239,-0.0125
3.07720000239,-0.028125
3.07740000239,-0.0125
3.07760000239,-0.0125
3.07780000239,-0.0125
3.07800000239,-0.0125
3.07820000239,0.00312495
3.07840000239,-0.0125
3.07860000239,-0.0125
3.07880000239,-0.0125
3.07900000239,-0.0125
3.07920000239,-0.0125
3.07940000239,-0.0125
3.07960000239,-0.0125
3.07980000239,-0.0125
3.08000000239,0.00312495
3.08020000239,-0.0125
3.08040000239,-0.0125
3.08060000239,-0.0125
3.08080000239,0.00312495
3.08100000239,-0.0125
3.08120000239,0.00312495
3.08140000239,-0.0125
3.08160000239,-0.0125
3.08180000239,-0.0125
3.08200000239,0.00312495
3.08220000239,-0.0125
3.08240000239,-0.0125
3.08260000239,-0.0125
3.08280000239,-0.0125
3.08300000239,-0.0125
3.08320000239,0.00312495
3.08340000239,-0.0125
3.08360000239,-0.0125
3.08380000239,-0.0125
3.08400000239,-0.028125
3.08420000239,-0.028125
3.08440000239,-0.0125
3.08460000239,-0.0125
3.08480000239,-0.0125
3.08500000239,0.00312495
3.08520000239,-0.0125
3.08540000239,-0.0125
3.08560000239,-0.0125
3.08580000239,-0.0125
3.08600000239,0.00312495
3.08620000239,-0.0125
3.08640000239,-0.0125
3.08660000239,-0.0125
3.08680000239,0.00312495
3.08700000239,-0.028125
3.08720000239,0.00312495
3.08740000239,-0.0125
3.08760000239,-0.028125
3.08780000239,-0.0125
3.08800000239,0.00312495
3.08820000239,-0.0125
3.08840000239,0.00312495
3.08860000239,0.00312495
3.08880000239,-0.028125
3.08900000239,0.00312495
3.08920000239,-0.0125
3.08940000239,-0.0125
3.08960000239,-0.0125
3.08980000239,0.00312495
3.09000000239,0.00312495
3.09020000239,0.00312495
3.09040000239,-0.0125
3.09060000239,0.00312495
3.09080000239,-0.0125
3.09100000239,-0.0125
3.09120000239,0.00312495
3.09140000239,-0.0125
3.09160000239,-0.028125
3.09180000239,-0.028125
3.09200000239,-0.0125
3.09220000239,-0.0125
3.09240000239,-0.0125
3.09260000239,0.00312495
3.09280000239,-0.0125
3.09300000239,0.00312495
3.09320000239,0.00312495
3.09340000239,0.00312495
3.09360000239,0.00312495
3.09380000239,0.00312495
3.09400000239,0.00312495
3.09420000239,-0.0125
3.09440000239,0.01875
3.09460000239,-0.0125
3.09480000239,-0.0125
3.09500000239,-0.0125
3.09520000239,-0.0125
3.09540000239,-0.0125
3.09560000239,0.00312495
3.09580000239,-0.0125
3.09600000239,0.00312495
3.09620000239,-0.0125
3.09640000239,0.00312495
3.09660000239,0.00312495
3.09680000239,-0.0125
3.09700000239,-0.0125
3.09720000239,0.00312495
3.09740000239,-0.0125
3.09760000239,0.00312495
3.09780000239,0.00312495
3.09800000239,0.00312495
3.09820000239,-0.028125
3.09840000239,0.00312495
3.09860000239,0.00312495
3.09880000239,-0.0125
3.09900000239,-0.0125
3.09920000239,-0.0125
3.09940000239,-0.0125
3.09960000239,0.00312495
3.09980000239,0.00312495
3.10000000239,0.00312495
3.10020000239,0.00312495
3.10040000239,-0.0125
3.10060000239,0.00312495
3.10080000239,-0.0125
3.10100000239,0.00312495
3.10120000239,0.00312495
3.10140000239,-0.0125
3.10160000239,0.00312495
3.10180000239,0.00312495
3.10200000239,-0.028125
3.10220000239,-0.0125
3.10240000239,0.00312495
3.10260000239,-0.0125
3.10280000239,0.00312495
3.10300000239,0.00312495
3.10320000239,0.00312495
3.10340000239,0.00312495
3.10360000239,-0.0125
3.10380000239,-0.0125
3.10400000239,0.00312495
3.10420000239,0.00312495
3.10440000239,0.00312495
3.10460000239,0.00312495
3.10480000239,-0.0125
3.10500000239,-0.0125
3.10520000239,-0.0125
3.10540000239,-0.0125
3.10560000239,-0.0125
3.10580000239,0.00312495
3.10600000239,0.00312495
3.10620000239,0.00312495
3.10640000239,-0.0125
3.10660000239,-0.0125
3.10680000239,-0.0125
3.10700000239,0.00312495
3.10720000239,0.00312495
3.10740000239,-0.0125
3.10760000239,-0.0125
3.10780000239,0.00312495
3.10800000239,-0.0125
3.10820000239,0.00312495
3.10840000239,0.00312495
3.10860000239,0.00312495
3.10880000239,0.00312495
3.10900000239,0.00312495
3.10920000239,-0.0125
3.10940000239,0.00312495
3.10960000239,0.00312495
3.10980000239,-0.0125
3.11000000239,-0.0125
3.11020000239,-0.0125
3.11040000239,0.00312495
3.11060000239,-0.0125
3.11080000239,0.00312495
3.11100000239,-0.0125
3.11120000239,0.00312495
3.11140000239,-0.0125
3.11160000239,-0.0125
3.11180000239,0.00312495
3.11200000239,-0.0125
3.11220000239,-0.0125
3.11240000239,-0.0125
3.11260000239,-0.0125
3.11280000239,0.00312495
3.11300000239,-0.0125
3.11320000239,0.00312495
3.11340000239,-0.0125
3.11360000239,0.01875
3.11380000239,-0.0125
3.11400000239,0.00312495
3.11420000239,0.00312495
3.11440000239,0.00312495
3.11460000239,0.00312495
3.11480000239,0.00312495
3.11500000239,-0.0125
3.11520000239,0.00312495
3.11540000239,-0.0125
3.11560000239,0.00312495
3.11580000239,-0.0125
3.11600000239,0.00312495
3.11620000239,0.00312495
3.11640000239,0.00312495
3.11660000239,0.00312495
3.11680000239,0.00312495
3.11700000239,-0.0125
3.11720000239,0.00312495
3.11740000239,0.00312495
3.11760000239,-0.0125
3.11780000239,0.00312495
3.11800000239,0.00312495
3.11820000239,0.00312495
3.11840000239,0.01875
3.11860000239,0.00312495
3.11880000239,0.00312495
3.11900000239,-0.0125
3.11920000239,0.00312495
3.11940000239,0.00312495
3.11960000239,-0.0125
3.11980000239,-0.0125
3.12000000239,0.00312495
3.12020000239,-0.0125
3.12040000239,-0.0125
3.12060000239,0.01875
3.12080000239,0.00312495
3.12100000239,0.00312495
3.12120000239,0.00312495
3.12140000239,0.00312495
3.12160000239,0.00312495
3.12180000239,0.00312495
3.12200000239,-0.0125
3.12220000239,-0.0125
3.12240000239,0.00312495
3.12260000239,0.00312495
3.12280000239,0.00312495
3.12300000239,-0.0125
3.12320000239,-0.0125
3.12340000239,0.00312495
3.12360000239,0.00312495
3.12380000239,0.00312495
3.12400000239,0.00312495
3.12420000239,0.00312495
3.12440000239,0.01875
3.12460000239,0.00312495
3.12480000239,0.00312495
3.12500000239,0.00312495
3.12520000239,0.00312495
3.12540000239,0.00312495
3.12560000239,0.00312495
3.12580000239,0.00312495
3.12600000239,0.00312495
3.12620000239,0.00312495
3.12640000239,0.01875
3.12660000239,0.00312495
3.12680000239,0.00312495
3.12700000239,-0.0125
3.12720000239,0.00312495
3.12740000239,0.00312495
3.12760000239,0.00312495
3.12780000239,-0.0125
3.12800000239,0.00312495
3.12820000239,-0.0125
3.12840000239,0.00312495
3.12860000239,0.00312495
3.12880000239,0.00312495
3.12900000239,0.00312495
3.12920000239,-0.0125
3.12940000239,0.00312495
3.12960000239,-0.0125
3.12980000239,0.00312495
3.13000000239,0.00312495
3.13020000239,-0.0125
3.13040000239,-0.0125
3.13060000239,0.00312495
3.13080000239,0.00312495
3.13100000239,0.00312495
3.13120000239,-0.0125
3.13140000239,-0.0125
3.13160000239,0.00312495
3.13180000239,0.00312495
3.13200000239,0.00312495
3.13220000239,0.034375
3.13240000239,0.00312495
3.13260000239,0.00312495
3.13280000239,0.00312495
3.13300000239,0.01875
3.13320000239,-0.0125
3.13340000239,0.00312495
3.13360000239,-0.0125
3.13380000239,0.00312495
3.13400000239,0.00312495
3.13420000239,0.00312495
3.13440000239,0.00312495
3.13460000239,0.00312495
3.13480000239,0.00312495
3.13500000239,0.00312495
3.13520000239,-0.0125
3.13540000239,0.00312495
3.13560000239,0.00312495
3.13580000239,0.00312495
3.13600000239,0.00312495
3.13620000239,-0.0125
3.13640000239,0.00312495
3.13660000239,0.00312495
3.13680000239,0.00312495
3.13700000239,0.00312495
3.13720000239,0.00312495
3.13740000239,0.00312495
3.13760000239,0.00312495
3.13780000239,0.00312495
3.13800000239,0.00312495
3.13820000239,0.00312495
3.13840000239,0.00312495
3.13860000239,0.00312495
3.13880000239,0.00312495
3.13900000239,-0.0125
3.13920000239,0.00312495
3.13940000239,0.01875
3.13960000239,0.00312495
3.13980000239,-0.0125
3.14000000239,0.00312495
3.14020000239,0.00312495
3.14040000239,0.00312495
3.14060000239,0.00312495
3.14080000239,0.00312495
3.14100000239,0.01875
3.14120000239,0.00312495
3.14140000239,0.00312495
3.14160000239,0.00312495
3.14180000239,0.01875
3.14200000239,-0.0125
3.14220000239,0.01875
3.14240000239,0.00312495
3.14260000239,0.00312495
3.14280000239,0.00312495
3.14300000239,0.00312495
3.14320000239,0.01875
3.14340000239,0.00312495
3.14360000239,0.00312495
3.14380000239,0.00312495
3.14400000239,-0.0125
3.14420000239,0.00312495
3.14440000239,0.01875
3.14460000239,0.00312495
3.14480000239,0.00312495
3.14500000239,0.00312495
3.14520000239,0.01875
3.14540000239,0.00312495
3.14560000239,0.00312495
3.14580000239,0.00312495
3.14600000239,0.00312495
3.14620000239,0.00312495
3.14640000239,0.00312495
3.14660000239,0.00312495
3.14680000239,0.01875
3.14700000239,0.00312495
3.14720000239,0.00312495
3.14740000239,0.00312495
3.14760000239,0.00312495
3.14780000239,0.00312495
3.14800000239,0.01875
3.14820000239,0.01875
3.14840000239,0.00312495
3.14860000239,0.00312495
3.14880000239,0.00312495
3.14900000239,0.00312495
3.14920000239,0.01875
3.14940000239,0.00312495
3.14960000239,0.00312495
3.14980000239,0.00312495
3.15000000239,-0.0125
3.15020000239,0.00312495
3.15040000239,0.00312495
3.15060000239,0.00312495
3.15080000239,0.00312495
3.15100000239,-0.0125
3.15120000239,0.00312495
3.15140000239,0.00312495
3.15160000239,-0.0125
3.15180000239,0.00312495
3.15200000239,0.01875
3.15220000239,0.00312495
3.15240000239,0.00312495
3.15260000239,0.00312495
3.15280000239,0.00312495
3.15300000239,-0.0125
3.15320000239,0.00312495
3.15340000239,0.01875
3.15360000239,0.00312495
3.15380000239,0.00312495
3.15400000239,0.00312495
3.15420000239,0.00312495
3.15440000239,0.00312495
3.15460000239,0.00312495
3.15480000239,0.01875
3.15500000239,0.00312495
3.15520000239,0.01875
3.15540000239,0.01875
3.15560000239,0.00312495
3.15580000239,0.01875
3.15600000239,0.00312495
3.15620000239,0.00312495
3.15640000239,0.00312495
3.15660000239,0.01875
3.15680000239,0.00312495
3.15700000239,0.00312495
3.15720000239,0.01875
3.15740000239,0.00312495
3.15760000239,0.00312495
3.15780000239,0.01875
3.15800000239,-0.0125
3.15820000239,0.00312495
3.15840000239,0.00312495
3.15860000239,0.00312495
3.15880000239,0.00312495
3.15900000239,0.00312495
3.15920000239,0.00312495
3.15940000239,0.01875
3.15960000239,0.00312495
3.15980000239,0.01875
3.16000000239,0.00312495
3.16020000239,0.01875
3.16040000239,0.00312495
3.16060000239,0.01875
3.16080000239,0.00312495
3.16100000239,0.01875
3.16120000239,0.01875
3.16140000239,0.00312495
3.16160000239,0.01875
3.16180000239,0.00312495
3.16200000239,0.00312495
3.16220000239,0.01875
3.16240000239,0.00312495
3.16260000239,0.01875
3.16280000239,0.01875
3.16300000239,0.00312495
3.16320000239,0.00312495
3.16340000239,0.00312495
3.16360000239,0.00312495
3.16380000239,0.01875
3.16400000239,0.01875
3.16420000239,0.01875
3.16440000239,0.01875
3.16460000239,0.01875
3.16480000239,0.00312495
3.16500000239,0.00312495
3.16520000239,0.01875
3.16540000239,0.00312495
3.16560000239,0.034375
3.16580000239,0.01875
3.16600000239,0.01875
3.16620000239,0.01875
3.16640000239,0.01875
3.16660000239,0.01875
3.16680000239,0.00312495
3.16700000239,0.00312495
3.16720000239,0.00312495
3.16740000239,0.00312495
3.16760000239,0.00312495
3.16780000239,0.00312495
3.16800000239,0.00312495
3.16820000239,0.00312495
3.16840000239,0.01875
3.16860000239,0.00312495
3.16880000239,0.01875
3.16900000239,0.00312495
3.16920000239,0.00312495
3.16940000239,0.00312495
3.16960000239,0.01875
3.16980000239,0.00312495
3.17000000239,0.034375
3.17020000239,0.00312495
3.17040000239,0.01875
3.17060000239,0.01875
3.17080000239,0.01875
3.17100000239,0.01875
3.17120000239,0.00312495
3.17140000239,0.01875
3.17160000239,0.00312495
3.17180000239,0.01875
3.17200000239,0.01875
3.17220000239,0.01875
3.17240000239,0.01875
3.17260000239,0.00312495
3.17280000239,0.00312495
3.17300000239,0.034375
3.17320000239,0.00312495
3.17340000239,0.00312495
3.17360000239,0.01875
3.17380000239,0.00312495
3.17400000239,0.00312495
3.17420000239,0.00312495
3.17440000239,0.00312495
3.17460000239,0.01875
3.17480000239,0.01875
3.17500000239,0.01875
3.17520000239,0.00312495
3.17540000239,0.01875
3.17560000239,0.00312495
3.17580000239,0.01875
3.17600000239,0.00312495
3.17620000239,0.01875
3.17640000239,0.01875
3.17660000239,0.034375
3.17680000239,0.01875
3.17700000239,0.00312495
3.17720000239,0.01875
3.17740000239,0.00312495
3.17760000239,0.01875
3.17780000239,0.00312495
3.17800000239,0.01875
3.17820000239,0.01875
3.17840000239,0.00312495
3.17860000239,0.01875
3.17880000239,0.01875
3.17900000239,0.01875
3.17920000239,0.01875
3.17940000239,0.01875
3.17960000239,0.01875
3.17980000239,0.00312495
3.18000000239,0.01875
3.18020000239,0.01875
3.18040000239,0.034375
3.18060000239,0.01875
3.18080000239,0.00312495
3.18100000239,0.01875
3.18120000239,0.00312495
3.18140000239,0.01875
3.18160000239,0.01875
3.18180000239,0.01875
3.18200000239,0.01875
3.18220000239,0.01875
3.18240000239,0.034375
3.18260000239,0.034375
3.18280000239,0.00312495
3.18300000239,0.01875
3.18320000239,0.01875
3.18340000239,0.01875
3.18360000239,0.01875
3.18380000239,0.00312495
3.18400000239,0.01875
3.18420000239,0.00312495
3.18440000239,0.01875
3.18460000239,0.01875
3.18480000239,0.01875
3.18500000239,0.00312495
3.18520000239,0.00312495
3.18540000239,0.00312495
3.18560000239,0.01875
3.18580000239,0.034375
3.18600000239,0.00312495
3.18620000239,0.00312495
3.18640000239,0.034375
3.18660000239,0.01875
3.18680000239,0.01875
3.18700000239,0.00312495
3.18720000239,0.01875
3.18740000239,0.01875
3.18760000239,0.034375
3.18780000239,0.034375
3.18800000239,0.00312495
3.18820000239,0.01875
3.18840000239,0.01875
3.18860000239,0.01875
3.18880000239,0.034375
3.18900000239,0.01875
3.18920000239,0.00312495
3.18940000239,0.034375
3.18960000239,0.01875
3.18980000239,0.00312495
3.19000000239,0.034375
3.19020000239,0.01875
3.19040000239,0.01875
3.19060000239,0.034375
3.19080000239,0.01875
3.19100000239,0.01875
3.19120000239,0.01875
3.19140000239,0.01875
3.19160000239,0.01875
3.19180000239,0.00312495
3.19200000239,0.00312495
3.19220000239,0.01875
3.19240000239,0.01875
3.19260000239,0.034375
3.19280000239,0.01875
3.19300000239,0.034375
3.19320000239,0.01875
3.19340000239,0.01875
3.19360000239,0.01875
3.19380000239,0.034375
3.19400000239,0.00312495
3.19420000239,0.034375
3.19440000239,0.01875
3.19460000239,0.00312495
3.19480000239,0.01875
3.19500000239,0.01875
3.19520000239,0.01875
3.19540000239,0.01875
3.19560000239,0.00312495
3.19580000239,0.01875
3.19600000239,0.00312495
3.19620000239,0.01875
3.19640000239,0.00312495
3.19660000239,0.034375
3.19680000239,0.00312495
3.19700000239,0.01875
3.19720000239,0.01875
3.19740000239,0.00312495
3.19760000239,0.00312495
3.19780000239,0.01875
3.19800000239,0.01875
3.19820000239,0.034375
3.19840000239,0.034375
3.19860000239,0.01875
3.19880000239,0.01875
3.19900000239,0.01875
3.19920000239,0.01875
3.19940000239,0.034375
3.19960000239,0.034375
3.19980000239,0.00312495
3.20000000239,0.034375
3.20020000239,0.034375
3.20040000239,0.01875
3.20060000239,0.01875
3.20080000239,0.01875
3.20100000239,0.034375
3.20120000239,0.034375
3.20140000239,0.01875
3.20160000239,0.01875
3.20180000239,0.034375
3.20200000239,0.01875
3.20220000239,0.01875
3.20240000239,0.01875
3.20260000239,0.034375
3.20280000239,0.01875
3.20300000239,0.01875
3.20320000239,0.01875
3.20340000239,0.034375
3.20360000239,0.034375
3.20380000239,0.034375
3.20400000239,0.05
3.20420000239,0.00312495
3.20440000239,0.034375
3.20460000239,0.034375
3.20480000239,0.034375
3.20500000239,0.01875
3.20520000239,0.01875
3.20540000239,0.034375
3.20560000239,0.00312495
3.20580000239,0.034375
3.20600000239,0.034375
3.20620000239,0.034375
3.20640000239,0.01875
3.20660000239,0.034375
3.20680000239,0.01875
3.20700000239,0.034375
3.20720000239,0.034375
3.20740000239,0.034375
3.20760000239,0.01875
3.20780000239,0.034375
3.20800000239,0.034375
3.20820000239,0.01875
3.20840000239,0.01875
3.20860000239,0.01875
3.20880000239,0.034375
3.20900000239,0.01875
3.20920000239,0.034375
3.20940000239,0.01875
3.20960000239,0.034375
3.20980000239,0.034375
3.21000000239,0.034375
3.21020000239,0.034375
3.21040000239,0.034375
3.21060000239,0.034375
3.21080000239,0.034375
3.21100000239,0.034375
3.21120000239,0.034375
3.21140000239,0.034375
3.21160000239,0.01875
3.21180000239,0.034375
3.21200000239,0.05
3.21220000239,0.034375
3.21240000239,0.01875
3.21260000239,0.034375
3.21280000239,0.034375
3.21300000239,0.01875
3.21320000239,0.034375
3.21340000239,0.034375
3.21360000239,0.05
3.21380000239,0.05
3.21400000239,0.034375
3.21420000239,0.05
3.21440000239,0.034375
3.21460000239,0.01875
3.21480000239,0.01875
3.21500000239,0.034375
3.21520000239,0.034375
3.21540000239,0.034375
3.21560000239,0.034375
3.21580000239,0.034375
3.21600000239,0.034375
3.21620000239,0.034375
3.21640000239,0.034375
3.21660000239,0.034375
3.21680000239,0.034375
3.21700000239,0.05
3.21720000239,0.01875
3.21740000239,0.05
3.21760000239,0.01875
3.21780000239,0.034375
3.21800000239,0.01875
3.21820000239,0.034375
3.21840000239,0.034375
3.21860000239,0.034375
3.21880000239,0.01875
3.21900000239,0.034375
3.21920000239,0.034375
3.21940000239,0.034375
3.21960000239,0.034375
3.21980000239,0.01875
3.22000000239,0.034375
3.22020000239,0.01875
3.22040000239,0.034375
3.22060000239,0.034375
3.22080000239,0.034375
3.22100000239,0.034375
3.22120000239,0.034375
3.22140000239,0.01875
3.22160000239,0.034375
3.22180000239,0.034375
3.22200000239,0.034375
3.22220000239,0.034375
3.22240000239,0.01875
3.22260000239,0.034375
3.22280000239,0.034375
3.22300000239,0.034375
3.22320000239,0.034375
3.22340000239,0.034375
3.22360000239,0.034375
3.22380000239,0.034375
3.22400000239,0.034375
3.22420000239,0.034375
3.22440000239,0.034375
3.22460000239,0.05
3.22480000239,0.034375
3.22500000239,0.034375
3.22520000239,0.034375
3.22540000239,0.05
3.22560000239,0.034375
3.22580000239,0.034375
3.22600000239,0.034375
3.22620000239,0.034375
3.22640000239,0.034375
3.22660000239,0.05
3.22680000239,0.034375
3.22700000239,0.034375
3.22720000239,0.01875
3.22740000239,0.034375
3.22760000239,0.034375
3.22780000239,0.034375
3.22800000239,0.05
3.22820000239,0.034375
3.22840000239,0.01875
3.22860000239,0.05
3.22880000239,0.01875
3.22900000239,0.034375
3.22920000239,0.034375
3.22940000239,0.01875
3.22960000239,0.034375
3.22980000239,0.034375
3.23000000239,0.034375
3.23020000239,0.034375
3.23040000239,0.034375
3.23060000239,0.05
3.23080000239,0.034375
3.23100000239,0.05
3.23120000239,0.034375
3.23140000239,0.034375
3.23160000239,0.034375
3.23180000239,0.034375
3.23200000239,0.01875
3.23220000239,0.05
3.23240000239,0.05
3.23260000239,0.034375
3.23280000239,0.034375
3.23300000239,0.01875
3.23320000239,0.034375
3.23340000239,0.034375
3.23360000239,0.034375
3.23380000239,0.034375
3.23400000239,0.01875
3.23420000239,0.034375
3.23440000239,0.05
3.23460000239,0.05
3.23480000239,0.05
3.23500000239,0.01875
3.23520000239,0.034375
3.23540000239,0.034375
3.23560000239,0.05
3.23580000239,0.034375
3.23600000239,0.05
3.23620000239,0.034375
3.23640000239,0.05
3.23660000239,0.05
3.23680000239,0.034375
3.23700000239,0.01875
3.23720000239,0.034375
3.23740000239,0.05
3.23760000239,0.05
3.23780000239,0.034375
3.23800000239,0.034375
3.23820000239,0.05
3.23840000239,0.01875
3.23860000239,0.034375
3.23880000239,0.05
3.23900000239,0.05
3.23920000239,0.034375
3.23940000239,0.034375
3.23960000239,0.01875
3.23980000239,0.05
3.24000000239,0.05
3.24020000239,0.034375
3.24040000239,0.05
3.24060000239,0.05
3.24080000239,0.05
3.24100000239,0.05
3.24120000239,0.05
3.24140000239,0.034375
3.24160000239,0.05
3.24180000239,0.05
3.24200000239,0.034375
3.24220000239,0.034375
3.24240000239,0.034375
3.24260000239,0.034375
3.24280000239,0.05
3.24300000239,0.034375
3.24320000239,0.034375
3.24340000239,0.05
3.24360000239,0.065625
3.24380000239,0.05
3.24400000239,0.05
3.24420000239,0.065625
3.24440000239,0.034375
3.24460000239,0.05
3.24480000239,0.034375
3.24500000239,0.034375
3.24520000239,0.034375
3.24540000239,0.05
3.24560000239,0.034375
3.24580000239,0.034375
3.24600000239,0.034375
3.24620000239,0.05
3.24640000239,0.05
3.24660000239,0.034375
3.24680000239,0.034375
3.24700000239,0.034375
3.24720000239,0.05
3.24740000239,0.05
3.24760000239,0.05
3.24780000239,0.05
3.24800000239,0.05
3.24820000239,0.05
3.24840000239,0.05
3.24860000239,0.034375
3.24880000239,0.05
3.24900000239,0.05
3.24920000239,0.034375
3.24940000239,0.05
3.24960000239,0.034375
3.24980000239,0.034375
3.25000000239,0.034375
3.25020000239,0.05
3.25040000239,0.05
3.25060000239,0.05
3.25080000239,0.034375
3.25100000239,0.034375
3.25120000239,0.034375
3.25140000239,0.01875
3.25160000239,0.034375
3.25180000239,0.05
3.25200000239,0.05
3.25220000239,0.065625
3.25240000239,0.05
3.25260000239,0.05
3.25280000239,0.034375
3.25300000239,0.05
3.25320000239,0.034375
3.25340000239,0.034375
3.25360000239,0.05
3.25380000239,0.05
3.25400000239,0.034375
3.25420000239,0.05
3.25440000239,0.05
3.25460000239,0.05
3.25480000239,0.05
3.25500000239,0.01875
3.25520000239,0.065625
3.25540000239,0.05
3.25560000239,0.05
3.25580000239,0.034375
3.25600000239,0.065625
3.25620000239,0.05
3.25640000239,0.065625
3.25660000239,0.034375
3.25680000239,0.05
3.25700000239,0.05
3.25720000239,0.05
3.25740000239,0.065625
3.25760000239,0.05
3.25780000239,0.034375
3.25800000239,0.05
3.25820000239,0.065625
3.25840000239,0.05
3.25860000239,0.05
3.25880000239,0.05
3.25900000239,0.034375
3.25920000239,0.034375
3.25940000239,0.05
3.25960000239,0.05
3.25980000239,0.065625
3.26000000239,0.05
3.26020000239,0.065625
3.26040000239,0.034375
3.26060000239,0.05
3.26080000239,0.065625
3.26100000239,0.05
3.26120000239,0.05
3.26140000239,0.05
3.26160000239,0.05
3.26180000239,0.05
3.26200000239,0.05
3.26220000239,0.065625
3.26240000239,0.05
3.26260000239,0.065625
3.26280000239,0.05
3.26300000239,0.034375
3.26320000239,0.05
3.26340000239,0.05
3.26360000239,0.05
3.26380000239,0.05
3.26400000239,0.05
3.26420000239,0.05
3.26440000239,0.065625
3.26460000239,0.05
3.26480000239,0.05
3.26500000239,0.05
3.26520000239,0.05
3.26540000239,0.05
3.26560000239,0.05
3.26580000239,0.05
3.26600000239,0.05
3.26620000239,0.05
3.26640000239,0.034375
3.26660000239,0.05
3.26680000239,0.05
3.26700000239,0.05
3.26720000239,0.05
3.26740000239,0.05
3.26760000239,0.05
3.26780000239,0.034375
3.26800000239,0.05
3.26820000239,0.065625
3.26840000239,0.065625
3.26860000239,0.05
3.26880000239,0.05
3.26900000239,0.05
3.26920000239,0.065625
3.26940000239,0.05
3.26960000239,0.065625
3.26980000239,0.065625
3.27000000239,0.05
3.27020000239,0.065625
3.27040000239,0.065625
3.27060000239,0.065625
3.27080000239,0.05
3.27100000239,0.05
3.27120000239,0.034375
3.27140000239,0.065625
3.27160000239,0.05
3.27180000239,0.05
3.27200000239,0.065625
3.27220000239,0.05
3.27240000239,0.05
3.27260000239,0.065625
3.27280000239,0.065625
3.27300000239,0.05
3.27320000239,0.034375
3.27340000239,0.05
3.27360000239,0.065625
3.27380000239,0.05
3.27400000239,0.05
3.27420000239,0.065625
3.27440000239,0.05
3.27460000239,0.05
3.27480000239,0.05
3.27500000239,0.065625
3.27520000239,0.05
3.27540000239,0.05
3.27560000239,0.05
3.27580000239,0.05
3.27600000239,0.05
3.27620000239,0.05
3.27640000239,0.065625
3.27660000239,0.065625
3.27680000239,0.05
3.27700000239,0.05
3.27720000239,0.034375
3.27740000239,0.065625
3.27760000239,0.05
3.27780000239,0.05
3.27800000239,0.065625
3.27820000239,0.05
3.27840000239,0.065625
3.27860000239,0.065625
3.27880000239,0.05
3.27900000239,0.05
3.27920000239,0.05
3.27940000239,0.05
3.27960000239,0.05
3.27980000239,0.05
3.28000000239,0.05
3.28020000239,0.065625
3.28040000239,0.065625
3.28060000239,0.05
3.28080000239,0.065625
3.28100000239,0.05
3.28120000239,0.065625
3.28140000239,0.065625
3.28160000239,0.065625
3.28180000239,0.05
3.28200000239,0.065625
3.28220000239,0.05
3.28240000239,0.065625
3.28260000239,0.05
3.28280000239,0.05
3.28300000239,0.065625
3.28320000239,0.05
3.28340000239,0.065625
3.28360000239,0.05
3.28380000239,0.065625
3.28400000239,0.065625
3.28420000239,0.065625
3.28440000239,0.065625
3.28460000239,0.065625
3.28480000239,0.065625
3.28500000239,0.05
3.28520000239,0.05
3.28540000239,0.05
3.28560000239,0.065625
3.28580000239,0.05
3.28600000239,0.05
3.28620000239,0.065625
3.28640000239,0.05
3.28660000239,0.065625
3.28680000239,0.065625
3.28700000239,0.065625
3.28720000239,0.05
3.28740000239,0.065625
3.28760000239,0.065625
3.28780000239,0.065625
3.28800000239,0.065625
3.28820000239,0.05
3.28840000239,0.05
3.28860000239,0.065625
3.28880000239,0.065625
3.28900000239,0.065625
3.28920000239,0.05
3.28940000239,0.065625
3.28960000239,0.05
3.28980000239,0.065625
3.29000000239,0.05
3.29020000239,0.065625
3.29040000239,0.065625
3.29060000239,0.05
3.29080000239,0.065625
3.29100000239,0.065625
3.29120000239,0.065625
3.29140000239,0.065625
3.29160000239,0.065625
3.29180000239,0.05
3.29200000239,0.065625
3.29220000239,0.065625
3.29240000239,0.065625
3.29260000239,0.065625
3.29280000239,0.05
3.29300000239,0.065625
3.29320000239,0.065625
3.29340000239,0.065625
3.29360000239,0.05
3.29380000239,0.065625
3.29400000239,0.08125
3.29420000239,0.08125
3.29440000239,0.05
3.29460000239,0.065625
3.29480000239,0.05
3.29500000239,0.05
3.29520000239,0.065625
3.29540000239,0.065625
3.29560000239,0.065625
3.29580000239,0.08125
3.29600000239,0.05
3.29620000239,0.065625
3.29640000239,0.065625
3.29660000239,0.065625
3.29680000239,0.065625
3.29700000239,0.065625
3.29720000239,0.05
3.29740000239,0.065625
3.29760000239,0.065625
3.29780000239,0.065625
3.29800000239,0.065625
3.29820000239,0.065625
3.29840000239,0.065625
3.29860000239,0.065625
3.29880000239,0.065625
3.29900000239,0.08125
3.29920000239,0.05
3.29940000239,0.065625
3.29960000239,0.065625
3.29980000239,0.065625
3.30000000239,0.065625
3.30020000239,0.065625
3.30040000239,0.05
3.30060000239,0.065625
3.30080000239,0.08125
3.30100000239,0.065625
3.30120000239,0.065625
3.30140000239,0.065625
3.30160000239,0.065625
3.30180000239,0.065625
3.30200000239,0.065625
3.30220000239,0.08125
3.30240000239,0.065625
3.30260000239,0.05
3.30280000239,0.05
3.30300000239,0.065625
3.30320000239,0.08125
3.30340000239,0.065625
3.30360000239,0.065625
3.30380000239,0.065625
3.30400000239,0.08125
3.30420000239,0.065625
3.30440000239,0.065625
3.30460000239,0.08125
3.30480000239,0.08125
3.30500000239,0.065625
3.30520000239,0.08125
3.30540000239,0.065625
3.30560000239,0.08125
3.30580000239,0.065625
3.30600000239,0.08125
3.30620000239,0.08125
3.30640000239,0.065625
3.30660000239,0.065625
3.30680000239,0.065625
3.30700000239,0.065625
3.30720000239,0.08125
3.30740000239,0.08125
3.30760000239,0.065625
3.30780000239,0.065625
3.30800000239,0.065625
3.30820000239,0.065625
3.30840000239,0.08125
3.30860000239,0.065625
3.30880000239,0.065625
3.30900000239,0.065625
3.30920000239,0.08125
3.30940000239,0.065625
3.30960000239,0.08125
3.30980000239,0.065625
3.31000000239,0.08125
3.31020000239,0.065625
3.31040000239,0.08125
3.31060000239,0.08125
3.31080000239,0.065625
3.31100000239,0.065625
3.31120000239,0.08125
3.31140000239,0.08125
3.31160000239,0.08125
3.31180000239,0.08125
3.31200000239,0.08125
3.31220000239,0.065625
3.31240000239,0.08125
3.31260000239,0.065625
3.31280000239,0.08125
3.31300000239,0.065625
3.31320000239,0.08125
3.31340000239,0.065625
3.31360000239,0.096875
3.31380000239,0.08125
3.31400000239,0.096875
3.31420000239,0.065625
3.31440000239,0.08125
3.31460000239,0.065625
3.31480000239,0.065625
3.31500000239,0.08125
3.31520000239,0.08125
3.31540000239,0.08125
3.31560000239,0.065625
3.31580000239,0.08125
3.31600000239,0.065625
3.31620000239,0.065625
3.31640000239,0.08125
3.31660000239,0.08125
3.31680000239,0.08125
3.31700000239,0.08125
3.31720000239,0.08125
3.31740000239,0.08125
3.31760000239,0.08125
3.31780000239,0.08125
3.31800000239,0.08125
3.31820000239,0.08125
3.31840000239,0.08125
3.31860000239,0.096875
3.31880000239,0.08125
3.31900000239,0.08125
3.31920000239,0.065625
3.31940000239,0.065625
3.31960000239,0.08125
3.31980000239,0.096875
3.32000000239,0.096875
3.32020000239,0.08125
3.32040000239,0.08125
3.32060000239,0.065625
3.32080000239,0.08125
3.32100000239,0.065625
3.32120000239,0.08125
3.32140000239,0.08125
3.32160000239,0.08125
3.32180000239,0.08125
3.32200000239,0.08125
3.32220000239,0.08125
3.32240000239,0.08125
3.32260000239,0.08125
3.32280000239,0.08125
3.32300000239,0.08125
3.32320000239,0.08125
3.32340000239,0.08125
3.32360000239,0.065625
3.32380000239,0.08125
3.32400000239,0.08125
3.32420000239,0.08125
3.32440000239,0.08125
3.32460000239,0.065625
3.32480000239,0.08125
3.32500000239,0.08125
3.32520000239,0.08125
3.32540000239,0.08125
3.32560000239,0.065625
3.32580000239,0.08125
3.32600000239,0.065625
3.32620000239,0.08125
3.32640000239,0.096875
3.32660000239,0.08125
3.32680000239,0.065625
3.32700000239,0.08125
3.32720000239,0.08125
3.32740000239,0.08125
3.32760000239,0.096875
3.32780000239,0.065625
3.32800000239,0.096875
3.32820000239,0.08125
3.32840000239,0.08125
3.32860000239,0.08125
3.32880000239,0.096875
3.32900000239,0.08125
3.32920000239,0.08125
3.32940000239,0.08125
3.32960000239,0.08125
3.32980000239,0.065625
3.33000000239,0.08125
3.33020000239,0.08125
3.33040000239,0.096875
3.33060000239,0.08125
3.33080000239,0.08125
3.33100000239,0.08125
3.33120000239,0.096875
3.33140000239,0.08125
3.33160000239,0.08125
3.33180000239,0.065625
3.33200000239,0.096875
3.33220000239,0.08125
3.33240000239,0.08125
3.33260000239,0.096875
3.33280000239,0.096875
3.33300000239,0.08125
3.33320000239,0.08125
3.33340000239,0.096875
3.33360000239,0.08125
3.33380000239,0.08125
3.33400000239,0.065625
3.33420000239,0.08125
3.33440000239,0.08125
3.33460000239,0.096875
3.33480000239,0.096875
3.33500000239,0.08125
3.33520000239,0.08125
3.33540000239,0.08125
3.33560000239,0.08125
3.33580000239,0.08125
3.33600000239,0.096875
3.33620000239,0.096875
3.33640000239,0.08125
3.33660000239,0.08125
3.33680000239,0.096875
3.33700000239,0.08125
3.33720000239,0.096875
3.33740000239,0.096875
3.33760000239,0.096875
3.33780000239,0.08125
3.33800000239,0.08125
3.33820000239,0.096875
3.33840000239,0.08125
3.33860000239,0.096875
3.33880000239,0.096875
3.33900000239,0.08125
3.33920000239,0.08125
3.33940000239,0.08125
3.33960000239,0.065625
3.33980000239,0.08125
3.34000000239,0.08125
3.34020000239,0.096875
3.34040000239,0.08125
3.34060000239,0.08125
3.34080000239,0.08125
3.34100000239,0.096875
3.34120000239,0.096875
3.34140000239,0.08125
3.34160000239,0.096875
3.34180000239,0.096875
3.34200000239,0.08125
3.34220000239,0.096875
3.34240000239,0.08125
3.34260000239,0.096875
3.34280000239,0.096875
3.34300000239,0.08125
3.34320000239,0.096875
3.34340000239,0.096875
3.34360000239,0.08125
3.34380000239,0.08125
3.34400000239,0.096875
3.34420000239,0.08125
3.34440000239,0.096875
3.34460000239,0.08125
3.34480000239,0.08125
3.34500000239,0.096875
3.34520000239,0.08125
3.34540000239,0.096875
3.34560000239,0.08125
3.34580000239,0.08125
3.34600000239,0.096875
3.34620000239,0.08125
3.34640000239,0.08125
3.34660000239,0.08125
3.34680000239,0.096875
3.34700000239,0.08125
3.34720000239,0.08125
3.34740000239,0.08125
3.34760000239,0.096875
3.34780000239,0.08125
3.34800000239,0.08125
3.34820000239,0.096875
3.34840000239,0.096875
3.34860000239,0.096875
3.34880000239,0.096875
3.34900000239,0.08125
3.34920000239,0.08125
3.34940000239,0.096875
3.34960000239,0.08125
3.34980000239,0.096875
3.35000000239,0.096875
3.35020000239,0.096875
3.35040000239,0.08125
3.35060000239,0.096875
3.35080000239,0.1125
3.35100000239,0.096875
3.35120000239,0.096875
3.35140000239,0.08125
3.35160000239,0.096875
3.35180000239,0.096875
3.35200000239,0.08125
3.35220000239,0.096875
3.35240000239,0.096875
3.35260000239,0.096875
3.35280000239,0.096875
3.35300000239,0.096875
3.35320000239,0.096875
3.35340000239,0.096875
3.35360000239,0.08125
3.35380000239,0.096875
3.35400000239,0.096875
3.35420000239,0.096875
3.35440000239,0.096875
3.35460000239,0.096875
3.35480000239,0.1125
3.35500000239,0.096875
3.35520000239,0.08125
3.35540000239,0.096875
3.35560000239,0.08125
3.35580000239,0.096875
3.35600000239,0.096875
3.35620000239,0.1125
3.35640000239,0.096875
3.35660000239,0.1125
3.35680000239,0.096875
3.35700000239,0.1125
3.35720000239,0.096875
3.35740000239,0.096875
3.35760000239,0.096875
3.35780000239,0.096875
3.35800000239,0.1125
3.35820000239,0.096875
3.35840000239,0.096875
3.35860000239,0.1125
3.35880000239,0.08125
3.35900000239,0.096875
3.35920000239,0.096875
3.35940000239,0.096875
3.35960000239,0.1125
3.35980000239,0.096875
3.36000000239,0.096875
3.36020000239,0.08125
3.36040000239,0.096875
3.36060000239,0.096875
3.36080000239,0.1125
3.36100000239,0.096875
3.36120000239,0.1125
3.36140000239,0.1125
3.36160000239,0.096875
3.36180000239,0.1125
3.36200000239,0.096875
3.36220000239,0.096875
3.36240000239,0.096875
3.36260000239,0.1125
3.36280000239,0.096875
3.36300000239,0.1125
3.36320000239,0.1125
3.36340000239,0.1125
3.36360000239,0.096875
3.36380000239,0.1125
3.36400000239,0.1125
3.36420000239,0.096875
3.36440000239,0.096875
3.36460000239,0.096875
3.36480000239,0.096875
3.36500000239,0.096875
3.36520000239,0.096875
3.36540000239,0.096875
3.36560000239,0.1125
3.36580000239,0.096875
3.36600000239,0.096875
3.36620000239,0.096875
3.36640000239,0.1125
3.36660000239,0.128125
3.36680000239,0.096875
3.36700000239,0.096875
3.36720000239,0.1125
3.36740000239,0.1125
3.36760000239,0.096875
3.36780000239,0.096875
3.36800000239,0.1125
3.36820000239,0.1125
3.36840000239,0.096875
3.36860000239,0.096875
3.36880000239,0.096875
3.36900000239,0.1125
3.36920000239,0.096875
3.36940000239,0.096875
3.36960000239,0.096875
3.36980000239,0.1125
3.37000000239,0.1125
3.37020000239,0.1125
3.37040000239,0.1125
3.37060000239,0.1125
3.37080000239,0.1125
3.37100000239,0.096875
3.37120000239,0.096875
3.37140000239,0.096875
3.37160000239,0.1125
3.37180000239,0.096875
3.37200000239,0.096875
3.37220000239,0.096875
3.37240000239,0.096875
3.37260000239,0.1125
3.37280000239,0.1125
3.37300000239,0.1125
3.37320000239,0.1125
3.37340000239,0.1125
3.37360000239,0.1125
3.37380000239,0.1125
3.37400000239,0.1125
3.37420000239,0.096875
3.37440000239,0.096875
3.37460000239,0.1125
3.37480000239,0.096875
3.37500000239,0.1125
3.37520000239,0.096875
3.37540000239,0.1125
3.37560000239,0.1125
3.37580000239,0.1125
3.37600000239,0.1125
3.37620000239,0.1125
3.37640000239,0.096875
3.37660000239,0.1125
3.37680000239,0.1125
3.37700000239,0.096875
3.37720000239,0.1125
3.37740000239,0.1125
3.37760000239,0.1125
3.37780000239,0.1125
3.37800000239,0.096875
3.37820000239,0.1125
3.37840000239,0.1125
3.37860000239,0.096875
3.37880000239,0.1125
3.37900000239,0.1125
3.37920000239,0.1125
3.37940000239,0.1125
3.37960000239,0.096875
3.37980000239,0.128125
3.38000000239,0.1125
3.38020000239,0.1125
3.38040000239,0.1125
3.38060000239,0.096875
3.38080000239,0.096875
3.38100000239,0.096875
3.38120000239,0.1125
3.38140000239,0.1125
3.38160000239,0.128125
3.38180000239,0.1125
3.38200000239,0.128125
3.38220000239,0.1125
3.38240000239,0.128125
3.38260000239,0.096875
3.38280000239,0.128125
3.38300000239,0.1125
3.38320000239,0.096875
3.38340000239,0.1125
3.38360000239,0.1125
3.38380000239,0.096875
3.38400000239,0.128125
3.38420000239,0.1125
3.38440000239,0.1125
3.38460000239,0.1125
3.38480000239,0.1125
3.38500000239,0.1125
3.38520000239,0.1125
3.38540000239,0.1125
3.38560000239,0.128125
3.38580000239,0.1125
3.38600000239,0.1125
3.38620000239,0.128125
3.38640000239,0.1125
3.38660000239,0.1125
3.38680000239,0.1125
3.38700000239,0.1125
3.38720000239,0.1125
3.38740000239,0.1125
3.38760000239,0.096875
3.38780000239,0.1125
3.38800000239,0.1125
3.38820000239,0.1125
3.38840000239,0.1125
3.38860000239,0.128125
3.38880000239,0.096875
3.38900000239,0.128125
3.38920000239,0.1125
3.38940000239,0.096875
3.38960000239,0.128125
3.38980000239,0.1125
3.39000000239,0.1125
3.39020000239,0.1125
3.39040000239,0.1125
3.39060000239,0.1125
3.39080000239,0.128125
3.39100000239,0.1125
3.39120000239,0.1125
3.39140000239,0.1125
3.39160000239,0.1125
3.39180000239,0.1125
3.39200000239,0.1125
3.39220000239,0.1125
3.39240000239,0.128125
3.39260000239,0.14375
3.39280000239,0.1125
3.39300000239,0.1125
3.39320000239,0.128125
3.39340000239,0.1125
3.39360000239,0.1125
3.39380000239,0.128125
3.39400000239,0.128125
3.39420000239,0.1125
3.39440000239,0.128125
3.39460000239,0.1125
3.39480000239,0.1125
3.39500000239,0.1125
3.39520000239,0.128125
3.39540000239,0.1125
3.39560000239,0.128125
3.39580000239,0.1125
3.39600000239,0.128125
3.39620000239,0.128125
3.39640000239,0.128125
3.39660000239,0.128125
3.39680000239,0.128125
3.39700000239,0.1125
3.39720000239,0.1125
3.39740000239,0.1125
3.39760000239,0.1125
3.39780000239,0.1125
3.39800000239,0.128125
3.39820000239,0.128125
3.39840000239,0.096875
3.39860000239,0.128125
3.39880000239,0.128125
3.39900000239,0.128125
3.39920000239,0.1125
3.39940000239,0.128125
3.39960000239,0.128125
3.39980000239,0.128125
3.40000000239,0.128125
3.40020000239,0.1125
3.40040000239,0.1125
3.40060000239,0.14375
3.40080000239,0.128125
3.40100000239,0.128125
3.40120000239,0.128125
3.40140000239,0.128125
3.40160000239,0.1125
3.40180000239,0.128125
3.40200000239,0.1125
3.40220000239,0.1125
3.40240000239,0.128125
3.40260000239,0.128125
3.40280000239,0.128125
3.40300000239,0.128125
3.40320000239,0.1125
3.40340000239,0.1125
3.40360000239,0.128125
3.40380000239,0.1125
3.40400000239,0.14375
3.40420000239,0.14375
3.40440000239,0.1125
3.40460000239,0.128125
3.40480000239,0.128125
3.40500000239,0.1125
3.40520000239,0.1125
3.40540000239,0.1125
3.40560000239,0.128125
3.40580000239,0.1125
3.40600000239,0.128125
3.40620000239,0.128125
3.40640000239,0.128125
3.40660000239,0.128125
3.40680000239,0.1125
3.40700000239,0.128125
3.40720000239,0.1125
3.40740000239,0.1125
3.40760000239,0.128125
3.40780000239,0.128125
3.40800000239,0.128125
3.40820000239,0.14375
3.40840000239,0.128125
3.40860000239,0.128125
3.40880000239,0.128125
3.40900000239,0.128125
3.40920000239,0.128125
3.40940000239,0.128125
3.40960000239,0.128125
3.40980000239,0.14375
3.41000000239,0.128125
3.41020000239,0.128125
3.41040000239,0.128125
3.41060000239,0.128125
3.41080000239,0.128125
3.41100000239,0.14375
3.41120000239,0.1125
3.41140000239,0.1125
3.41160000239,0.128125
3.41180000239,0.128125
3.41200000239,0.128125
3.41220000239,0.128125
3.41240000239,0.1125
3.41260000239,0.14375
3.41280000239,0.128125
3.41300000239,0.128125
3.41320000239,0.128125
3.41340000239,0.128125
3.41360000239,0.14375
3.41380000239,0.128125
3.41400000239,0.128125
3.41420000239,0.1125
3.41440000239,0.128125
3.41460000239,0.14375
3.41480000239,0.128125
3.41500000239,0.128125
3.41520000239,0.14375
3.41540000239,0.128125
3.41560000239,0.128125
3.41580000239,0.128125
3.41600000239,0.128125
3.41620000239,0.1125
3.41640000239,0.14375
3.41660000239,0.14375
3.41680000239,0.14375
3.41700000239,0.14375
3.41720000239,0.128125
3.41740000239,0.128125
3.41760000239,0.14375
3.41780000239,0.128125
3.41800000239,0.128125
3.41820000239,0.128125
3.41840000239,0.14375
3.41860000239,0.14375
3.41880000239,0.128125
3.41900000239,0.14375
3.41920000239,0.14375
3.41940000239,0.14375
3.41960000239,0.128125
3.41980000239,0.128125
3.42000000239,0.14375
3.42020000239,0.14375
3.42040000239,0.14375
3.42060000239,0.1125
3.42080000239,0.128125
3.42100000239,0.159375
3.42120000239,0.14375
3.42140000239,0.14375
3.42160000239,0.128125
3.42180000239,0.14375
3.42200000239,0.14375
3.42220000239,0.14375
3.42240000239,0.128125
3.42260000239,0.128125
3.42280000239,0.128125
3.42300000239,0.1125
3.42320000239,0.128125
3.42340000239,0.128125
3.42360000239,0.14375
3.42380000239,0.14375
3.42400000239,0.128125
3.42420000239,0.14375
3.42440000239,0.14375
3.42460000239,0.14375
3.42480000239,0.14375
3.42500000239,0.128125
3.42520000239,0.14375
3.42540000239,0.14375
3.42560000239,0.128125
3.42580000239,0.14375
3.42600000239,0.14375
3.42620000239,0.128125
3.42640000239,0.128125
3.42660000239,0.128125
3.42680000239,0.14375
3.42700000239,0.14375
3.42720000239,0.14375
3.42740000239,0.128125
3.42760000239,0.14375
3.42780000239,0.14375
3.42800000239,0.128125
3.42820000239,0.14375
3.42840000239,0.14375
3.42860000239,0.128125
3.42880000239,0.128125
3.42900000239,0.159375
3.42920000239,0.14375
3.42940000239,0.14375
3.42960000239,0.128125
3.42980000239,0.159375
3.43000000239,0.14375
3.43020000239,0.14375
3.43040000239,0.14375
3.43060000239,0.14375
3.43080000239,0.14375
3.43100000239,0.14375
3.43120000239,0.128125
3.43140000239,0.14375
3.43160000239,0.14375
3.43180000239,0.14375
3.43200000239,0.14375
3.43220000239,0.14375
3.43240000239,0.14375
3.43260000239,0.128125
3.43280000239,0.128125
3.43300000239,0.159375
3.43320000239,0.128125
3.43340000239,0.128125
3.43360000239,0.14375
3.43380000239,0.14375
3.43400000239,0.14375
3.43420000239,0.14375
3.43440000239,0.14375
3.43460000239,0.14375
3.43480000239,0.128125
3.43500000239,0.128125
3.43520000239,0.14375
3.43540000239,0.159375
3.43560000239,0.128125
3.43580000239,0.14375
3.43600000239,0.128125
3.43620000239,0.14375
3.43640000239,0.14375
3.43660000239,0.128125
3.43680000239,0.14375
3.43700000239,0.14375
3.43720000239,0.14375
3.43740000239,0.14375
3.43760000239,0.14375
3.43780000239,0.14375
3.43800000239,0.14375
3.43820000239,0.14375
3.43840000239,0.159375
3.43860000239,0.14375
3.43880000239,0.14375
3.43900000239,0.14375
3.43920000239,0.159375
3.43940000239,0.14375
3.43960000239,0.159375
3.43980000239,0.14375
3.44000000239,0.159375
3.44020000239,0.14375
3.44040000239,0.159375
3.44060000239,0.14375
3.44080000239,0.14375
3.44100000239,0.14375
3.44120000239,0.128125
3.44140000239,0.159375
3.44160000239,0.159375
3.44180000239,0.159375
3.44200000239,0.14375
3.44220000239,0.14375
3.44240000239,0.14375
3.44260000239,0.14375
3.44280000239,0.14375
3.44300000239,0.14375
3.44320000239,0.159375
3.44340000239,0.159375
3.44360000239,0.14375
3.44380000239,0.14375
3.44400000239,0.14375
3.44420000239,0.14375
3.44440000239,0.159375
3.44460000239,0.159375
3.44480000239,0.159375
3.44500000239,0.14375
3.44520000239,0.159375
3.44540000239,0.14375
3.44560000239,0.14375
3.44580000239,0.14375
3.44600000239,0.159375
3.44620000239,0.14375
3.44640000239,0.14375
3.44660000239,0.14375
3.44680000239,0.159375
3.44700000239,0.159375
3.44720000239,0.14375
3.44740000239,0.159375
3.44760000239,0.159375
3.44780000239,0.14375
3.44800000239,0.14375
3.44820000239,0.14375
3.44840000239,0.159375
3.44860000239,0.159375
3.44880000239,0.159375
3.44900000239,0.159375
3.44920000239,0.159375
3.44940000239,0.14375
3.44960000239,0.14375
3.44980000239,0.159375
3.45000000239,0.14375
3.45020000239,0.159375
3.45040000239,0.14375
3.45060000239,0.159375
3.45080000239,0.159375
3.45100000239,0.159375
3.45120000239,0.159375
3.45140000239,0.159375
3.45160000239,0.14375
3.45180000239,0.159375
3.45200000239,0.159375
3.45220000239,0.175
3.45240000239,0.159375
3.45260000239,0.175
3.45280000239,0.14375
3.45300000239,0.159375
3.45320000239,0.159375
3.45340000239,0.14375
3.45360000239,0.175
3.45380000239,0.175
3.45400000239,0.14375
3.45420000239,0.14375
3.45440000239,0.159375
3.45460000239,0.159375
3.45480000239,0.159375
3.45500000239,0.159375
3.45520000239,0.175
3.45540000239,0.159375
3.45560000239,0.159375
3.45580000239,0.159375
3.45600000239,0.159375
3.45620000239,0.159375
3.45640000239,0.159375
3.45660000239,0.175
3.45680000239,0.159375
3.45700000239,0.159375
3.45720000239,0.159375
3.45740000239,0.159375
3.45760000239,0.159375
3.45780000239,0.14375
3.45800000239,0.175
3.45820000239,0.14375
3.45840000239,0.175
3.45860000239,0.175
3.45880000239,0.175
3.45900000239,0.175
3.45920000239,0.159375
3.45940000239,0.14375
3.45960000239,0.159375
3.45980000239,0.159375
3.46000000239,0.159375
3.46020000239,0.175
3.46040000239,0.175
3.46060000239,0.175
3.46080000239,0.159375
3.46100000239,0.175
3.46120000239,0.175
3.46140000239,0.159375
3.46160000239,0.175
3.46180000239,0.175
3.46200000239,0.159375
3.46220000239,0.175
3.46240000239,0.159375
3.46260000239,0.159375
3.46280000239,0.159375
3.46300000239,0.159375
3.46320000239,0.175
3.46340000239,0.175
3.46360000239,0.159375
3.46380000239,0.159375
3.46400000239,0.175
3.46420000239,0.159375
3.46440000239,0.175
3.46460000239,0.175
3.46480000239,0.175
3.46500000239,0.159375
3.46520000239,0.175
3.46540000239,0.159375
3.46560000239,0.175
3.46580000239,0.159375
3.46600000239,0.175
3.46620000239,0.175
3.46640000239,0.159375
3.46660000239,0.175
3.46680000239,0.159375
3.46700000239,0.175
3.46720000239,0.159375
3.46740000239,0.175
3.46760000239,0.175
3.46780000239,0.159375
3.46800000239,0.175
3.46820000239,0.175
3.46840000239,0.190625
3.46860000239,0.175
3.46880000239,0.175
3.46900000239,0.175
3.46920000239,0.175
3.46940000239,0.175
3.46960000239,0.159375
3.46980000239,0.175
3.47000000239,0.175
3.47020000239,0.175
3.47040000239,0.175
3.47060000239,0.190625
3.47080000239,0.159375
3.47100000239,0.175
3.47120000239,0.190625
3.47140000239,0.175
3.47160000239,0.159375
3.47180000239,0.175
3.47200000239,0.175
3.47220000239,0.175
3.47240000239,0.175
3.47260000239,0.175
3.47280000239,0.175
3.47300000239,0.175
3.47320000239,0.175
3.47340000239,0.175
3.47360000239,0.175
3.47380000239,0.175
3.47400000239,0.159375
3.47420000239,0.190625
3.47440000239,0.175
3.47460000239,0.175
3.47480000239,0.175
3.47500000239,0.175
3.47520000239,0.190625
3.47540000239,0.175
3.47560000239,0.175
3.47580000239,0.175
3.47600000239,0.159375
3.47620000239,0.175
3.47640000239,0.175
3.47660000239,0.175
3.47680000239,0.175
3.47700000239,0.175
3.47720000239,0.175
3.47740000239,0.175
3.47760000239,0.175
3.47780000239,0.190625
3.47800000239,0.175
3.47820000239,0.190625
3.47840000239,0.175
3.47860000239,0.190625
3.47880000239,0.190625
3.47900000239,0.175
3.47920000239,0.20625
3.47940000239,0.175
3.47960000239,0.175
3.47980000239,0.175
3.48000000239,0.175
3.48020000239,0.190625
3.48040000239,0.175
3.48060000239,0.175
3.48080000239,0.190625
3.48100000239,0.190625
3.48120000239,0.175
3.48140000239,0.190625
3.48160000239,0.175
3.48180000239,0.190625
3.48200000239,0.190625
3.48220000239,0.190625
3.48240000239,0.175
3.48260000239,0.190625
3.48280000239,0.190625
3.48300000239,0.190625
3.48320000239,0.190625
3.48340000239,0.190625
3.48360000239,0.190625
3.48380000239,0.175
3.48400000239,0.190625
3.48420000239,0.20625
3.48440000239,0.190625
3.48460000239,0.175
3.48480000239,0.190625
3.48500000239,0.175
3.48520000239,0.190625
3.48540000239,0.190625
3.48560000239,0.190625
3.48580000239,0.190625
3.48600000239,0.20625
3.48620000239,0.190625
3.48640000239,0.190625
3.48660000239,0.190625
3.48680000239,0.20625
3.48700000239,0.175
3.48720000239,0.190625
3.48740000239,0.20625
3.48760000239,0.190625
3.48780000239,0.190625
3.48800000239,0.175
3.48820000239,0.190625
3.48840000239,0.190625
3.48860000239,0.190625
3.48880000239,0.20625
3.48900000239,0.190625
3.48920000239,0.190625
3.48940000239,0.190625
3.48960000239,0.190625
3.48980000239,0.20625
3.49000000239,0.20625
3.49020000239,0.20625
3.49040000239,0.190625
3.49060000239,0.20625
3.49080000239,0.20625
3.49100000239,0.20625
3.49120000239,0.20625
3.49140000239,0.20625
3.49160000239,0.20625
3.49180000239,0.20625
3.49200000239,0.20625
3.49220000239,0.190625
3.49240000239,0.190625
3.49260000239,0.20625
3.49280000239,0.20625
3.49300000239,0.20625
3.49320000239,0.20625
3.49340000239,0.20625
3.49360000239,0.190625
3.49380000239,0.20625
3.49400000239,0.190625
3.49420000239,0.20625
3.49440000239,0.20625
3.49460000239,0.20625
3.49480000239,0.190625
3.49500000239,0.20625
3.49520000239,0.20625
3.49540000239,0.20625
3.49560000239,0.20625
3.49580000239,0.190625
3.49600000239,0.190625
3.49620000239,0.20625
3.49640000239,0.20625
3.49660000239,0.20625
3.49680000239,0.190625
3.49700000239,0.20625
3.49720000239,0.20625
3.49740000239,0.20625
3.49760000239,0.221875
3.49780000239,0.190625
3.49800000239,0.20625
3.49820000239,0.20625
3.49840000239,0.20625
3.49860000239,0.20625
3.49880000239,0.20625
3.49900000239,0.20625
3.49920000239,0.20625
3.49940000239,0.20625
3.49960000239,0.20625
3.49980000239,0.20625
3.50000000239,0.20625
3.50020000239,0.221875
3.50040000239,0.20625
3.50060000239,0.20625
3.50080000239,0.20625
3.50100000239,0.20625
3.50120000239,0.20625
3.50140000239,0.20625
3.50160000239,0.20625
3.50180000239,0.221875
3.50200000239,0.221875
3.50220000239,0.20625
3.50240000239,0.190625
3.50260000239,0.221875
3.50280000239,0.20625
3.50300000239,0.221875
3.50320000239,0.221875
3.50340000239,0.221875
3.50360000239,0.221875
3.50380000239,0.20625
3.50400000239,0.20625
3.50420000239,0.20625
3.50440000239,0.20625
3.50460000239,0.221875
3.50480000239,0.20625
3.50500000239,0.20625
3.50520000239,0.221875
3.50540000239,0.221875
3.50560000239,0.221875
3.50580000239,0.221875
3.50600000239,0.221875
3.50620000239,0.221875
3.50640000239,0.221875
3.50660000239,0.20625
3.50680000239,0.20625
3.50700000239,0.221875
3.50720000239,0.221875
3.50740000239,0.221875
3.50760000239,0.2375
3.50780000239,0.221875
3.50800000239,0.221875
3.50820000239,0.20625
3.50840000239,0.20625
3.50860000239,0.221875
3.50880000239,0.221875
3.50900000239,0.221875
3.50920000239,0.221875
3.50940000239,0.221875
3.50960000239,0.221875
3.50980000239,0.20625
3.51000000239,0.2375
3.51020000239,0.20625
3.51040000239,0.221875
3.51060000239,0.2375
3.51080000239,0.2375
3.51100000239,0.221875
3.51120000239,0.20625
3.51140000239,0.221875
3.51160000239,0.221875
3.51180000239,0.221875
3.51200000239,0.221875
3.51220000239,0.2375
3.51240000239,0.221875
3.51260000239,0.221875
3.51280000239,0.221875
3.51300000239,0.253125
3.51320000239,0.2375
3.51340000239,0.2375
3.51360000239,0.221875
3.51380000239,0.221875
3.51400000239,0.2375
3.51420000239,0.221875
3.51440000239,0.221875
3.51460000239,0.2375
3.51480000239,0.221875
3.51500000239,0.221875
3.51520000239,0.221875
3.51540000239,0.221875
3.51560000239,0.221875
3.51580000239,0.2375
3.51600000239,0.221875
3.51620000239,0.2375
3.51640000239,0.221875
3.51660000239,0.221875
3.51680000239,0.221875
3.51700000239,0.221875
3.51720000239,0.221875
3.51740000239,0.2375
3.51760000239,0.2375
3.51780000239,0.2375
3.51800000239,0.221875
3.51820000239,0.2375
3.51840000239,0.2375
3.51860000239,0.2375
3.51880000239,0.221875
3.51900000239,0.221875
3.51920000239,0.2375
3.51940000239,0.2375
3.51960000239,0.221875
3.51980000239,0.221875
3.52000000239,0.2375
3.52020000239,0.2375
3.52040000239,0.221875
3.52060000239,0.221875
3.52080000239,0.2375
3.52100000239,0.253125
3.52120000239,0.253125
3.52140000239,0.2375
3.52160000239,0.253125
3.52180000239,0.253125
3.52200000239,0.2375
3.52220000239,0.2375
3.52240000239,0.2375
3.52260000239,0.221875
3.52280000239,0.2375
3.52300000239,0.2375
3.52320000239,0.253125
3.52340000239,0.253125
3.52360000239,0.2375
3.52380000239,0.2375
3.52400000239,0.253125
3.52420000239,0.253125
3.52440000239,0.253125
3.52460000239,0.2375
3.52480000239,0.221875
3.52500000239,0.253125
3.52520000239,0.253125
3.52540000239,0.253125
3.52560000239,0.2375
3.52580000239,0.253125
3.52600000239,0.2375
3.52620000239,0.2375
3.52640000239,0.253125
3.52660000239,0.2375
3.52680000239,0.253125
3.52700000239,0.26875
3.52720000239,0.2375
3.52740000239,0.253125
3.52760000239,0.253125
3.52780000239,0.2375
3.52800000239,0.2375
3.52820000239,0.253125
3.52840000239,0.26875
3.52860000239,0.2375
3.52880000239,0.253125
3.52900000239,0.253125
3.52920000239,0.253125
3.52940000239,0.253125
3.52960000239,0.253125
3.52980000239,0.253125
3.53000000239,0.2375
3.53020000239,0.2375
3.53040000239,0.2375
3.53060000239,0.2375
3.53080000239,0.2375
3.53100000239,0.253125
3.53120000239,0.2375
3.53140000239,0.2375
3.53160000239,0.26875
3.53180000239,0.26875
3.53200000239,0.253125
3.53220000239,0.26875
3.53240000239,0.2375
3.53260000239,0.2375
3.53280000239,0.2375
3.53300000239,0.26875
3.53320000239,0.26875
3.53340000239,0.253125
3.53360000239,0.253125
3.53380000239,0.2375
3.53400000239,0.253125
3.53420000239,0.253125
3.53440000239,0.26875
3.53460000239,0.253125
3.53480000239,0.26875
3.53500000239,0.253125
3.53520000239,0.253125
3.53540000239,0.253125
3.53560000239,0.2375
3.53580000239,0.253125
3.53600000239,0.253125
3.53620000239,0.253125
3.53640000239,0.253125
3.53660000239,0.26875
3.53680000239,0.26875
3.53700000239,0.253125
3.53720000239,0.253125
3.53740000239,0.26875
3.53760000239,0.253125
3.53780000239,0.26875
3.53800000239,0.253125
3.53820000239,0.253125
3.53840000239,0.26875
3.53860000239,0.2375
3.53880000239,0.26875
3.53900000239,0.253125
3.53920000239,0.253125
3.53940000239,0.26875
3.53960000239,0.26875
3.53980000239,0.26875
3.54000000239,0.26875
3.54020000239,0.26875
3.54040000239,0.253125
3.54060000239,0.253125
3.54080000239,0.253125
3.54100000239,0.253125
3.54120000239,0.26875
3.54140000239,0.26875
3.54160000239,0.253125
3.54180000239,0.26875
3.54200000239,0.26875
3.54220000239,0.26875
3.54240000239,0.26875
3.54260000239,0.26875
3.54280000239,0.26875
3.54300000239,0.253125
3.54320000239,0.26875
3.54340000239,0.26875
3.54360000239,0.26875
3.54380000239,0.26875
3.54400000239,0.26875
3.54420000239,0.253125
3.54440000239,0.26875
3.54460000239,0.26875
3.54480000239,0.284375
3.54500000239,0.26875
3.54520000239,0.26875
3.54540000239,0.26875
3.54560000239,0.26875
3.54580000239,0.253125
3.54600000239,0.26875
3.54620000239,0.26875
3.54640000239,0.26875
3.54660000239,0.26875
3.54680000239,0.26875
3.54700000239,0.26875
3.54720000239,0.284375
3.54740000239,0.26875
3.54760000239,0.26875
3.54780000239,0.26875
3.54800000239,0.26875
3.54820000239,0.284375
3.54840000239,0.284375
3.54860000239,0.26875
3.54880000239,0.253125
3.54900000239,0.284375
3.54920000239,0.253125
3.54940000239,0.26875
3.54960000239,0.26875
3.54980000239,0.284375
3.55000000239,0.26875
3.55020000239,0.26875
3.55040000239,0.26875
3.55060000239,0.284375
3.55080000239,0.26875
3.55100000239,0.26875
3.55120000239,0.26875
3.55140000239,0.26875
3.55160000239,0.3
3.55180000239,0.284375
3.55200000239,0.26875
3.55220000239,0.26875
3.55240000239,0.26875
3.55260000239,0.284375
3.55280000239,0.284375
3.55300000239,0.284375
3.55320000239,0.284375
3.55340000239,0.26875
3.55360000239,0.284375
3.55380000239,0.26875
3.55400000239,0.26875
3.55420000239,0.284375
3.55440000239,0.26875
3.55460000239,0.26875
3.55480000239,0.26875
3.55500000239,0.284375
3.55520000239,0.284375
3.55540000239,0.284375
3.55560000239,0.284375
3.55580000239,0.284375
3.55600000239,0.26875
3.55620000239,0.284375
3.55640000239,0.26875
3.55660000239,0.284375
3.55680000239,0.284375
3.55700000239,0.26875
3.55720000239,0.284375
3.55740000239,0.284375
3.55760000239,0.284375
3.55780000239,0.26875
3.55800000239,0.26875
3.55820000239,0.284375
3.55840000239,0.284375
3.55860000239,0.284375
3.55880000239,0.3
3.55900000239,0.26875
3.55920000239,0.284375
3.55940000239,0.284375
3.55960000239,0.284375
3.55980000239,0.284375
3.56000000239,0.3
3.56020000239,0.3
3.56040000239,0.3
3.56060000239,0.284375
3.56080000239,0.284375
3.56100000239,0.3
3.56120000239,0.284375
3.56140000239,0.3
3.56160000239,0.284375
3.56180000239,0.284375
3.56200000239,0.3
3.56220000239,0.3
3.56240000239,0.26875
3.56260000239,0.284375
3.56280000239,0.284375
3.56300000239,0.284375
3.56320000239,0.284375
3.56340000239,0.284375
3.56360000239,0.3
3.56380000239,0.284375
3.56400000239,0.3
3.56420000239,0.284375
3.56440000239,0.284375
3.56460000239,0.284375
3.56480000239,0.284375
3.56500000239,0.284375
3.56520000239,0.3
3.56540000239,0.284375
3.56560000239,0.284375
3.56580000239,0.284375
3.56600000239,0.284375
3.56620000239,0.26875
3.56640000239,0.3
3.56660000239,0.284375
3.56680000239,0.3
3.56700000239,0.3
3.56720000239,0.3
3.56740000239,0.3
3.56760000239,0.3
3.56780000239,0.3
3.56800000239,0.3
3.56820000239,0.315625
3.56840000239,0.284375
3.56860000239,0.284375
3.56880000239,0.26875
3.56900000239,0.284375
3.56920000239,0.3
3.56940000239,0.284375
3.56960000239,0.3
3.56980000239,0.3
3.57000000239,0.284375
3.57020000239,0.284375
3.57040000239,0.3
3.57060000239,0.3
3.57080000239,0.3
3.57100000239,0.3
3.57120000239,0.3
3.57140000239,0.315625
3.57160000239,0.3
3.57180000239,0.3
3.57200000239,0.284375
3.57220000239,0.3
3.57240000239,0.3
3.57260000239,0.315625
3.57280000239,0.284375
3.57300000239,0.3
3.57320000239,0.284375
3.57340000239,0.3
3.57360000239,0.284375
3.57380000239,0.3
3.57400000239,0.3
3.57420000239,0.3
3.57440000239,0.3
3.57460000239,0.284375
3.57480000239,0.3
3.57500000239,0.3
3.57520000239,0.3
3.57540000239,0.3
3.57560000239,0.3
3.57580000239,0.3
3.57600000239,0.3
3.57620000239,0.284375
3.57640000239,0.3
3.57660000239,0.315625
3.57680000239,0.3
3.57700000239,0.315625
3.57720000239,0.3
3.57740000239,0.3
3.57760000239,0.3
3.57780000239,0.3
3.57800000239,0.3
3.57820000239,0.3
3.57840000239,0.3
3.57860000239,0.3
3.57880000239,0.315625
3.57900000239,0.3
3.57920000239,0.3
3.57940000239,0.3
3.57960000239,0.3
3.57980000239,0.3
3.58000000239,0.3
3.58020000239,0.3
3.58040000239,0.3
3.58060000239,0.315625
3.58080000239,0.3
3.58100000239,0.315625
3.58120000239,0.3
3.58140000239,0.315625
3.58160000239,0.315625
3.58180000239,0.3
3.58200000239,0.315625
3.58220000239,0.315625
3.58240000239,0.3
3.58260000239,0.3
3.58280000239,0.315625
3.58300000239,0.315625
3.58320000239,0.315625
3.58340000239,0.315625
3.58360000239,0.315625
3.58380000239,0.315625
3.58400000239,0.3
3.58420000239,0.3
3.58440000239,0.3
3.58460000239,0.315625
3.58480000239,0.315625
3.58500000239,0.3
3.58520000239,0.315625
3.58540000239,0.315625
3.58560000239,0.315625
3.58580000239,0.3
3.58600000239,0.3
3.58620000239,0.315625
3.58640000239,0.315625
3.58660000239,0.3
3.58680000239,0.315625
3.58700000239,0.315625
3.58720000239,0.315625
3.58740000239,0.3
3.58760000239,0.3
3.58780000239,0.284375
3.58800000239,0.315625
3.58820000239,0.315625
3.58840000239,0.315625
3.58860000239,0.315625
3.58880000239,0.315625
3.58900000239,0.315625
3.58920000239,0.315625
3.58940000239,0.315625
3.58960000239,0.315625
3.58980000239,0.33125
3.59000000239,0.315625
3.59020000239,0.315625
3.59040000239,0.315625
3.59060000239,0.315625
3.59080000239,0.315625
3.59100000239,0.315625
3.59120000239,0.315625
3.59140000239,0.315625
3.59160000239,0.315625
3.59180000239,0.3
3.59200000239,0.3
3.59220000239,0.315625
3.59240000239,0.33125
3.59260000239,0.315625
3.59280000239,0.315625
3.59300000239,0.315625
3.59320000239,0.315625
3.59340000239,0.3
3.59360000239,0.315625
3.59380000239,0.315625
3.59400000239,0.315625
3.59420000239,0.33125
3.59440000239,0.315625
3.59460000239,0.315625
3.59480000239,0.33125
3.59500000239,0.315625
3.59520000239,0.315625
3.59540000239,0.33125
3.59560000239,0.33125
3.59580000239,0.315625
3.59600000239,0.315625
3.59620000239,0.315625
3.59640000239,0.315625
3.59660000239,0.315625
3.59680000239,0.315625
3.59700000239,0.33125
3.59720000239,0.33125
3.59740000239,0.315625
3.59760000239,0.33125
3.59780000239,0.315625
3.59800000239,0.315625
3.59820000239,0.315625
3.59840000239,0.33125
3.59860000239,0.315625
3.59880000239,0.33125
3.59900000239,0.33125
3.59920000239,0.33125
3.59940000239,0.315625
3.59960000239,0.315625
3.59980000239,0.315625
3.60000000239,0.315625
3.60020000239,0.33125
3.60040000239,0.315625
3.60060000239,0.315625
3.60080000239,0.33125
3.60100000239,0.33125
3.60120000239,0.315625
3.60140000239,0.33125
3.60160000239,0.33125
3.60180000239,0.33125
3.60200000239,0.33125
3.60220000239,0.315625
3.60240000239,0.33125
3.60260000239,0.33125
3.60280000239,0.33125
3.60300000239,0.315625
3.60320000239,0.33125
3.60340000239,0.315625
3.60360000239,0.315625
3.60380000239,0.33125
3.60400000239,0.315625
3.60420000239,0.33125
3.60440000239,0.33125
3.60460000239,0.315625
3.60480000239,0.346875
3.60500000239,0.33125
3.60520000239,0.33125
3.60540000239,0.315625
3.60560000239,0.33125
3.60580000239,0.346875
3.60600000239,0.33125
3.60620000239,0.315625
3.60640000239,0.33125
3.60660000239,0.315625
3.60680000239,0.33125
3.60700000239,0.33125
3.60720000239,0.315625
3.60740000239,0.315625
3.60760000239,0.33125
3.60780000239,0.33125
3.60800000239,0.33125
3.60820000239,0.33125
3.60840000239,0.33125
3.60860000239,0.346875
3.60880000239,0.315625
3.60900000239,0.346875
3.60920000239,0.346875
3.60940000239,0.33125
3.60960000239,0.33125
3.60980000239,0.33125
3.61000000239,0.33125
3.61020000239,0.33125
3.61040000239,0.346875
3.61060000239,0.315625
3.61080000239,0.33125
3.61100000239,0.346875
3.61120000239,0.315625
3.61140000239,0.33125
3.61160000239,0.315625
3.61180000239,0.346875
3.61200000239,0.33125
3.61220000239,0.33125
3.61240000239,0.33125
3.61260000239,0.346875
3.61280000239,0.33125
3.61300000239,0.315625
3.61320000239,0.33125
3.61340000239,0.33125
3.61360000239,0.346875
3.61380000239,0.346875
3.61400000239,0.3625
3.61420000239,0.33125
3.61440000239,0.33125
3.61460000239,0.33125
3.61480000239,0.33125
3.61500000239,0.33125
3.61520000239,0.346875
3.61540000239,0.33125
3.61560000239,0.346875
3.61580000239,0.33125
3.61600000239,0.33125
3.61620000239,0.346875
3.61640000239,0.33125
3.61660000239,0.346875
3.61680000239,0.33125
3.61700000239,0.33125
3.61720000239,0.346875
3.61740000239,0.346875
3.61760000239,0.346875
3.61780000239,0.33125
3.61800000239,0.346875
3.61820000239,0.346875
3.61840000239,0.346875
3.61860000239,0.346875
3.61880000239,0.346875
3.61900000239,0.346875
3.61920000239,0.346875
3.61940000239,0.346875
3.61960000239,0.346875
3.61980000239,0.346875
3.62000000239,0.346875
3.62020000239,0.346875
3.62040000239,0.33125
3.62060000239,0.346875
3.62080000239,0.346875
3.62100000239,0.3625
3.62120000239,0.3625
3.62140000239,0.346875
3.62160000239,0.346875
3.62180000239,0.346875
3.62200000239,0.346875
3.62220000239,0.346875
3.62240000239,0.346875
3.62260000239,0.346875
3.62280000239,0.346875
3.62300000239,0.346875
3.62320000239,0.346875
3.62340000239,0.346875
3.62360000239,0.346875
3.62380000239,0.346875
3.62400000239,0.346875
3.62420000239,0.346875
3.62440000239,0.346875
3.62460000239,0.346875
3.62480000239,0.346875
3.62500000239,0.346875
3.62520000239,0.346875
3.62540000239,0.346875
3.62560000239,0.346875
3.62580000239,0.346875
3.62600000239,0.346875
3.62620000239,0.33125
3.62640000239,0.3625
3.62660000239,0.346875
3.62680000239,0.346875
3.62700000239,0.346875
3.62720000239,0.346875
3.62740000239,0.346875
3.62760000239,0.346875
3.62780000239,0.346875
3.62800000239,0.346875
3.62820000239,0.346875
3.62840000239,0.3625
3.62860000239,0.3625
3.62880000239,0.3625
3.62900000239,0.3625
3.62920000239,0.346875
3.62940000239,0.346875
3.62960000239,0.3625
3.62980000239,0.346875
3.63000000239,0.346875
3.63020000239,0.346875
3.63040000239,0.3625
3.63060000239,0.33125
3.63080000239,0.346875
3.63100000239,0.346875
3.63120000239,0.346875
3.63140000239,0.346875
3.63160000239,0.3625
3.63180000239,0.3625
3.63200000239,0.3625
3.63220000239,0.3625
3.63240000239,0.346875
3.63260000239,0.3625
3.63280000239,0.3625
3.63300000239,0.346875
3.63320000239,0.346875
3.63340000239,0.3625
3.63360000239,0.3625
3.63380000239,0.3625
3.63400000239,0.3625
3.63420000239,0.346875
3.63440000239,0.346875
3.63460000239,0.3625
3.63480000239,0.3625
3.63500000239,0.3625
3.63520000239,0.3625
3.63540000239,0.346875
3.63560000239,0.3625
3.63580000239,0.3625
3.63600000239,0.3625
3.63620000239,0.346875
3.63640000239,0.346875
3.63660000239,0.3625
3.63680000239,0.346875
3.63700000239,0.3625
3.63720000239,0.346875
3.63740000239,0.346875
3.63760000239,0.3625
3.63780000239,0.3625
3.63800000239,0.346875
3.63820000239,0.378125
3.63840000239,0.378125
3.63860000239,0.378125
3.63880000239,0.3625
3.63900000239,0.39375
3.63920000239,0.39375
3.63940000239,0.346875
3.63960000239,0.346875
3.63980000239,0.378125
3.64000000239,0.378125
3.64020000239,0.3625
3.64040000239,0.3625
3.64060000239,0.3625
3.64080000239,0.3625
3.64100000239,0.3625
3.64120000239,0.3625
3.64140000239,0.3625
3.64160000239,0.3625
3.64180000239,0.378125
3.64200000239,0.3625
3.64220000239,0.3625
3.64240000239,0.378125
3.64260000239,0.378125
3.64280000239,0.3625
3.64300000239,0.378125
3.64320000239,0.378125
3.64340000239,0.3625
3.64360000239,0.3625
3.64380000239,0.378125
3.64400000239,0.378125
3.64420000239,0.346875
3.64440000239,0.3625
3.64460000239,0.378125
3.64480000239,0.378125
3.64500000239,0.3625
3.64520000239,0.346875
3.64540000239,0.3625
3.64560000239,0.3625
3.64580000239,0.378125
3.64600000239,0.3625
3.64620000239,0.378125
3.64640000239,0.3625
3.64660000239,0.346875
3.64680000239,0.378125
3.64700000239,0.378125
3.64720000239,0.39375
3.64740000239,0.378125
3.64760000239,0.378125
3.64780000239,0.378125
3.64800000239,0.378125
3.64820000239,0.3625
3.64840000239,0.378125
3.64860000239,0.3625
3.64880000239,0.3625
3.64900000239,0.378125
3.64920000239,0.378125
3.64940000239,0.378125
3.64960000239,0.39375
3.64980000239,0.378125
3.65000000239,0.378125
3.65020000239,0.39375
3.65040000239,0.378125
3.65060000239,0.378125
3.65080000239,0.3625
3.65100000239,0.378125
3.65120000239,0.378125
3.65140000239,0.39375
3.65160000239,0.3625
3.65180000239,0.378125
3.65200000239,0.39375
3.65220000239,0.378125
3.65240000239,0.378125
3.65260000239,0.378125
3.65280000239,0.378125
3.65300000239,0.378125
3.65320000239,0.39375
3.65340000239,0.39375
3.65360000239,0.378125
3.65380000239,0.39375
3.65400000239,0.378125
3.65420000239,0.39375
3.65440000239,0.378125
3.65460000239,0.39375
3.65480000239,0.378125
3.65500000239,0.39375
3.65520000239,0.378125
3.65540000239,0.39375
3.65560000239,0.39375
3.65580000239,0.378125
3.65600000239,0.39375
3.65620000239,0.378125
3.65640000239,0.378125
3.65660000239,0.39375
3.65680000239,0.39375
3.65700000239,0.378125
3.65720000239,0.378125
3.65740000239,0.39375
3.65760000239,0.378125
3.65780000239,0.378125
3.65800000239,0.39375
3.65820000239,0.39375
3.65840000239,0.39375
3.65860000239,0.378125
3.65880000239,0.378125
3.65900000239,0.39375
3.65920000239,0.39375
3.65940000239,0.39375
3.65960000239,0.378125
3.65980000239,0.39375
3.66000000239,0.39375
3.66020000239,0.39375
3.66040000239,0.378125
3.66060000239,0.39375
3.66080000239,0.39375
3.66100000239,0.39375
3.66120000239,0.409375
3.66140000239,0.39375
3.66160000239,0.409375
3.66180000239,0.39375
3.66200000239,0.378125
3.66220000239,0.39375
3.66240000239,0.39375
3.66260000239,0.409375
3.66280000239,0.409375
3.66300000239,0.409375
3.66320000239,0.39375
3.66340000239,0.409375
3.66360000239,0.39375
3.66380000239,0.409375
3.66400000239,0.39375
3.66420000239,0.39375
3.66440000239,0.409375
3.66460000239,0.409375
3.66480000239,0.39375
3.66500000239,0.39375
3.66520000239,0.425
3.66540000239,0.409375
3.66560000239,0.39375
3.66580000239,0.39375
3.66600000239,0.409375
3.66620000239,0.39375
3.66640000239,0.425
3.66660000239,0.409375
3.66680000239,0.409375
3.66700000239,0.39375
3.66720000239,0.409375
3.66740000239,0.409375
3.66760000239,0.39375
3.66780000239,0.409375
3.66800000239,0.409375
3.66820000239,0.425
3.66840000239,0.409375
3.66860000239,0.409375
3.66880000239,0.409375
3.66900000239,0.409375
3.66920000239,0.425
3.66940000239,0.409375
3.66960000239,0.425
3.66980000239,0.425
3.67000000239,0.425
3.67020000239,0.425
3.67040000239,0.425
3.67060000239,0.425
3.67080000239,0.425
3.67100000239,0.425
3.67120000239,0.409375
3.67140000239,0.425
3.67160000239,0.409375
3.67180000239,0.425
3.67200000239,0.425
3.67220000239,0.425
3.67240000239,0.425
3.67260000239,0.425
3.67280000239,0.425
3.67300000239,0.425
3.67320000239,0.440625
3.67340000239,0.425
3.67360000239,0.425
3.67380000239,0.425
3.67400000239,0.425
3.67420000239,0.425
3.67440000239,0.425
3.67460000239,0.425
3.67480000239,0.409375
3.67500000239,0.425
3.67520000239,0.425
3.67540000239,0.440625
3.67560000239,0.425
3.67580000239,0.425
3.67600000239,0.440625
3.67620000239,0.440625
3.67640000239,0.425
3.67660000239,0.425
3.67680000239,0.409375
3.67700000239,0.425
3.67720000239,0.409375
3.67740000239,0.425
3.67760000239,0.425
3.67780000239,0.440625
3.67800000239,0.425
3.67820000239,0.425
3.67840000239,0.425
3.67860000239,0.440625
3.67880000239,0.425
3.67900000239,0.425
3.67920000239,0.440625
3.67940000239,0.45625
3.67960000239,0.440625
3.67980000239,0.440625
3.68000000239,0.440625
3.68020000239,0.440625
3.68040000239,0.440625
3.68060000239,0.45625
3.68080000239,0.425
3.68100000239,0.45625
3.68120000239,0.440625
3.68140000239,0.440625
3.68160000239,0.45625
3.68180000239,0.425
3.68200000239,0.440625
3.68220000239,0.440625
3.68240000239,0.440625
3.68260000239,0.440625
3.68280000239,0.440625
3.68300000239,0.440625
3.68320000239,0.440625
3.68340000239,0.440625
3.68360000239,0.440625
3.68380000239,0.440625
3.68400000239,0.440625
3.68420000239,0.425
3.68440000239,0.440625
3.68460000239,0.45625
3.68480000239,0.440625
3.68500000239,0.45625
3.68520000239,0.471875
3.68540000239,0.45625
3.68560000239,0.45625
3.68580000239,0.45625
3.68600000239,0.45625
3.68620000239,0.45625
3.68640000239,0.45625
3.68660000239,0.45625
3.68680000239,0.45625
3.68700000239,0.45625
3.68720000239,0.471875
3.68740000239,0.45625
3.68760000239,0.471875
3.68780000239,0.45625
3.68800000239,0.440625
3.68820000239,0.45625
3.68840000239,0.471875
3.68860000239,0.440625
3.68880000239,0.45625
3.68900000239,0.45625
3.68920000239,0.471875
3.68940000239,0.471875
3.68960000239,0.45625
3.68980000239,0.45625
3.69000000239,0.471875
3.69020000239,0.471875
3.69040000239,0.471875
3.69060000239,0.471875
3.69080000239,0.45625
3.69100000239,0.471875
3.69120000239,0.45625
3.69140000239,0.471875
3.69160000239,0.471875
3.69180000239,0.471875
3.69200000239,0.471875
3.69220000239,0.4875
3.69240000239,0.471875
3.69260000239,0.471875
3.69280000239,0.45625
3.69300000239,0.4875
3.69320000239,0.471875
3.69340000239,0.471875
3.69360000239,0.471875
3.69380000239,0.471875
3.69400000239,0.471875
3.69420000239,0.4875
3.69440000239,0.4875
3.69460000239,0.471875
3.69480000239,0.4875
3.69500000239,0.471875
3.69520000239,0.4875
3.69540000239,0.503125
3.69560000239,0.4875
3.69580000239,0.4875
3.69600000239,0.4875
3.69620000239,0.4875
3.69640000239,0.471875
3.69660000239,0.4875
3.69680000239,0.4875
3.69700000239,0.4875
3.69720000239,0.503125
3.69740000239,0.471875
3.69760000239,0.4875
3.69780000239,0.4875
3.69800000239,0.4875
3.69820000239,0.4875
3.69840000239,0.503125
3.69860000239,0.503125
3.69880000239,0.4875
3.69900000239,0.4875
3.69920000239,0.4875
3.69940000239,0.4875
3.69960000239,0.503125
3.69980000239,0.503125
3.70000000239,0.503125
3.70020000239,0.4875
3.70040000239,0.503125
3.70060000239,0.503125
3.70080000239,0.503125
3.70100000239,0.503125
3.70120000239,0.503125
3.70140000239,0.503125
3.70160000239,0.503125
3.70180000239,0.503125
3.70200000239,0.503125
3.70220000239,0.4875
3.70240000239,0.503125
3.70260000239,0.4875
3.70280000239,0.51875
3.70300000239,0.503125
3.70320000239,0.4875
3.70340000239,0.51875
3.70360000239,0.503125
3.70380000239,0.51875
3.70400000239,0.51875
3.70420000239,0.503125
3.70440000239,0.51875
3.70460000239,0.503125
3.70480000239,0.503125
3.70500000239,0.51875
3.70520000239,0.51875
3.70540000239,0.51875
3.70560000239,0.51875
3.70580000239,0.503125
3.70600000239,0.51875
3.70620000239,0.503125
3.70640000239,0.51875
3.70660000239,0.503125
3.70680000239,0.503125
3.70700000239,0.51875
3.70720000239,0.51875
3.70740000239,0.51875
3.70760000239,0.534375
3.70780000239,0.503125
3.70800000239,0.51875
3.70820000239,0.51875
3.70840000239,0.534375
3.70860000239,0.534375
3.70880000239,0.534375
3.70900000239,0.51875
3.70920000239,0.51875
3.70940000239,0.534375
3.70960000239,0.534375
3.70980000239,0.534375
3.71000000239,0.51875
3.71020000239,0.51875
3.71040000239,0.51875
3.71060000239,0.534375
3.71080000239,0.534375
3.71100000239,0.534375
3.71120000239,0.534375
3.71140000239,0.51875
3.71160000239,0.534375
3.71180000239,0.55
3.71200000239,0.534375
3.71220000239,0.534375
3.71240000239,0.534375
3.71260000239,0.534375
3.71280000239,0.51875
3.71300000239,0.534375
3.71320000239,0.534375
3.71340000239,0.534375
3.71360000239,0.55
3.71380000239,0.534375
3.71400000239,0.55
3.71420000239,0.55
3.71440000239,0.534375
3.71460000239,0.51875
3.71480000239,0.55
3.71500000239,0.534375
3.71520000239,0.55
3.71540000239,0.55
3.71560000239,0.534375
3.71580000239,0.55
3.71600000239,0.55
3.71620000239,0.534375
3.71640000239,0.55
3.71660000239,0.55
3.71680000239,0.55
3.71700000239,0.534375
3.71720000239,0.534375
3.71740000239,0.55
3.71760000239,0.55
3.71780000239,0.534375
3.71800000239,0.55
3.71820000239,0.55
3.71840000239,0.55
3.71860000239,0.55
3.71880000239,0.55
3.71900000239,0.55
3.71920000239,0.534375
3.71940000239,0.55
3.71960000239,0.565625
3.71980000239,0.565625
3.72000000239,0.55
3.72020000239,0.565625
3.72040000239,0.55
3.72060000239,0.565625
3.72080000239,0.565625
3.72100000239,0.55
3.72120000239,0.565625
3.72140000239,0.55
3.72160000239,0.565625
3.72180000239,0.55
3.72200000239,0.55
3.72220000239,0.565625
3.72240000239,0.55
3.72260000239,0.55
3.72280000239,0.55
3.72300000239,0.565625
3.72320000239,0.565625
3.72340000239,0.565625
3.72360000239,0.55
3.72380000239,0.565625
3.72400000239,0.565625
3.72420000239,0.55
3.72440000239,0.565625
3.72460000239,0.565625
3.72480000239,0.565625
3.72500000239,0.565625
3.72520000239,0.565625
3.72540000239,0.565625
3.72560000239,0.565625
3.72580000239,0.565625
3.72600000239,0.58125
3.72620000239,0.565625
3.72640000239,0.565625
3.72660000239,0.565625
3.72680000239,0.58125
3.72700000239,0.565625
3.72720000239,0.565625
3.72740000239,0.565625
3.72760000239,0.565625
3.72780000239,0.58125
3.72800000239,0.58125
3.72820000239,0.565625
3.72840000239,0.596875
3.72860000239,0.58125
3.72880000239,0.58125
3.72900000239,0.58125
3.72920000239,0.58125
3.72940000239,0.58125
3.72960000239,0.58125
3.72980000239,0.565625
3.73000000239,0.58125
3.73020000239,0.58125
3.73040000239,0.596875
3.73060000239,0.58125
3.73080000239,0.596875
3.73100000239,0.58125
3.73120000239,0.596875
3.73140000239,0.58125
3.73160000239,0.596875
3.73180000239,0.596875
3.73200000239,0.58125
3.73220000239,0.596875
3.73240000239,0.58125
3.73260000239,0.58125
3.73280000239,0.596875
3.73300000239,0.596875
3.73320000239,0.58125
3.73340000239,0.596875
3.73360000239,0.596875
3.73380000239,0.58125
3.73400000239,0.596875
3.73420000239,0.6125
3.73440000239,0.6125
3.73460000239,0.596875
3.73480000239,0.596875
3.73500000239,0.596875
3.73520000239,0.596875
3.73540000239,0.596875
3.73560000239,0.6125
3.73580000239,0.596875
3.73600000239,0.596875
3.73620000239,0.6125
3.73640000239,0.6125
3.73660000239,0.6125
3.73680000239,0.6125
3.73700000239,0.6125
3.73720000239,0.6125
3.73740000239,0.596875
3.73760000239,0.596875
3.73780000239,0.6125
3.73800000239,0.596875
3.73820000239,0.628125
3.73840000239,0.596875
3.73860000239,0.596875
3.73880000239,0.628125
3.73900000239,0.628125
3.73920000239,0.6125
3.73940000239,0.6125
3.73960000239,0.6125
3.73980000239,0.6125
3.74000000239,0.628125
3.74020000239,0.6125
3.74040000239,0.628125
3.74060000239,0.6125
3.74080000239,0.628125
3.74100000239,0.628125
3.74120000239,0.628125
3.74140000239,0.628125
3.74160000239,0.6125
3.74180000239,0.6125
3.74200000239,0.628125
3.74220000239,0.628125
3.74240000239,0.628125
3.74260000239,0.628125
3.74280000239,0.64375
3.74300000239,0.64375
3.74320000239,0.64375
3.74340000239,0.628125
3.74360000239,0.628125
3.74380000239,0.628125
3.74400000239,0.628125
3.74420000239,0.628125
3.74440000239,0.628125
3.74460000239,0.628125
3.74480000239,0.628125
3.74500000239,0.628125
3.74520000239,0.628125
3.74540000239,0.628125
3.74560000239,0.64375
3.74580000239,0.64375
3.74600000239,0.64375
3.74620000239,0.628125
3.74640000239,0.628125
3.74660000239,0.64375
3.74680000239,0.628125
3.74700000239,0.628125
3.74720000239,0.64375
3.74740000239,0.64375
3.74760000239,0.659375
3.74780000239,0.64375
3.74800000239,0.628125
3.74820000239,0.659375
3.74840000239,0.64375
3.74860000239,0.64375
3.74880000239,0.659375
3.74900000239,0.64375
3.74920000239,0.64375
3.74940000239,0.64375
3.74960000239,0.64375
3.74980000239,0.64375
3.75000000239,0.659375
3.75020000239,0.659375
3.75040000239,0.659375
3.75060000239,0.659375
3.75080000239,0.659375
3.75100000239,0.659375
3.75120000239,0.64375
3.75140000239,0.659375
3.75160000239,0.659375
3.75180000239,0.675
3.75200000239,0.675
3.75220000239,0.659375
3.75240000239,0.675
3.75260000239,0.675
3.75280000239,0.659375
3.75300000239,0.64375
3.75320000239,0.675
3.75340000239,0.659375
3.75360000239,0.659375
3.75380000239,0.675
3.75400000239,0.659375
3.75420000239,0.675
3.75440000239,0.675
3.75460000239,0.675
3.75480000239,0.659375
3.75500000239,0.675
3.75520000239,0.690625
3.75540000239,0.675
3.75560000239,0.675
3.75580000239,0.675
3.75600000239,0.675
3.75620000239,0.675
3.75640000239,0.690625
3.75660000239,0.675
3.75680000239,0.659375
3.75700000239,0.675
3.75720000239,0.70625
3.75740000239,0.659375
3.75760000239,0.675
3.75780000239,0.690625
3.75800000239,0.675
3.75820000239,0.675
3.75840000239,0.675
3.75860000239,0.675
3.75880000239,0.675
3.75900000239,0.675
3.75920000239,0.690625
3.75940000239,0.690625
3.75960000239,0.690625
3.75980000239,0.690625
3.76000000239,0.690625
3.76020000239,0.675
3.76040000239,0.690625
3.76060000239,0.690625
3.76080000239,0.70625
3.76100000239,0.690625
3.76120000239,0.690625
3.76140000239,0.690625
3.76160000239,0.690625
3.76180000239,0.690625
3.76200000239,0.70625
3.76220000239,0.690625
3.76240000239,0.70625
3.76260000239,0.690625
3.76280000239,0.70625
3.76300000239,0.70625
3.76320000239,0.70625
3.76340000239,0.690625
3.76360000239,0.70625
3.76380000239,0.70625
3.76400000239,0.70625
3.76420000239,0.70625
3.76440000239,0.70625
3.76460000239,0.690625
3.76480000239,0.690625
3.76500000239,0.70625
3.76520000239,0.70625
3.76540000239,0.721875
3.76560000239,0.721875
3.76580000239,0.721875
3.76600000239,0.721875
3.76620000239,0.721875
3.76640000239,0.721875
3.76660000239,0.721875
3.76680000239,0.721875
3.76700000239,0.721875
3.76720000239,0.721875
3.76740000239,0.7375
3.76760000239,0.721875
3.76780000239,0.721875
3.76800000239,0.721875
3.76820000239,0.721875
3.76840000239,0.721875
3.76860000239,0.721875
3.76880000239,0.721875
3.76900000239,0.7375
3.76920000239,0.7375
3.76940000239,0.753125
3.76960000239,0.721875
3.76980000239,0.721875
3.77000000239,0.721875
3.77020000239,0.7375
3.77040000239,0.7375
3.77060000239,0.753125
3.77080000239,0.721875
3.77100000239,0.753125
3.77120000239,0.7375
3.77140000239,0.753125
3.77160000239,0.7375
3.77180000239,0.7375
3.77200000239,0.753125
3.77220000239,0.7375
3.77240000239,0.7375
3.77260000239,0.7375
3.77280000239,0.7375
3.77300000239,0.7375
3.77320000239,0.753125
3.77340000239,0.753125
3.77360000239,0.76875
3.77380000239,0.753125
3.77400000239,0.753125
3.77420000239,0.753125
3.77440000239,0.7375
3.77460000239,0.753125
3.77480000239,0.753125
3.77500000239,0.753125
3.77520000239,0.753125
3.77540000239,0.7375
3.77560000239,0.76875
3.77580000239,0.753125
3.77600000239,0.753125
3.77620000239,0.76875
3.77640000239,0.76875
3.77660000239,0.784375
3.77680000239,0.753125
3.77700000239,0.76875
3.77720000239,0.753125
3.77740000239,0.753125
3.77760000239,0.76875
3.77780000239,0.753125
3.77800000239,0.76875
3.77820000239,0.76875
3.77840000239,0.76875
3.77860000239,0.784375
3.77880000239,0.76875
3.77900000239,0.76875
3.77920000239,0.76875
3.77940000239,0.76875
3.77960000239,0.76875
3.77980000239,0.76875
3.78000000239,0.784375
3.78020000239,0.76875
3.78040000239,0.784375
3.78060000239,0.76875
3.78080000239,0.76875
3.78100000239,0.76875
3.78120000239,0.784375
3.78140000239,0.76875
3.78160000239,0.784375
3.78180000239,0.76875
3.78200000239,0.784375
3.78220000239,0.76875
3.78240000239,0.784375
3.78260000239,0.784375
3.78280000239,0.784375
3.78300000239,0.8
3.78320000239,0.784375
3.78340000239,0.8
3.78360000239,0.8
3.78380000239,0.815625
3.78400000239,0.784375
3.78420000239,0.784375
3.78440000239,0.784375
3.78460000239,0.8
3.78480000239,0.784375
3.78500000239,0.784375
3.78520000239,0.8
3.78540000239,0.8
3.78560000239,0.784375
3.78580000239,0.784375
3.78600000239,0.8
3.78620000239,0.8
3.78640000239,0.815625
3.78660000239,0.815625
3.78680000239,0.8
3.78700000239,0.8
3.78720000239,0.8
3.78740000239,0.784375
3.78760000239,0.8
3.78780000239,0.8
3.78800000239,0.8
3.78820000239,0.8
3.78840000239,0.8
3.78860000239,0.8
3.78880000239,0.815625
3.78900000239,0.8
3.78920000239,0.8
3.78940000239,0.815625
3.78960000239,0.83125
3.78980000239,0.815625
3.79000000239,0.815625
3.79020000239,0.815625
3.79040000239,0.815625
3.79060000239,0.815625
3.79080000239,0.815625
3.79100000239,0.815625
3.79120000239,0.83125
3.79140000239,0.815625
3.79160000239,0.83125
3.79180000239,0.83125
3.79200000239,0.83125
3.79220000239,0.83125
3.79240000239,0.83125
3.79260000239,0.815625
3.79280000239,0.815625
3.79300000239,0.83125
3.79320000239,0.83125
3.79340000239,0.83125
3.79360000239,0.846875
3.79380000239,0.846875
3.79400000239,0.846875
3.79420000239,0.846875
3.79440000239,0.8625
3.79460000239,0.83125
3.79480000239,0.846875
3.79500000239,0.83125
3.79520000239,0.846875
3.79540000239,0.846875
3.79560000239,0.846875
3.79580000239,0.8625
3.79600000239,0.83125
3.79620000239,0.83125
3.79640000239,0.846875
3.79660000239,0.8625
3.79680000239,0.8625
3.79700000239,0.846875
3.79720000239,0.8625
3.79740000239,0.8625
3.79760000239,0.8625
3.79780000239,0.8625
3.79800000239,0.8625
3.79820000239,0.8625
3.79840000239,0.8625
3.79860000239,0.8625
3.79880000239,0.8625
3.79900000239,0.846875
3.79920000239,0.846875
3.79940000239,0.8625
3.79960000239,0.8625
3.79980000239,0.8625
3.80000000239,0.8625
3.80020000239,0.8625
3.80040000239,0.8625
3.80060000239,0.8625
3.80080000239,0.878125
3.80100000239,0.878125
3.80120000239,0.878125
3.80140000239,0.878125
3.80160000239,0.878125
3.80180000239,0.878125
3.80200000239,0.878125
3.80220000239,0.878125
3.80240000239,0.878125
3.80260000239,0.878125
3.80280000239,0.878125
3.80300000239,0.878125
3.80320000239,0.878125
3.80340000239,0.89375
3.80360000239,0.89375
3.80380000239,0.878125
3.80400000239,0.878125
3.80420000239,0.878125
3.80440000239,0.89375
3.80460000239,0.89375
3.80480000239,0.89375
3.80500000239,0.878125
3.80520000239,0.878125
3.80540000239,0.89375
3.80560000239,0.89375
3.80580000239,0.878125
3.80600000239,0.89375
3.80620000239,0.878125
3.80640000239,0.909375
3.80660000239,0.89375
3.80680000239,0.909375
3.80700000239,0.89375
3.80720000239,0.89375
3.80740000239,0.89375
3.80760000239,0.909375
3.80780000239,0.909375
3.80800000239,0.89375
3.80820000239,0.909375
3.80840000239,0.89375
3.80860000239,0.909375
3.80880000239,0.909375
3.80900000239,0.909375
3.80920000239,0.909375
3.80940000239,0.909375
3.80960000239,0.909375
3.80980000239,0.909375
3.81000000239,0.909375
3.81020000239,0.925
3.81040000239,0.925
3.81060000239,0.909375
3.81080000239,0.909375
3.81100000239,0.909375
3.81120000239,0.925
3.81140000239,0.925
3.81160000239,0.925
3.81180000239,0.925
3.81200000239,0.925
3.81220000239,0.925
3.81240000239,0.925
3.81260000239,0.925
3.81280000239,0.909375
3.81300000239,0.925
3.81320000239,0.925
3.81340000239,0.925
3.81360000239,0.940625
3.81380000239,0.940625
3.81400000239,0.925
3.81420000239,0.925
3.81440000239,0.925
3.81460000239,0.925
3.81480000239,0.940625
3.81500000239,0.940625
3.81520000239,0.925
3.81540000239,0.940625
3.81560000239,0.925
3.81580000239,0.940625
3.81600000239,0.940625
3.81620000239,0.95625
3.81640000239,0.940625
3.81660000239,0.940625
3.81680000239,0.940625
3.81700000239,0.95625
3.81720000239,0.940625
3.81740000239,0.940625
3.81760000239,0.940625
3.81780000239,0.95625
3.81800000239,0.95625
3.81820000239,0.95625
3.81840000239,0.95625
3.81860000239,0.940625
3.81880000239,0.95625
3.81900000239,0.95625
3.81920000239,0.95625
3.81940000239,0.940625
3.81960000239,0.95625
3.81980000239,0.971875
3.82000000239,0.95625
3.82020000239,0.940625
3.82040000239,0.971875
3.82060000239,0.971875
3.82080000239,0.971875
3.82100000239,0.95625
3.82120000239,0.971875
3.82140000239,0.95625
3.82160000239,0.95625
3.82180000239,0.971875
3.82200000239,0.971875
3.82220000239,0.971875
3.82240000239,0.95625
3.82260000239,0.95625
3.82280000239,0.9875
3.82300000239,0.971875
3.82320000239,0.9875
3.82340000239,0.971875
3.82360000239,0.9875
3.82380000239,0.971875
3.82400000239,0.971875
3.82420000239,0.9875
3.82440000239,0.971875
3.82460000239,0.971875
3.82480000239,0.971875
3.82500000239,0.95625
3.82520000239,0.9875
3.82540000239,0.971875
3.82560000239,0.971875
3.82580000239,0.971875
3.82600000239,0.971875
3.82620000239,0.971875
3.82640000239,0.971875
3.82660000239,0.9875
3.82680000239,0.9875
3.82700000239,0.971875
3.82720000239,0.9875
3.82740000239,0.9875
3.82760000239,0.9875
3.82780000239,1.00312
3.82800000239,1.00312
3.82820000239,1.00312
3.82840000239,1.00312
3.82860000239,1.00312
3.82880000239,0.9875
3.82900000239,1.00312
3.82920000239,0.9875
3.82940000239,1.01875
3.82960000239,1.00312
3.82980000239,0.9875
3.83000000239,1.00312
3.83020000239,1.01875
3.83040000239,1.00312
3.83060000239,1.00312
3.83080000239,1.01875
3.83100000239,1.00312
3.83120000239,1.01875
3.83140000239,1.00312
3.83160000239,1.01875
3.83180000239,1.00312
3.83200000239,1.00312
3.83220000239,1.01875
3.83240000239,1.01875
3.83260000239,1.01875
3.83280000239,1.01875
3.83300000239,1.01875
3.83320000239,1.01875
3.83340000239,1.01875
3.83360000239,1.01875
3.83380000239,1.01875
3.83400000239,1.01875
3.83420000239,1.03437
3.83440000239,1.01875
3.83460000239,1.01875
3.83480000239,1.01875
3.83500000239,1.01875
3.83520000239,1.03437
3.83540000239,1.03437
3.83560000239,1.03437
3.83580000239,1.01875
3.83600000239,1.03437
3.83620000239,1.03437
3.83640000239,1.01875
3.83660000239,1.05
3.83680000239,1.05
3.83700000239,1.05
3.83720000239,1.03437
3.83740000239,1.05
3.83760000239,1.05
3.83780000239,1.03437
3.83800000239,1.06562
3.83820000239,1.05
3.83840000239,1.05
3.83860000239,1.05
3.83880000239,1.05
3.83900000239,1.06562
3.83920000239,1.03437
3.83940000239,1.06562
3.83960000239,1.05
3.83980000239,1.05
3.84000000239,1.06562
3.84020000239,1.06562
3.84040000239,1.06562
3.84060000239,1.06562
3.84080000239,1.06562
3.84100000239,1.08125
3.84120000239,1.06562
3.84140000239,1.08125
3.84160000239,1.08125
3.84180000239,1.08125
3.84200000239,1.06562
3.84220000239,1.08125
3.84240000239,1.08125
3.84260000239,1.08125
3.84280000239,1.08125
3.84300000239,1.06562
3.84320000239,1.08125
3.84340000239,1.08125
3.84360000239,1.08125
3.84380000239,1.08125
3.84400000239,1.08125
3.84420000239,1.08125
3.84440000239,1.08125
3.84460000239,1.08125
3.84480000239,1.09687
3.84500000239,1.06562
3.84520000239,1.08125
3.84540000239,1.09687
3.84560000239,1.08125
3.84580000239,1.09687
3.84600000239,1.09687
3.84620000239,1.1125
3.84640000239,1.09687
3.84660000239,1.1125
3.84680000239,1.1125
3.84700000239,1.09687
3.84720000239,1.09687
3.84740000239,1.1125
3.84760000239,1.1125
3.84780000239,1.09687
3.84800000239,1.12812
3.84820000239,1.12812
3.84840000239,1.12812
3.84860000239,1.1125
3.84880000239,1.12812
3.84900000239,1.12812
3.84920000239,1.12812
3.84940000239,1.12812
3.84960000239,1.12812
3.84980000239,1.12812
3.85000000239,1.12812
3.85020000239,1.12812
3.85040000239,1.12812
3.85060000239,1.14375
3.85080000239,1.14375
3.85100000239,1.12812
3.85120000239,1.14375
3.85140000239,1.12812
3.85160000239,1.14375
3.85180000239,1.12812
3.85200000239,1.14375
3.85220000239,1.14375
3.85240000239,1.14375
3.85260000239,1.14375
3.85280000239,1.15937
3.85300000239,1.14375
3.85320000239,1.15937
3.85340000239,1.15937
3.85360000239,1.15937
3.85380000239,1.15937
3.85400000239,1.15937
3.85420000239,1.15937
3.85440000239,1.15937
3.85460000239,1.15937
3.85480000239,1.175
3.85500000239,1.15937
3.85520000239,1.175
3.85540000239,1.175
3.85560000239,1.15937
3.85580000239,1.175
3.85600000239,1.175
3.85620000239,1.175
3.85640000239,1.175
3.85660000239,1.19062
3.85680000239,1.19062
3.85700000239,1.19062
3.85720000239,1.15937
3.85740000239,1.175
3.85760000239,1.20625
3.85780000239,1.19062
3.85800000239,1.19062
3.85820000239,1.20625
3.85840000239,1.20625
3.85860000239,1.20625
3.85880000239,1.20625
3.85900000239,1.20625
3.85920000239,1.19062
3.85940000239,1.22187
3.85960000239,1.20625
3.85980000239,1.20625
3.86000000239,1.20625
3.86020000239,1.22187
3.86040000239,1.20625
3.86060000239,1.2375
3.86080000239,1.20625
3.86100000239,1.22187
3.86120000239,1.22187
3.86140000239,1.22187
3.86160000239,1.22187
3.86180000239,1.2375
3.86200000239,1.2375
3.86220000239,1.2375
3.86240000239,1.2375
3.86260000239,1.25312
3.86280000239,1.2375
3.86300000239,1.25312
3.86320000239,1.25312
3.86340000239,1.2375
3.86360000239,1.25312
3.86380000239,1.25312
3.86400000239,1.25312
3.86420000239,1.25312
3.86440000239,1.25312
3.86460000239,1.25312
3.86480000239,1.26875
3.86500000239,1.25312
3.86520000239,1.26875
3.86540000239,1.25312
3.86560000239,1.26875
3.86580000239,1.25312
3.86600000239,1.25312
3.86620000239,1.26875
3.86640000239,1.26875
3.86660000239,1.28437
3.86680000239,1.26875
3.86700000239,1.28437
3.86720000239,1.26875
3.86740000239,1.28437
3.86760000239,1.26875
3.86780000239,1.28437
3.86800000239,1.28437
3.86820000239,1.3
3.86840000239,1.3
3.86860000239,1.3
3.86880000239,1.3
3.86900000239,1.3
3.86920000239,1.28437
3.86940000239,1.31562
3.86960000239,1.3
3.86980000239,1.3
3.87000000239,1.33125
3.87020000239,1.31562
3.87040000239,1.31562
3.87060000239,1.31562
3.87080000239,1.31562
3.87100000239,1.33125
3.87120000239,1.33125
3.87140000239,1.33125
3.87160000239,1.34687
3.87180000239,1.33125
3.87200000239,1.31562
3.87220000239,1.33125
3.87240000239,1.34687
3.87260000239,1.33125
3.87280000239,1.33125
3.87300000239,1.33125
3.87320000239,1.33125
3.87340000239,1.34687
3.87360000239,1.34687
3.87380000239,1.34687
3.87400000239,1.33125
3.87420000239,1.34687
3.87440000239,1.34687
3.87460000239,1.3625
3.87480000239,1.3625
3.87500000239,1.37812
3.87520000239,1.37812
3.87540000239,1.37812
3.87560000239,1.37812
3.87580000239,1.37812
3.87600000239,1.37812
3.87620000239,1.37812
3.87640000239,1.39375
3.87660000239,1.37812
3.87680000239,1.37812
3.87700000239,1.37812
3.87720000239,1.39375
3.87740000239,1.37812
3.87760000239,1.37812
3.87780000239,1.39375
3.87800000239,1.37812
3.87820000239,1.39375
3.87840000239,1.39375
3.87860000239,1.39375
3.87880000239,1.40937
3.87900000239,1.40937
3.87920000239,1.40937
3.87940000239,1.39375
3.87960000239,1.40937
3.87980000239,1.40937
3.88000000239,1.40937
3.88020000239,1.425
3.88040000239,1.425
3.88060000239,1.425
3.88080000239,1.425
3.88100000239,1.425
3.88120000239,1.44062
3.88140000239,1.425
3.88160000239,1.425
3.88180000239,1.44062
3.88200000239,1.44062
3.88220000239,1.44062
3.88240000239,1.44062
3.88260000239,1.44062
3.88280000239,1.425
3.88300000239,1.44062
3.88320000239,1.45625
3.88340000239,1.45625
3.88360000239,1.45625
3.88380000239,1.45625
3.88400000239,1.45625
3.88420000239,1.47187
3.88440000239,1.47187
3.88460000239,1.4875
3.88480000239,1.4875
3.88500000239,1.47187
3.88520000239,1.47187
3.88540000239,1.47187
3.88560000239,1.45625
3.88580000239,1.47187
3.88600000239,1.47187
3.88620000239,1.4875
3.88640000239,1.47187
3.88660000239,1.4875
3.88680000239,1.47187
3.88700000239,1.4875
3.88720000239,1.4875
3.88740000239,1.50312
3.88760000239,1.4875
3.88780000239,1.4875
3.88800000239,1.50312
3.88820000239,1.50312
3.88840000239,1.50312
3.88860000239,1.50312
3.88880000239,1.51875
3.88900000239,1.51875
3.88920000239,1.50312
3.88940000239,1.51875
3.88960000239,1.53437
3.88980000239,1.53437
3.89000000239,1.51875
3.89020000239,1.51875
3.89040000239,1.53437
3.89060000239,1.55
3.89080000239,1.53437
3.89100000239,1.55
3.89120000239,1.56562
3.89140000239,1.55
3.89160000239,1.55
3.89180000239,1.55
3.89200000239,1.55
3.89220000239,1.55
3.89240000239,1.56562
3.89260000239,1.55
3.89280000239,1.56562
3.89300000239,1.55
3.89320000239,1.55
3.89340000239,1.55
3.89360000239,1.55
3.89380000239,1.58125
3.89400000239,1.56562
3.89420000239,1.56562
3.89440000239,1.58125
3.89460000239,1.58125
3.89480000239,1.58125
3.89500000239,1.59687
3.89520000239,1.58125
3.89540000239,1.59687
3.89560000239,1.59687
3.89580000239,1.58125
3.89600000239,1.59687
3.89620000239,1.6125
3.89640000239,1.59687
3.89660000239,1.6125
3.89680000239,1.6125
3.89700000239,1.6125
3.89720000239,1.59687
3.89740000239,1.6125
3.89760000239,1.6125
3.89780000239,1.59687
3.89800000239,1.6125
3.89820000239,1.6125
3.89840000239,1.6125
3.89860000239,1.62812
3.89880000239,1.62812
3.89900000239,1.62812
3.89920000239,1.62812
3.89940000239,1.64375
3.89960000239,1.64375
3.89980000239,1.64375
3.90000000239,1.64375
3.90020000239,1.65937
3.90040000239,1.65937
3.90060000239,1.65937
3.90080000239,1.65937
3.90100000239,1.65937
3.90120000239,1.65937
3.90140000239,1.65937
3.90160000239,1.675
3.90180000239,1.65937
3.90200000239,1.65937
3.90220000239,1.675
3.90240000239,1.675
3.90260000239,1.675
3.90280000239,1.69062
3.90300000239,1.69062
3.90320000239,1.69062
3.90340000239,1.675
3.90360000239,1.69062
3.90380000239,1.69062
3.90400000239,1.69062
3.90420000239,1.72187
3.90440000239,1.69062
3.90460000239,1.70625
3.90480000239,1.72187
3.90500000239,1.72187
3.90520000239,1.72187
3.90540000239,1.69062
3.90560000239,1.72187
3.90580000239,1.72187
3.90600000239,1.70625
3.90620000239,1.72187
3.90640000239,1.7375
3.90660000239,1.72187
3.90680000239,1.72187
3.90700000239,1.7375
3.90720000239,1.72187
3.90740000239,1.7375
3.90760000239,1.7375
3.90780000239,1.7375
3.90800000239,1.7375
3.90820000239,1.75312
3.90840000239,1.7375
3.90860000239,1.75312
3.90880000239,1.76875
3.90900000239,1.76875
3.90920000239,1.75312
3.90940000239,1.75312
3.90960000239,1.78437
3.90980000239,1.76875
3.91000000239,1.76875
3.91020000239,1.76875
3.91040000239,1.76875
3.91060000239,1.8
3.91080000239,1.78437
3.91100000239,1.78437
3.91120000239,1.8
3.91140000239,1.78437
3.91160000239,1.78437
3.91180000239,1.8
3.91200000239,1.8
3.91220000239,1.78437
3.91240000239,1.78437
3.91260000239,1.8
3.91280000239,1.78437
3.91300000239,1.8
3.91320000239,1.8
3.91340000239,1.78437
3.91360000239,1.81562
3.91380000239,1.83125
3.91400000239,1.81562
3.91420000239,1.81562
3.91440000239,1.81562
3.91460000239,1.81562
3.91480000239,1.83125
3.91500000239,1.83125
3.91520000239,1.83125
3.91540000239,1.84687
3.91560000239,1.81562
3.91580000239,1.81562
3.91600000239,1.84687
3.91620000239,1.83125
3.91640000239,1.84687
3.91660000239,1.83125
3.91680000239,1.84687
3.91700000239,1.8625
3.91720000239,1.84687
3.91740000239,1.84687
3.91760000239,1.8625
3.91780000239,1.84687
3.91800000239,1.8625
3.91820000239,1.8625
3.91840000239,1.8625
3.91860000239,1.8625
3.91880000239,1.87812
3.91900000239,1.87812
3.91920000239,1.87812
3.91940000239,1.87812
3.91960000239,1.87812
3.91980000239,1.89375
3.92000000239,1.89375
3.92020000239,1.89375
3.92040000239,1.89375
3.92060000239,1.89375
3.92080000239,1.89375
3.92100000239,1.89375
3.92120000239,1.89375
3.92140000239,1.89375
3.92160000239,1.89375
3.92180000239,1.89375
3.92200000239,1.89375
3.92220000239,1.89375
3.92240000239,1.90937
3.92260000239,1.90937
3.92280000239,1.90937
3.92300000239,1.90937
3.92320000239,1.90937
3.92340000239,1.925
3.92360000239,1.925
3.92380000239,1.94062
3.92400000239,1.925
3.92420000239,1.94062
3.92440000239,1.94062
3.92460000239,1.925
3.92480000239,1.925
3.92500000239,1.925
3.92520000239,1.925
3.92540000239,1.925
3.92560000239,1.94062
3.92580000239,1.94062
3.92600000239,1.94062
3.92620000239,1.94062
3.92640000239,1.94062
3.92660000239,1.94062
3.92680000239,1.94062
3.92700000239,1.94062
3.92720000239,1.94062
3.92740000239,1.94062
3.92760000239,1.94062
3.92780000239,1.94062
3.92800000239,1.95625
3.92820000239,1.95625
3.92840000239,1.95625
3.92860000239,1.97187
3.92880000239,1.95625
3.92900000239,1.97187
3.92920000239,1.97187
3.92940000239,1.97187
3.92960000239,1.97187
3.92980000239,1.97187
3.93000000239,1.97187
3.93020000239,1.9875
3.93040000239,1.97187
3.93060000239,1.97187
3.93080000239,1.9875
3.93100000239,1.97187
3.93120000239,1.9875
3.93140000239,1.9875
3.93160000239,1.97187
3.93180000239,1.9875
3.93200000239,1.97187
3.93220000239,1.97187
3.93240000239,1.97187
3.93260000239,1.9875
3.93280000239,2.00312
3.93300000239,1.9875
3.93320000239,1.97187
3.93340000239,1.9875
3.93360000239,2.00312
3.93380000239,1.9875
3.93400000239,2.00312
3.93420000239,2.00312
3.93440000239,2.00312
3.93460000239,2.00312
3.93480000239,2.00312
3.93500000239,2.00312
3.93520000239,2.00312
3.93540000239,1.9875
3.93560000239,1.9875
3.93580000239,2.00312
3.93600000239,2.00312
3.93620000239,2.01875
3.93640000239,2.01875
3.93660000239,2.00312
3.93680000239,2.00312
3.93700000239,2.00312
3.93720000239,2.00312
3.93740000239,2.01875
3.93760000239,2.01875
3.93780000239,2.00312
3.93800000239,2.01875
3.93820000239,2.00312
3.93840000239,2.01875
3.93860000239,2.00312
3.93880000239,2.00312
3.93900000239,2.00312
3.93920000239,2.00312
3.93940000239,2.00312
3.93960000239,2.01875
3.93980000239,2.00312
3.94000000239,2.00312
3.94020000239,2.01875
3.94040000239,2.01875
3.94060000239,2.00312
3.94080000239,2.01875
3.94100000239,2.01875
3.94120000239,2.00312
3.94140000239,2.03437
3.94160000239,2.01875
3.94180000239,2.01875
3.94200000239,2.01875
3.94220000239,2.00312
3.94240000239,2.01875
3.94260000239,2.00312
3.94280000239,2.00312
3.94300000239,2.03437
3.94320000239,2.01875
3.94340000239,2.03437
3.94360000239,2.01875
3.94380000239,2.01875
3.94400000239,2.01875
3.94420000239,2.01875
3.94440000239,2.01875
3.94460000239,2.01875
3.94480000239,2.01875
3.94500000239,2.00312
3.94520000239,2.00312
3.94540000239,2.01875
3.94560000239,2.01875
3.94580000239,2.01875
3.94600000239,2.01875
3.94620000239,2.00312
3.94640000239,2.00312
3.94660000239,2.00312
3.94680000239,2.01875
3.94700000239,2.01875
3.94720000239,2.00312
3.94740000239,2.01875
3.94760000239,2.00312
3.94780000239,2.00312
3.94800000239,2.01875
3.94820000239,2.01875
3.94840000239,2.00312
3.94860000239,2.00312
3.94880000239,2.00312
3.94900000239,2.00312
3.94920000239,1.9875
3.94940000239,1.9875
3.94960000239,2.01875
3.94980000239,2.00312
3.95000000239,1.9875
3.95020000239,1.9875
3.95040000239,2.00312
3.95060000239,2.00312
3.95080000239,2.00312
3.95100000239,2.00312
3.95120000239,1.9875
3.95140000239,1.9875
3.95160000239,1.9875
3.95180000239,1.9875
3.95200000239,1.9875
3.95220000239,1.9875
3.95240000239,1.9875
3.95260000239,1.9875
3.95280000239,1.9875
3.95300000239,1.9875
3.95320000239,2.00312
3.95340000239,1.9875
3.95360000239,2.00312
3.95380000239,1.9875
3.95400000239,1.9875
3.95420000239,1.97187
3.95440000239,1.97187
3.95460000239,1.97187
3.95480000239,1.9875
3.95500000239,1.97187
3.95520000239,1.95625
3.95540000239,1.95625
3.95560000239,1.97187
3.95580000239,1.95625
3.95600000239,1.97187
3.95620000239,1.97187
3.95640000239,1.95625
3.95660000239,1.97187
3.95680000239,1.95625
3.95700000239,1.97187
3.95720000239,1.95625
3.95740000239,1.94062
3.95760000239,1.95625
3.95780000239,1.95625
3.95800000239,1.94062
3.95820000239,1.94062
3.95840000239,1.95625
3.95860000239,1.94062
3.95880000239,1.94062
3.95900000239,1.95625
3.95920000239,1.94062
3.95940000239,1.94062
3.95960000239,1.925
3.95980000239,1.94062
3.96000000239,1.925
3.96020000239,1.94062
3.96040000239,1.90937
3.96060000239,1.925
3.96080000239,1.90937
3.96100000239,1.925
3.96120000239,1.90937
3.96140000239,1.94062
3.96160000239,1.90937
3.96180000239,1.90937
3.96200000239,1.925
3.96220000239,1.90937
3.96240000239,1.89375
3.96260000239,1.89375
3.96280000239,1.89375
3.96300000239,1.89375
3.96320000239,1.89375
3.96340000239,1.90937
3.96360000239,1.90937
3.96380000239,1.89375
3.96400000239,1.89375
3.96420000239,1.89375
3.96440000239,1.87812
3.96460000239,1.87812
3.96480000239,1.87812
3.96500000239,1.8625
3.96520000239,1.89375
3.96540000239,1.87812
3.96560000239,1.87812
3.96580000239,1.87812
3.96600000239,1.87812
3.96620000239,1.89375
3.96640000239,1.87812
3.96660000239,1.87812
3.96680000239,1.87812
3.96700000239,1.87812
3.96720000239,1.8625
3.96740000239,1.8625
3.96760000239,1.8625
3.96780000239,1.84687
3.96800000239,1.8625
3.96820000239,1.83125
3.96840000239,1.8625
3.96860000239,1.83125
3.96880000239,1.84687
3.96900000239,1.83125
3.96920000239,1.83125
3.96940000239,1.83125
3.96960000239,1.83125
3.96980000239,1.81562
3.97000000239,1.81562
3.97020000239,1.83125
3.97040000239,1.81562
3.97060000239,1.81562
3.97080000239,1.8
3.97100000239,1.8
3.97120000239,1.8
3.97140000239,1.81562
3.97160000239,1.8
3.97180000239,1.8
3.97200000239,1.8
3.97220000239,1.8
3.97240000239,1.8
3.97260000239,1.8
3.97280000239,1.8
3.97300000239,1.8
3.97320000239,1.78437
3.97340000239,1.8
3.97360000239,1.78437
3.97380000239,1.8
3.97400000239,1.78437
3.97420000239,1.78437
3.97440000239,1.76875
3.97460000239,1.78437
3.97480000239,1.76875
3.97500000239,1.76875
3.97520000239,1.76875
3.97540000239,1.76875
3.97560000239,1.76875
3.97580000239,1.7375
3.97600000239,1.75312
3.97620000239,1.75312
3.97640000239,1.76875
3.97660000239,1.75312
3.97680000239,1.7375
3.97700000239,1.7375
3.97720000239,1.75312
3.97740000239,1.72187
3.97760000239,1.7375
3.97780000239,1.7375
3.97800000239,1.7375
3.97820000239,1.7375
3.97840000239,1.7375
3.97860000239,1.7375
3.97880000239,1.72187
3.97900000239,1.72187
3.97920000239,1.72187
3.97940000239,1.70625
3.97960000239,1.70625
3.97980000239,1.70625
3.98000000239,1.69062
3.98020000239,1.70625
3.98040000239,1.70625
3.98060000239,1.70625
3.98080000239,1.69062
3.98100000239,1.69062
3.98120000239,1.69062
3.98140000239,1.65937
3.98160000239,1.69062
3.98180000239,1.675
3.98200000239,1.69062
3.98220000239,1.675
3.98240000239,1.675
3.98260000239,1.675
3.98280000239,1.65937
3.98300000239,1.65937
3.98320000239,1.64375
3.98340000239,1.65937
3.98360000239,1.64375
3.98380000239,1.65937
3.98400000239,1.64375
3.98420000239,1.64375
3.98440000239,1.64375
3.98460000239,1.64375
3.98480000239,1.64375
3.98500000239,1.65937
3.98520000239,1.62812
3.98540000239,1.64375
3.98560000239,1.62812
3.98580000239,1.6125
3.98600000239,1.62812
3.98620000239,1.6125
3.98640000239,1.6125
3.98660000239,1.62812
3.98680000239,1.6125
3.98700000239,1.62812
3.98720000239,1.6125
3.98740000239,1.6125
3.98760000239,1.59687
3.98780000239,1.58125
3.98800000239,1.59687
3.98820000239,1.58125
3.98840000239,1.58125
3.98860000239,1.58125
3.98880000239,1.58125
3.98900000239,1.56562
3.98920000239,1.56562
3.98940000239,1.56562
3.98960000239,1.56562
3.98980000239,1.53437
3.99000000239,1.56562
3.99020000239,1.55
3.99040000239,1.55
3.99060000239,1.55
3.99080000239,1.53437
3.99100000239,1.55
3.99120000239,1.53437
3.99140000239,1.53437
3.99160000239,1.53437
3.99180000239,1.53437
3.99200000239,1.53437
3.99220000239,1.51875
3.99240000239,1.51875
3.99260000239,1.51875
3.99280000239,1.51875
3.99300000239,1.50312
3.99320000239,1.51875
3.99340000239,1.50312
3.99360000239,1.50312
3.99380000239,1.50312
3.99400000239,1.50312
3.99420000239,1.50312
3.99440000239,1.4875
3.99460000239,1.4875
3.99480000239,1.4875
3.99500000239,1.50312
3.99520000239,1.4875
3.99540000239,1.47187
3.99560000239,1.47187
3.99580000239,1.45625
3.99600000239,1.45625
3.99620000239,1.47187
3.99640000239,1.44062
3.99660000239,1.44062
3.99680000239,1.45625
3.99700000239,1.44062
3.99720000239,1.44062
3.99740000239,1.44062
3.99760000239,1.44062
3.99780000239,1.425
3.99800000239,1.44062
3.99820000239,1.45625
3.99840000239,1.425
3.99860000239,1.44062
3.99880000239,1.425
3.99900000239,1.40937
3.99920000239,1.40937
3.99940000239,1.40937
3.99960000239,1.39375
3.99980000239,1.40937
4.00000000239,1.39375
4.00020000239,1.39375
4.00040000239,1.39375
4.00060000239,1.37812
4.00080000239,1.3625
4.00100000239,1.37812
4.00120000239,1.37812
4.00140000239,1.37812
4.00160000239,1.37812
4.00180000239,1.3625
4.00200000239,1.34687
4.00220000239,1.34687
4.00240000239,1.34687
4.00260000239,1.34687
4.00280000239,1.34687
4.00300000239,1.34687
4.00320000239,1.34687
4.00340000239,1.33125
4.00360000239,1.34687
4.00380000239,1.33125
4.00400000239,1.33125
4.00420000239,1.31562
4.00440000239,1.31562
4.00460000239,1.31562
4.00480000239,1.33125
4.00500000239,1.31562
4.00520000239,1.31562
4.00540000239,1.31562
4.00560000239,1.31562
4.00580000239,1.3
4.00600000239,1.3
4.00620000239,1.3
4.00640000239,1.28437
4.00660000239,1.3
4.00680000239,1.26875
4.00700000239,1.28437
4.00720000239,1.3
4.00740000239,1.26875
4.00760000239,1.26875
4.00780000239,1.26875
4.00800000239,1.26875
4.00820000239,1.26875
4.00840000239,1.25312
4.00860000239,1.25312
4.00880000239,1.25312
4.00900000239,1.25312
4.00920000239,1.2375
4.00940000239,1.25312
4.00960000239,1.2375
4.00980000239,1.2375
4.01000000239,1.20625
4.01020000239,1.22187
4.01040000239,1.22187
4.01060000239,1.22187
4.01080000239,1.20625
4.01100000239,1.20625
4.01120000239,1.20625
4.01140000239,1.19062
4.01160000239,1.20625
4.01180000239,1.20625
4.01200000239,1.19062
4.01220000239,1.175
4.01240000239,1.175
4.01260000239,1.175
4.01280000239,1.175
4.01300000239,1.19062
4.01320000239,1.175
4.01340000239,1.15937
4.01360000239,1.15937
4.01380000239,1.175
4.01400000239,1.15937
4.01420000239,1.14375
4.01440000239,1.14375
4.01460000239,1.15937
4.01480000239,1.14375
4.01500000239,1.12812
4.01520000239,1.12812
4.01540000239,1.1125
4.01560000239,1.12812
4.01580000239,1.14375
4.01600000239,1.12812
4.01620000239,1.12812
4.01640000239,1.1125
4.01660000239,1.09687
4.01680000239,1.1125
4.01700000239,1.09687
4.01720000239,1.09687
4.01740000239,1.09687
4.01760000239,1.08125
4.01780000239,1.08125
4.01800000239,1.08125
4.01820000239,1.06562
4.01840000239,1.08125
4.01860000239,1.06562
4.01880000239,1.08125
4.01900000239,1.06562
4.01920000239,1.06562
4.01940000239,1.05
4.01960000239,1.05
4.01980000239,1.05
4.02000000239,1.05
4.02020000239,1.03437
4.02040000239,1.03437
4.02060000239,1.03437
4.02080000239,1.03437
4.02100000239,1.03437
4.02120000239,1.01875
4.02140000239,1.01875
4.02160000239,1.01875
4.02180000239,1.00312
4.02200000239,1.00312
4.02220000239,1.00312
4.02240000239,1.00312
4.02260000239,0.9875
4.02280000239,0.971875
4.02300000239,0.971875
4.02320000239,0.971875
4.02340000239,0.971875
4.02360000239,0.9875
4.02380000239,0.971875
4.02400000239,0.971875
4.02420000239,0.95625
4.02440000239,0.95625
4.02460000239,0.971875
4.02480000239,0.95625
4.02500000239,0.95625
4.02520000239,0.971875
4.02540000239,0.940625
4.02560000239,0.95625
4.02580000239,0.940625
4.02600000239,0.940625
4.02620000239,0.940625
4.02640000239,0.925
4.02660000239,0.925
4.02680000239,0.925
4.02700000239,0.925
4.02720000239,0.909375
4.02740000239,0.89375
4.02760000239,0.909375
4.02780000239,0.909375
4.02800000239,0.909375
4.02820000239,0.89375
4.02840000239,0.89375
4.02860000239,0.89375
4.02880000239,0.89375
4.02900000239,0.89375
4.02920000239,0.89375
4.02940000239,0.878125
4.02960000239,0.878125
4.02980000239,0.878125
4.03000000239,0.878125
4.03020000239,0.878125
4.03040000239,0.878125
4.03060000239,0.8625
4.03080000239,0.8625
4.03100000239,0.8625
4.03120000239,0.8625
4.03140000239,0.8625
4.03160000239,0.846875
4.03180000239,0.83125
4.03200000239,0.846875
4.03220000239,0.83125
4.03240000239,0.846875
4.03260000239,0.83125
4.03280000239,0.83125
4.03300000239,0.83125
4.03320000239,0.83125
4.03340000239,0.815625
4.03360000239,0.815625
4.03380000239,0.815625
4.03400000239,0.815625
4.03420000239,0.815625
4.03440000239,0.83125
4.03460000239,0.815625
4.03480000239,0.8
4.03500000239,0.815625
4.03520000239,0.8
4.03540000239,0.8
4.03560000239,0.8
4.03580000239,0.784375
4.03600000239,0.815625
4.03620000239,0.784375
4.03640000239,0.784375
4.03660000239,0.784375
4.03680000239,0.76875
4.03700000239,0.76875
4.03720000239,0.76875
4.03740000239,0.76875
4.03760000239,0.753125
4.03780000239,0.753125
4.03800000239,0.7375
4.03820000239,0.753125
4.03840000239,0.753125
4.03860000239,0.76875
4.03880000239,0.7375
4.03900000239,0.753125
4.03920000239,0.753125
4.03940000239,0.753125
4.03960000239,0.7375
4.03980000239,0.7375
4.04000000239,0.721875
4.04020000239,0.7375
4.04040000239,0.721875
4.04060000239,0.721875
4.04080000239,0.70625
4.04100000239,0.721875
4.04120000239,0.7375
4.04140000239,0.70625
4.04160000239,0.721875
4.04180000239,0.690625
4.04200000239,0.70625
4.04220000239,0.70625
4.04240000239,0.70625
4.04260000239,0.690625
4.04280000239,0.675
4.04300000239,0.690625
4.04320000239,0.690625
4.04340000239,0.675
4.04360000239,0.690625
4.04380000239,0.690625
4.04400000239,0.675
4.04420000239,0.675
4.04440000239,0.659375
4.04460000239,0.690625
4.04480000239,0.659375
4.04500000239,0.675
4.04520000239,0.675
4.04540000239,0.659375
4.04560000239,0.659375
4.04580000239,0.64375
4.04600000239,0.659375
4.04620000239,0.64375
4.04640000239,0.659375
4.04660000239,0.64375
4.04680000239,0.64375
4.04700000239,0.628125
4.04720000239,0.628125
4.04740000239,0.628125
4.04760000239,0.628125
4.04780000239,0.628125
4.04800000239,0.628125
4.04820000239,0.6125
4.04840000239,0.64375
4.04860000239,0.6125
4.04880000239,0.6125
4.04900000239,0.6125
4.04920000239,0.596875
4.04940000239,0.596875
4.04960000239,0.596875
4.04980000239,0.596875
4.05000000239,0.596875
4.05020000239,0.6125
4.05040000239,0.596875
4.05060000239,0.58125
4.05080000239,0.58125
4.05100000239,0.58125
4.05120000239,0.596875
4.05140000239,0.596875
4.05160000239,0.565625
4.05180000239,0.58125
4.05200000239,0.565625
4.05220000239,0.565625
4.05240000239,0.565625
4.05260000239,0.55
4.05280000239,0.565625
4.05300000239,0.565625
4.05320000239,0.565625
4.05340000239,0.55
4.05360000239,0.565625
4.05380000239,0.55
4.05400000239,0.55
4.05420000239,0.55
4.05440000239,0.55
4.05460000239,0.55
4.05480000239,0.534375
4.05500000239,0.55
4.05520000239,0.534375
4.05540000239,0.55
4.05560000239,0.55
4.05580000239,0.534375
4.05600000239,0.534375
4.05620000239,0.51875
4.05640000239,0.534375
4.05660000239,0.51875
4.05680000239,0.51875
4.05700000239,0.51875
4.05720000239,0.503125
4.05740000239,0.503125
4.05760000239,0.503125
4.05780000239,0.51875
4.05800000239,0.4875
4.05820000239,0.51875
4.05840000239,0.51875
4.05860000239,0.503125
4.05880000239,0.503125
4.05900000239,0.4875
4.05920000239,0.503125
4.05940000239,0.51875
4.05960000239,0.503125
4.05980000239,0.503125
4.06000000239,0.503125
4.06020000239,0.471875
4.06040000239,0.4875
4.06060000239,0.4875
4.06080000239,0.503125
4.06100000239,0.4875
4.06120000239,0.4875
4.06140000239,0.471875
4.06160000239,0.4875
4.06180000239,0.471875
4.06200000239,0.471875
4.06220000239,0.4875
4.06240000239,0.471875
4.06260000239,0.471875
4.06280000239,0.471875
4.06300000239,0.471875
4.06320000239,0.45625
4.06340000239,0.45625
4.06360000239,0.471875
4.06380000239,0.471875
4.06400000239,0.471875
4.06420000239,0.45625
4.06440000239,0.471875
4.06460000239,0.45625
4.06480000239,0.45625
4.06500000239,0.45625
4.06520000239,0.45625
4.06540000239,0.45625
4.06560000239,0.45625
4.06580000239,0.45625
4.06600000239,0.45625
4.06620000239,0.45625
4.06640000239,0.45625
4.06660000239,0.440625
4.06680000239,0.440625
4.06700000239,0.45625
4.06720000239,0.425
4.06740000239,0.425
4.06760000239,0.425
4.06780000239,0.440625
4.06800000239,0.440625
4.06820000239,0.425
4.06840000239,0.425
4.06860000239,0.425
4.06880000239,0.409375
4.06900000239,0.425
4.06920000239,0.425
4.06940000239,0.409375
4.06960000239,0.425
4.06980000239,0.409375
4.07000000239,0.409375
4.07020000239,0.409375
4.07040000239,0.409375
4.07060000239,0.39375
4.07080000239,0.409375
4.07100000239,0.425
4.07120000239,0.409375
4.07140000239,0.39375
4.07160000239,0.39375
4.07180000239,0.39375
4.07200000239,0.409375
4.07220000239,0.378125
4.07240000239,0.39375
4.07260000239,0.378125
4.07280000239,0.378125
4.07300000239,0.39375
4.07320000239,0.39375
4.07340000239,0.378125
4.07360000239,0.39375
4.07380000239,0.39375
4.07400000239,0.378125
4.07420000239,0.39375
4.07440000239,0.378125
4.07460000239,0.378125
4.07480000239,0.378125
4.07500000239,0.378125
4.07520000239,0.3625
4.07540000239,0.3625
4.07560000239,0.3625
4.07580000239,0.3625
4.07600000239,0.3625
4.07620000239,0.378125
4.07640000239,0.378125
4.07660000239,0.346875
4.07680000239,0.3625
4.07700000239,0.3625
4.07720000239,0.3625
4.07740000239,0.3625
4.07760000239,0.346875
4.07780000239,0.346875
4.07800000239,0.346875
4.07820000239,0.346875
4.07840000239,0.346875
4.07860000239,0.346875
4.07880000239,0.346875
4.07900000239,0.346875
4.07920000239,0.346875
4.07940000239,0.33125
4.07960000239,0.346875
4.07980000239,0.33125
4.08000000239,0.33125
4.08020000239,0.346875
4.08040000239,0.346875
4.08060000239,0.346875
4.08080000239,0.33125
4.08100000239,0.33125
4.08120000239,0.346875
4.08140000239,0.33125
4.08160000239,0.33125
4.08180000239,0.315625
4.08200000239,0.33125
4.08220000239,0.315625
4.08240000239,0.315625
4.08260000239,0.315625
4.08280000239,0.33125
4.08300000239,0.33125
4.08320000239,0.33125
4.08340000239,0.315625
4.08360000239,0.315625
4.08380000239,0.315625
4.08400000239,0.315625
4.08420000239,0.315625
4.08440000239,0.315625
4.08460000239,0.3
4.08480000239,0.315625
4.08500000239,0.3
4.08520000239,0.315625
4.08540000239,0.315625
4.08560000239,0.315625
4.08580000239,0.3
4.08600000239,0.315625
4.08620000239,0.315625
4.08640000239,0.3
4.08660000239,0.315625
4.08680000239,0.3
4.08700000239,0.3
4.08720000239,0.284375
4.08740000239,0.284375
4.08760000239,0.3
4.08780000239,0.284375
4.08800000239,0.3
4.08820000239,0.284375
4.08840000239,0.3
4.08860000239,0.26875
4.08880000239,0.3
4.08900000239,0.3
4.08920000239,0.26875
4.08940000239,0.284375
4.08960000239,0.284375
4.08980000239,0.284375
4.09000000239,0.3
4.09020000239,0.284375
4.09040000239,0.284375
4.09060000239,0.284375
4.09080000239,0.284375
4.09100000239,0.284375
4.09120000239,0.26875
4.09140000239,0.284375
4.09160000239,0.253125
4.09180000239,0.26875
4.09200000239,0.253125
4.09220000239,0.26875
4.09240000239,0.26875
4.09260000239,0.26875
4.09280000239,0.26875
4.09300000239,0.26875
4.09320000239,0.26875
4.09340000239,0.253125
4.09360000239,0.26875
4.09380000239,0.26875
4.09400000239,0.253125
4.09420000239,0.26875
4.09440000239,0.26875
4.09460000239,0.2375
4.09480000239,0.253125
4.09500000239,0.253125
4.09520000239,0.253125
4.09540000239,0.253125
4.09560000239,0.253125
4.09580000239,0.26875
4.09600000239,0.253125
4.09620000239,0.2375
4.09640000239,0.2375
4.09660000239,0.2375
4.09680000239,0.253125
4.09700000239,0.2375
4.09720000239,0.2375
4.09740000239,0.253125
4.09760000239,0.2375
4.09780000239,0.2375
4.09800000239,0.2375
4.09820000239,0.221875
4.09840000239,0.253125
4.09860000239,0.221875
4.09880000239,0.2375
4.09900000239,0.221875
4.09920000239,0.253125
4.09940000239,0.2375
4.09960000239,0.2375
4.09980000239,0.2375
4.10000000239,0.2375
4.10020000239,0.2375
4.10040000239,0.2375
4.10060000239,0.2375
4.10080000239,0.221875
4.10100000239,0.221875
4.10120000239,0.221875
4.10140000239,0.2375
4.10160000239,0.221875
4.10180000239,0.221875
4.10200000239,0.221875
4.10220000239,0.221875
4.10240000239,0.2375
4.10260000239,0.2375
4.10280000239,0.20625
4.10300000239,0.221875
4.10320000239,0.221875
4.10340000239,0.20625
4.10360000239,0.221875
4.10380000239,0.221875
4.10400000239,0.221875
4.10420000239,0.2375
4.10440000239,0.221875
4.10460000239,0.221875
4.10480000239,0.221875
4.10500000239,0.20625
4.10520000239,0.20625
4.10540000239,0.20625
4.10560000239,0.20625
4.10580000239,0.20625
4.10600000239,0.20625
4.10620000239,0.20625
4.10640000239,0.20625
4.10660000239,0.20625
4.10680000239,0.190625
4.10700000239,0.190625
4.10720000239,0.20625
4.10740000239,0.20625
4.10760000239,0.221875
4.10780000239,0.190625
4.10800000239,0.190625
4.10820000239,0.20625
4.10840000239,0.190625
4.10860000239,0.190625
4.10880000239,0.190625
4.10900000239,0.190625
4.10920000239,0.190625
4.10940000239,0.190625
4.10960000239,0.190625
4.10980000239,0.190625
4.11000000239,0.190625
4.11020000239,0.190625
4.11040000239,0.190625
4.11060000239,0.175
4.11080000239,0.175
4.11100000239,0.190625
4.11120000239,0.175
4.11140000239,0.190625
4.11160000239,0.190625
4.11180000239,0.175
4.11200000239,0.175
4.11220000239,0.190625
4.11240000239,0.190625
4.11260000239,0.175
4.11280000239,0.190625
4.11300000239,0.190625
4.11320000239,0.175
4.11340000239,0.190625
4.11360000239,0.190625
4.11380000239,0.175
4.11400000239,0.190625
4.11420000239,0.175
4.11440000239,0.190625
4.11460000239,0.190625
4.11480000239,0.190625
4.11500000239,0.175
4.11520000239,0.190625
4.11540000239,0.175
4.11560000239,0.159375
4.11580000239,0.175
4.11600000239,0.175
4.11620000239,0.190625
4.11640000239,0.175
4.11660000239,0.175
4.11680000239,0.175
4.11700000239,0.175
4.11720000239,0.175
4.11740000239,0.159375
4.11760000239,0.190625
4.11780000239,0.190625
4.11800000239,0.159375
4.11820000239,0.175
4.11840000239,0.175
4.11860000239,0.159375
4.11880000239,0.175
4.11900000239,0.159375
4.11920000239,0.175
4.11940000239,0.159375
4.11960000239,0.159375
4.11980000239,0.159375
4.12000000239,0.14375
4.12020000239,0.159375
4.12040000239,0.175
4.12060000239,0.159375
4.12080000239,0.159375
4.12100000239,0.14375
4.12120000239,0.159375
4.12140000239,0.14375
4.12160000239,0.14375
4.12180000239,0.175
4.12200000239,0.159375
4.12220000239,0.159375
4.12240000239,0.159375
4.12260000239,0.159375
4.12280000239,0.159375
4.12300000239,0.159375
4.12320000239,0.175
4.12340000239,0.14375
4.12360000239,0.159375
4.12380000239,0.159375
4.12400000239,0.14375
4.12420000239,0.14375
4.12440000239,0.14375
4.12460000239,0.159375
4.12480000239,0.14375
4.12500000239,0.159375
4.12520000239,0.14375
4.12540000239,0.159375
4.12560000239,0.159375
4.12580000239,0.128125
4.12600000239,0.159375
4.12620000239,0.128125
4.12640000239,0.14375
4.12660000239,0.159375
4.12680000239,0.14375
4.12700000239,0.128125
4.12720000239,0.128125
4.12740000239,0.14375
4.12760000239,0.159375
4.12780000239,0.14375
4.12800000239,0.159375
4.12820000239,0.14375
4.12840000239,0.128125
4.12860000239,0.14375
4.12880000239,0.14375
4.12900000239,0.159375
4.12920000239,0.14375
4.12940000239,0.14375
4.12960000239,0.14375
4.12980000239,0.128125
4.13000000239,0.128125
4.13020000239,0.128125
4.13040000239,0.128125
4.13060000239,0.14375
4.13080000239,0.1125
4.13100000239,0.128125
4.13120000239,0.14375
4.13140000239,0.128125
4.13160000239,0.128125
4.13180000239,0.1125
4.13200000239,0.128125
4.13220000239,0.14375
4.13240000239,0.128125
4.13260000239,0.14375
4.13280000239,0.14375
4.13300000239,0.14375
4.13320000239,0.1125
4.13340000239,0.128125
4.13360000239,0.128125
4.13380000239,0.128125
4.13400000239,0.128125
4.13420000239,0.1125
4.13440000239,0.128125
4.13460000239,0.1125
4.13480000239,0.128125
4.13500000239,0.14375
4.13520000239,0.128125
4.13540000239,0.128125
4.13560000239,0.128125
4.13580000239,0.1125
4.13600000239,0.128125
4.13620000239,0.128125
4.13640000239,0.1125
4.13660000239,0.128125
4.13680000239,0.128125
4.13700000239,0.128125
4.13720000239,0.1125
4.13740000239,0.128125
4.13760000239,0.128125
4.13780000239,0.128125
4.13800000239,0.1125
4.13820000239,0.1125
4.13840000239,0.1125
4.13860000239,0.128125
4.13880000239,0.1125
4.13900000239,0.1125
4.13920000239,0.1125
4.13940000239,0.1125
4.13960000239,0.1125
4.13980000239,0.1125
4.14000000239,0.1125
4.14020000239,0.096875
4.14040000239,0.128125
4.14060000239,0.1125
4.14080000239,0.096875
4.14100000239,0.1125
4.14120000239,0.1125
4.14140000239,0.096875
4.14160000239,0.1125
4.14180000239,0.128125
4.14200000239,0.1125
4.14220000239,0.096875
4.14240000239,0.128125
4.14260000239,0.1125
4.14280000239,0.1125
4.14300000239,0.096875
4.14320000239,0.096875
4.14340000239,0.1125
4.14360000239,0.096875
4.14380000239,0.1125
4.14400000239,0.1125
4.14420000239,0.1125
4.14440000239,0.1125
4.14460000239,0.096875
4.14480000239,0.096875
4.14500000239,0.096875
4.14520000239,0.096875
4.14540000239,0.1125
4.14560000239,0.096875
4.14580000239,0.096875
4.14600000239,0.096875
4.14620000239,0.096875
4.14640000239,0.096875
4.14660000239,0.096875
4.14680000239,0.096875
4.14700000239,0.1125
4.14720000239,0.1125
4.14740000239,0.096875
4.14760000239,0.1125
4.14780000239,0.08125
4.14800000239,0.096875
4.14820000239,0.1125
4.14840000239,0.096875
4.14860000239,0.096875
4.14880000239,0.096875
4.14900000239,0.1125
4.14920000239,0.1125
4.14940000239,0.096875
4.14960000239,0.096875
4.14980000239,0.08125
4.15000000239,0.096875
4.15020000239,0.096875
4.15040000239,0.096875
4.15060000239,0.096875
4.15080000239,0.08125
4.15100000239,0.08125
4.15120000239,0.096875
4.15140000239,0.08125
4.15160000239,0.08125
4.15180000239,0.096875
4.15200000239,0.096875
4.15220000239,0.096875
4.15240000239,0.096875
4.15260000239,0.096875
4.15280000239,0.08125
4.15300000239,0.096875
4.15320000239,0.096875
4.15340000239,0.08125
4.15360000239,0.08125
4.15380000239,0.096875
4.15400000239,0.08125
4.15420000239,0.096875
4.15440000239,0.08125
4.15460000239,0.08125
4.15480000239,0.096875
4.15500000239,0.096875
4.15520000239,0.08125
4.15540000239,0.08125
4.15560000239,0.08125
4.15580000239,0.08125
4.15600000239,0.08125
4.15620000239,0.08125
4.15640000239,0.08125
4.15660000239,0.08125
4.15680000239,0.08125
4.15700000239,0.08125
4.15720000239,0.08125
4.15740000239,0.08125
4.15760000239,0.08125
4.15780000239,0.08125
4.15800000239,0.08125
4.15820000239,0.08125
4.15840000239,0.065625
4.15860000239,0.08125
4.15880000239,0.08125
4.15900000239,0.08125
4.15920000239,0.08125
4.15940000239,0.08125
4.15960000239,0.065625
4.15980000239,0.08125
4.16000000239,0.065625
4.16020000239,0.08125
4.16040000239,0.065625
4.16060000239,0.08125
4.16080000239,0.065625
4.16100000239,0.065625
4.16120000239,0.065625
4.16140000239,0.08125
4.16160000239,0.08125
4.16180000239,0.08125
4.16200000239,0.065625
4.16220000239,0.096875
4.16240000239,0.08125
4.16260000239,0.08125
4.16280000239,0.08125
4.16300000239,0.065625
4.16320000239,0.08125
4.16340000239,0.065625
4.16360000239,0.065625
4.16380000239,0.065625
4.16400000239,0.065625
4.16420000239,0.065625
4.16440000239,0.065625
4.16460000239,0.065625
4.16480000239,0.08125
4.16500000239,0.065625
4.16520000239,0.05
4.16540000239,0.065625
4.16560000239,0.08125
4.16580000239,0.08125
4.16600000239,0.065625
4.16620000239,0.05
4.16640000239,0.065625
4.16660000239,0.08125
4.16680000239,0.05
4.16700000239,0.065625
4.16720000239,0.065625
4.16740000239,0.065625
4.16760000239,0.065625
4.16780000239,0.065625
4.16800000239,0.065625
4.16820000239,0.05
4.16840000239,0.065625
4.16860000239,0.05
4.16880000239,0.05
4.16900000239,0.05
4.16920000239,0.065625
4.16940000239,0.065625
4.16960000239,0.065625
4.16980000239,0.05
4.17000000239,0.05
4.17020000239,0.05
4.17040000239,0.08125
4.17060000239,0.065625
4.17080000239,0.05
4.17100000239,0.05
4.17120000239,0.065625
4.17140000239,0.065625
4.17160000239,0.065625
4.17180000239,0.065625
4.17200000239,0.065625
4.17220000239,0.065625
4.17240000239,0.05
4.17260000239,0.05
4.17280000239,0.05
4.17300000239,0.05
4.17320000239,0.05
4.17340000239,0.065625
4.17360000239,0.065625
4.17380000239,0.05
4.17400000239,0.065625
4.17420000239,0.05
4.17440000239,0.065625
4.17460000239,0.034375
4.17480000239,0.05
4.17500000239,0.05
4.17520000239,0.05
4.17540000239,0.05
4.17560000239,0.05
4.17580000239,0.05
4.17600000239,0.05
4.17620000239,0.05
4.17640000239,0.065625
4.17660000239,0.065625
4.17680000239,0.034375
4.17700000239,0.05
4.17720000239,0.05
4.17740000239,0.065625
4.17760000239,0.05
4.17780000239,0.05
4.17800000239,0.05
4.17820000239,0.05
4.17840000239,0.05
4.17860000239,0.05
4.17880000239,0.05
4.17900000239,0.05
4.17920000239,0.05
4.17940000239,0.065625
4.17960000239,0.05
4.17980000239,0.05
4.18000000239,0.05
4.18020000239,0.05
4.18040000239,0.05
4.18060000239,0.05
4.18080000239,0.05
4.18100000239,0.05
4.18120000239,0.05
4.18140000239,0.05
4.18160000239,0.034375
4.18180000239,0.05
4.18200000239,0.05
4.18220000239,0.034375
4.18240000239,0.05
4.18260000239,0.05
4.18280000239,0.05
4.18300000239,0.034375
4.18320000239,0.05
4.18340000239,0.05
4.18360000239,0.05
4.18380000239,0.034375
4.18400000239,0.05
4.18420000239,0.034375
4.18440000239,0.05
4.18460000239,0.034375
4.18480000239,0.034375
4.18500000239,0.05
4.18520000239,0.034375
4.18540000239,0.05
4.18560000239,0.05
4.18580000239,0.05
4.18600000239,0.065625
4.18620000239,0.05
4.18640000239,0.05
4.18660000239,0.05
4.18680000239,0.034375
4.18700000239,0.034375
4.18720000239,0.034375
4.18740000239,0.05
4.18760000239,0.065625
4.18780000239,0.034375
4.18800000239,0.034375
4.18820000239,0.034375
4.18840000239,0.05
4.18860000239,0.034375
4.18880000239,0.05
4.18900000239,0.034375
4.18920000239,0.034375
4.18940000239,0.01875
4.18960000239,0.034375
4.18980000239,0.034375
4.19000000239,0.034375
4.19020000239,0.034375
4.19040000239,0.034375
4.19060000239,0.034375
4.19080000239,0.05
4.19100000239,0.034375
4.19120000239,0.034375
4.19140000239,0.034375
4.19160000239,0.034375
4.19180000239,0.034375
4.19200000239,0.034375
4.19220000239,0.034375
4.19240000239,0.01875
4.19260000239,0.034375
4.19280000239,0.05
4.19300000239,0.034375
4.19320000239,0.034375
4.19340000239,0.05
4.19360000239,0.05
4.19380000239,0.01875
4.19400000239,0.034375
4.19420000239,0.034375
4.19440000239,0.034375
4.19460000239,0.05
4.19480000239,0.034375
4.19500000239,0.01875
4.19520000239,0.034375
4.19540000239,0.034375
4.19560000239,0.034375
4.19580000239,0.01875
4.19600000239,0.01875
4.19620000239,0.034375
4.19640000239,0.034375
4.19660000239,0.034375
4.19680000239,0.01875
4.19700000239,0.034375
4.19720000239,0.01875
4.19740000239,0.01875
4.19760000239,0.034375
4.19780000239,0.01875
4.19800000239,0.034375
4.19820000239,0.01875
4.19840000239,0.034375
4.19860000239,0.034375
4.19880000239,0.01875
4.19900000239,0.034375
4.19920000239,0.034375
4.19940000239,0.034375
4.19960000239,0.01875
4.19980000239,0.01875
4.20000000239,0.034375
4.20020000239,0.034375
4.20040000239,0.01875
4.20060000239,0.01875
4.20080000239,0.034375
4.20100000239,0.034375
4.20120000239,0.01875
4.20140000239,0.01875
4.20160000239,0.034375
4.20180000239,0.00312495
4.20200000239,0.034375
4.20220000239,0.01875
4.20240000239,0.01875
4.20260000239,0.034375
4.20280000239,0.01875
4.20300000239,0.01875
4.20320000239,0.034375
4.20340000239,0.034375
4.20360000239,0.034375
4.20380000239,0.05
4.20400000239,0.034375
4.20420000239,0.034375
4.20440000239,0.01875
4.20460000239,0.01875
4.20480000239,0.01875
4.20500000239,0.034375
4.20520000239,0.034375
4.20540000239,0.01875
4.20560000239,0.00312495
4.20580000239,0.01875
4.20600000239,0.01875
4.20620000239,0.034375
4.20640000239,0.01875
4.20660000239,0.034375
4.20680000239,0.00312495
4.20700000239,0.01875
4.20720000239,0.01875
4.20740000239,0.01875
4.20760000239,0.01875
4.20780000239,0.01875
4.20800000239,0.00312495
4.20820000239,0.01875
4.20840000239,0.01875
4.20860000239,0.01875
4.20880000239,0.034375
4.20900000239,0.034375
4.20920000239,0.034375
4.20940000239,0.01875
4.20960000239,0.01875
4.20980000239,0.01875
4.21000000239,0.034375
4.21020000239,0.01875
4.21040000239,0.00312495
4.21060000239,0.01875
4.21080000239,0.034375
4.21100000239,0.01875
4.21120000239,0.01875
4.21140000239,0.01875
4.21160000239,0.01875
4.21180000239,0.01875
4.21200000239,0.01875
4.21220000239,0.00312495
4.21240000239,0.01875
4.21260000239,0.01875
4.21280000239,0.01875
4.21300000239,0.00312495
4.21320000239,0.00312495
4.21340000239,0.01875
4.21360000239,0.01875
4.21380000239,0.01875
4.21400000239,0.01875
4.21420000239,0.00312495
4.21440000239,0.00312495
4.21460000239,0.00312495
4.21480000239,0.00312495
4.21500000239,0.01875
4.21520000239,0.00312495
4.21540000239,0.01875
4.21560000239,0.00312495
4.21580000239,0.00312495
4.21600000239,0.01875
4.21620000239,0.034375
4.21640000239,0.01875
4.21660000239,0.01875
4.21680000239,0.01875
4.21700000239,0.00312495
4.21720000239,0.034375
4.21740000239,0.01875
4.21760000239,0.00312495
4.21780000239,0.01875
4.21800000239,0.01875
4.21820000239,0.01875
4.21840000239,0.00312495
4.21860000239,0.01875
4.21880000239,0.01875
4.21900000239,0.00312495
4.21920000239,0.00312495
4.21940000239,0.01875
4.21960000239,0.01875
4.21980000239,0.00312495
4.22000000239,0.00312495
4.22020000239,0.01875
4.22040000239,0.00312495
4.22060000239,0.00312495
4.22080000239,0.01875
4.22100000239,0.034375
4.22120000239,0.00312495
4.22140000239,0.00312495
4.22160000239,0.01875
4.22180000239,0.00312495
4.22200000239,0.00312495
4.22220000239,0.01875
4.22240000239,0.00312495
4.22260000239,0.00312495
4.22280000239,0.01875
4.22300000239,0.00312495
4.22320000239,0.01875
4.22340000239,0.01875
4.22360000239,0.00312495
4.22380000239,0.00312495
4.22400000239,0.00312495
4.22420000239,0.01875
4.22440000239,0.00312495
4.22460000239,0.00312495
4.22480000239,0.01875
4.22500000239,0.00312495
4.22520000239,0.034375
4.22540000239,0.00312495
4.22560000239,0.00312495
4.22580000239,0.01875
4.22600000239,-0.0125
4.22620000239,0.00312495
4.22640000239,0.00312495
4.22660000239,0.01875
4.22680000239,0.00312495
4.22700000239,0.00312495
4.22720000239,0.01875
4.22740000239,0.00312495
4.22760000239,0.00312495
4.22780000239,0.01875
4.22800000239,0.01875
4.22820000239,0.00312495
4.22840000239,0.00312495
4.22860000239,0.00312495
4.22880000239,0.00312495
4.22900000239,-0.0125
4.22920000239,0.00312495
4.22940000239,0.00312495
4.22960000239,0.00312495
4.22980000239,0.00312495
4.23000000239,0.00312495
4.23020000239,0.00312495
4.23040000239,0.00312495
4.23060000239,0.00312495
4.23080000239,-0.0125
4.23100000239,0.00312495
4.23120000239,-0.0125
4.23140000239,0.01875
4.23160000239,0.00312495
4.23180000239,0.01875
4.23200000239,0.00312495
4.23220000239,0.00312495
4.23240000239,0.00312495
4.23260000239,0.00312495
4.23280000239,0.00312495
4.23300000239,0.00312495
4.23320000239,0.01875
4.23340000239,0.00312495
4.23360000239,0.01875
4.23380000239,0.00312495
4.23400000239,0.00312495
4.23420000239,0.01875
4.23440000239,0.00312495
4.23460000239,0.00312495
4.23480000239,0.00312495
4.23500000239,0.00312495
4.23520000239,0.00312495
4.23540000239,0.00312495
4.23560000239,0.00312495
4.23580000239,0.00312495
4.23600000239,0.00312495
4.23620000239,0.00312495
4.23640000239,0.00312495
4.23660000239,0.00312495
4.23680000239,-0.0125
4.23700000239,0.00312495
4.23720000239,0.00312495
4.23740000239,0.00312495
4.23760000239,0.00312495
4.23780000239,0.00312495
4.23800000239,0.00312495
4.23820000239,0.00312495
4.23840000239,0.00312495
4.23860000239,0.00312495
4.23880000239,0.00312495
4.23900000239,0.00312495
4.23920000239,0.00312495
4.23940000239,0.00312495
4.23960000239,-0.0125
4.23980000239,0.01875
4.24000000239,0.00312495
4.24020000239,0.00312495
4.24040000239,0.00312495
4.24060000239,0.00312495
4.24080000239,0.00312495
4.24100000239,0.00312495
4.24120000239,0.00312495
4.24140000239,0.00312495
4.24160000239,0.00312495
4.24180000239,0.034375
4.24200000239,0.00312495
4.24220000239,0.00312495
4.24240000239,0.00312495
4.24260000239,0.00312495
4.24280000239,0.00312495
4.24300000239,-0.0125
4.24320000239,0.01875
4.24340000239,0.00312495
4.24360000239,0.00312495
4.24380000239,0.00312495
4.24400000239,0.00312495
4.24420000239,0.00312495
4.24440000239,0.00312495
4.24460000239,-0.0125
4.24480000239,0.01875
4.24500000239,0.00312495
4.24520000239,0.00312495
4.24540000239,0.00312495
4.24560000239,0.00312495
4.24580000239,0.00312495
4.24600000239,-0.0125
4.24620000239,-0.0125
4.24640000239,0.00312495
4.24660000239,0.01875
4.24680000239,0.00312495
4.24700000239,0.00312495
4.24720000239,-0.0125
4.24740000239,0.00312495
4.24760000239,0.00312495
4.24780000239,0.00312495
4.24800000239,0.00312495
4.24820000239,0.00312495
4.24840000239,0.00312495
4.24860000239,0.00312495
4.24880000239,-0.0125
4.24900000239,0.00312495
4.24920000239,0.00312495
4.24940000239,0.00312495
4.24960000239,0.00312495
4.24980000239,0.00312495
4.25000000239,0.00312495
4.25020000239,0.00312495
4.25040000239,-0.0125
4.25060000239,0.00312495
4.25080000239,-0.0125
4.25100000239,0.00312495
4.25120000239,-0.0125
4.25140000239,0.00312495
4.25160000239,-0.0125
4.25180000239,-0.0125
4.25200000239,-0.0125
4.25220000239,-0.0125
4.25240000239,-0.0125
4.25260000239,0.00312495
4.25280000239,-0.0125
4.25300000239,-0.0125
4.25320000239,0.00312495
4.25340000239,-0.0125
4.25360000239,-0.0125
4.25380000239,0.00312495
4.25400000239,0.00312495
4.25420000239,0.00312495
4.25440000239,-0.0125
4.25460000239,0.00312495
4.25480000239,-0.0125
4.25500000239,-0.0125
4.25520000239,-0.0125
4.25540000239,0.00312495
4.25560000239,-0.0125
4.25580000239,-0.0125
4.25600000239,0.00312495
4.25620000239,-0.0125
4.25640000239,0.00312495
4.25660000239,-0.0125
4.25680000239,-0.0125
4.25700000239,-0.0125
4.25720000239,0.00312495
4.25740000239,0.00312495
4.25760000239,-0.0125
4.25780000239,-0.0125
4.25800000239,-0.0125
4.25820000239,0.00312495
4.25840000239,0.00312495
4.25860000239,0.00312495
4.25880000239,0.00312495
4.25900000239,0.00312495
4.25920000239,-0.0125
4.25940000239,-0.0125
4.25960000239,0.01875
4.25980000239,-0.0125
4.26000000239,0.00312495
4.26020000239,-0.0125
4.26040000239,-0.0125
4.26060000239,-0.0125
4.26080000239,-0.0125
4.26100000239,0.00312495
4.26120000239,0.00312495
4.26140000239,0.00312495
4.26160000239,-0.0125
4.26180000239,-0.0125
4.26200000239,-0.0125
4.26220000239,0.00312495
4.26240000239,-0.0125
4.26260000239,-0.0125
4.26280000239,0.00312495
4.26300000239,-0.0125
4.26320000239,0.00312495
4.26340000239,0.00312495
4.26360000239,-0.0125
4.26380000239,-0.0125
4.26400000239,0.00312495
4.26420000239,-0.0125
4.26440000239,-0.0125
4.26460000239,0.00312495
4.26480000239,-0.0125
4.26500000239,0.00312495
4.26520000239,-0.0125
4.26540000239,-0.0125
4.26560000239,0.00312495
4.26580000239,-0.0125
4.26600000239,0.00312495
4.26620000239,-0.0125
4.26640000239,0.00312495
4.26660000239,-0.0125
4.26680000239,-0.0125
4.26700000239,-0.0125
4.26720000239,-0.0125
4.26740000239,-0.0125
4.26760000239,0.00312495
4.26780000239,0.00312495
4.26800000239,-0.0125
4.26820000239,-0.0125
4.26840000239,-0.0125
4.26860000239,-0.0125
4.26880000239,-0.0125
4.26900000239,0.00312495
4.26920000239,0.00312495
4.26940000239,-0.028125
4.26960000239,-0.0125
4.26980000239,-0.0125
4.27000000239,-0.028125
4.27020000239,-0.028125
4.27040000239,0.00312495
4.27060000239,-0.0125
4.27080000239,0.00312495
4.27100000239,-0.0125
4.27120000239,-0.0125
4.27140000239,-0.0125
4.27160000239,-0.028125
4.27180000239,-0.028125
4.27200000239,-0.0125
4.27220000239,-0.0125
4.27240000239,-0.028125
4.27260000239,-0.0125
4.27280000239,0.00312495
4.27300000239,0.00312495
4.27320000239,-0.0125
4.27340000239,-0.0125
4.27360000239,-0.0125
4.27380000239,-0.028125
4.27400000239,-0.0125
4.27420000239,-0.0125
4.27440000239,-0.0125
4.27460000239,0.00312495
4.27480000239,-0.0125
4.27500000239,-0.028125
4.27520000239,-0.0125
4.27540000239,-0.0125
4.27560000239,-0.0125
4.27580000239,-0.0125
4.27600000239,-0.0125
4.27620000239,-0.0125
4.27640000239,-0.0125
4.27660000239,-0.0125
4.27680000239,-0.028125
4.27700000239,-0.0125
4.27720000239,-0.028125
4.27740000239,-0.028125
4.27760000239,-0.028125
4.27780000239,0.00312495
4.27800000239,0.00312495
4.27820000239,0.00312495
4.27840000239,-0.0125
4.27860000239,-0.0125
4.27880000239,-0.0125
4.27900000239,-0.0125
4.27920000239,0.00312495
4.27940000239,-0.028125
4.27960000239,-0.028125
4.27980000239,-0.0125
4.28000000239,-0.0125
4.28020000239,-0.0125
4.28040000239,-0.0125
4.28060000239,-0.0125
4.28080000239,-0.0125
4.28100000239,-0.0125
4.28120000239,-0.0125
4.28140000239,-0.0125
4.28160000239,-0.028125
4.28180000239,-0.0125
4.28200000239,-0.0125
4.28220000239,-0.028125
4.28240000239,-0.028125
4.28260000239,-0.028125
4.28280000239,-0.0125
4.28300000239,-0.0125
4.28320000239,-0.0125
4.28340000239,-0.028125
4.28360000239,-0.0125
4.28380000239,-0.0125
4.28400000239,-0.028125
4.28420000239,-0.028125
4.28440000239,-0.028125
4.28460000239,-0.0125
4.28480000239,-0.028125
4.28500000239,-0.0125
4.28520000239,0.00312495
4.28540000239,-0.0125
4.28560000239,-0.0125
4.28580000239,-0.028125
4.28600000239,-0.028125
4.28620000239,-0.0125
4.28640000239,-0.0125
4.28660000239,-0.028125
4.28680000239,0.00312495
4.28700000239,-0.0125
4.28720000239,-0.028125
4.28740000239,-0.028125
4.28760000239,-0.0125
4.28780000239,-0.0125
4.28800000239,-0.028125
4.28820000239,-0.0125
4.28840000239,-0.028125
4.28860000239,-0.028125
4.28880000239,-0.028125
4.28900000239,-0.0125
4.28920000239,-0.0125
4.28940000239,-0.028125
4.28960000239,-0.0125
4.28980000239,-0.028125
4.29000000239,-0.0125
4.29020000239,-0.0125
4.29040000239,-0.028125
4.29060000239,-0.028125
4.29080000239,-0.0125
4.29100000239,-0.0125
4.29120000239,-0.0125
4.29140000239,-0.0125
4.29160000239,-0.028125
4.29180000239,-0.028125
4.29200000239,-0.0125
4.29220000239,-0.028125
4.29240000239,-0.028125
4.29260000239,-0.0125
4.29280000239,0.00312495
4.29300000239,-0.0125
4.29320000239,-0.0125
4.29340000239,-0.0125
4.29360000239,-0.028125
4.29380000239,-0.0125
4.29400000239,-0.0125
4.29420000239,-0.028125
4.29440000239,-0.0125
4.29460000239,-0.028125
4.29480000239,-0.0125
4.29500000239,-0.028125
4.29520000239,-0.028125
4.29540000239,-0.028125
4.29560000239,-0.0125
4.29580000239,-0.028125
4.29600000239,-0.0125
4.29620000239,-0.0125
4.29640000239,-0.0125
4.29660000239,-0.0125
4.29680000239,-0.028125
4.29700000239,-0.0125
4.29720000239,-0.028125
4.29740000239,0.00312495
4.29760000239,-0.0125
4.29780000239,-0.028125
4.29800000239,-0.0125
4.29820000239,-0.0125
4.29840000239,-0.0125
4.29860000239,-0.0125
4.29880000239,-0.0125
4.29900000239,-0.028125
4.29920000239,-0.0125
4.29940000239,-0.028125
4.29960000239,-0.028125
4.29980000239,-0.028125
4.30000000239,-0.0125
4.30020000239,-0.028125
4.30040000239,-0.028125
4.30060000239,-0.0125
4.30080000239,-0.0125
4.30100000239,-0.028125
4.30120000239,-0.028125
4.30140000239,0.00312495
4.30160000239,-0.028125
4.30180000239,0.00312495
4.30200000239,-0.028125
4.30220000239,-0.028125
4.30240000239,-0.028125
4.30260000239,-0.0125
4.30280000239,-0.0125
4.30300000239,-0.028125
4.30320000239,-0.0125
4.30340000239,-0.028125
4.30360000239,-0.028125
4.30380000239,-0.028125
4.30400000239,-0.0125
4.30420000239,-0.0125
4.30440000239,-0.028125
4.30460000239,-0.0125
4.30480000239,-0.0125
4.30500000239,-0.0125
4.30520000239,-0.028125
4.30540000239,-0.0125
4.30560000239,-0.028125
4.30580000239,-0.0125
4.30600000239,-0.0125
4.30620000239,-0.028125
4.30640000239,-0.028125
4.30660000239,-0.028125
4.30680000239,-0.0125
4.30700000239,-0.028125
4.30720000239,-0.0125
4.30740000239,-0.028125
4.30760000239,-0.0125
4.30780000239,-0.0125
4.30800000239,-0.028125
4.30820000239,-0.028125
4.30840000239,-0.0125
4.30860000239,-0.0125
4.30880000239,-0.028125
4.30900000239,-0.04375
4.30920000239,-0.0125
4.30940000239,-0.0125
4.30960000239,-0.028125
4.30980000239,-0.028125
4.31000000239,-0.0125
4.31020000239,-0.04375
4.31040000239,-0.028125
4.31060000239,-0.028125
4.31080000239,-0.0125
4.31100000239,-0.04375
4.31120000239,-0.0125
4.31140000239,-0.028125
4.31160000239,-0.0125
4.31180000239,-0.028125
4.31200000239,-0.028125
4.31220000239,-0.0125
4.31240000239,-0.028125
4.31260000239,-0.028125
4.31280000239,-0.028125
4.31300000239,-0.028125
4.31320000239,-0.028125
4.31340000239,-0.0125
4.31360000239,-0.0125
4.31380000239,-0.04375
4.31400000239,-0.028125
4.31420000239,-0.028125
4.31440000239,-0.028125
4.31460000239,-0.028125
4.31480000239,-0.028125
4.31500000239,-0.028125
4.31520000239,-0.028125
4.31540000239,-0.028125
4.31560000239,-0.0125
4.31580000239,-0.028125
4.31600000239,-0.028125
4.31620000239,-0.028125
4.31640000239,-0.0125
4.31660000239,-0.028125
4.31680000239,-0.0125
4.31700000239,-0.028125
4.31720000239,-0.028125
4.31740000239,-0.028125
4.31760000239,-0.0125
4.31780000239,-0.028125
4.31800000239,-0.028125
4.31820000239,-0.028125
4.31840000239,0.00312495
4.31860000239,-0.04375
4.31880000239,-0.028125
4.31900000239,-0.0125
4.31920000239,-0.0125
4.31940000239,-0.0125
4.31960000239,-0.0125
4.31980000239,-0.0125
4.32000000239,-0.028125
4.32020000239,-0.028125
4.32040000239,-0.0125
4.32060000239,-0.028125
4.32080000239,-0.028125
4.32100000239,-0.028125
4.32120000239,-0.0125
4.32140000239,-0.0125
4.32160000239,-0.028125
4.32180000239,-0.028125
4.32200000239,-0.0125
4.32220000239,-0.028125
4.32240000239,-0.0125
4.32260000239,-0.028125
4.32280000239,-0.028125
4.32300000239,-0.028125
4.32320000239,-0.0125
4.32340000239,-0.0125
4.32360000239,-0.0125
4.32380000239,-0.0125
4.32400000239,-0.028125
4.32420000239,-0.028125
4.32440000239,-0.028125
4.32460000239,-0.028125
4.32480000239,-0.0125
4.32500000239,-0.028125
4.32520000239,-0.028125
4.32540000239,-0.0125
4.32560000239,-0.028125
4.32580000239,-0.028125
4.32600000239,-0.028125
4.32620000239,-0.028125
4.32640000239,-0.028125
4.32660000239,-0.028125
4.32680000239,-0.0125
4.32700000239,-0.028125
4.32720000239,-0.028125
4.32740000239,-0.028125
4.32760000239,-0.028125
4.32780000239,-0.028125
4.32800000239,-0.028125
4.32820000239,-0.028125
4.32840000239,-0.028125
4.32860000239,-0.028125
4.32880000239,-0.0125
4.32900000239,-0.028125
4.32920000239,-0.0125
4.32940000239,-0.028125
4.32960000239,-0.0125
4.32980000239,-0.028125
4.33000000239,-0.028125
4.33020000239,-0.028125
4.33040000239,-0.0125
4.33060000239,-0.04375
4.33080000239,-0.028125
4.33100000239,-0.028125
4.33120000239,-0.028125
4.33140000239,-0.028125
4.33160000239,-0.028125
4.33180000239,-0.028125
4.33200000239,-0.028125
4.33220000239,-0.028125
4.33240000239,-0.028125
4.33260000239,-0.0125
4.33280000239,-0.04375
4.33300000239,-0.0125
4.33320000239,-0.028125
4.33340000239,-0.028125
4.33360000239,-0.028125
4.33380000239,-0.028125
4.33400000239,-0.028125
4.33420000239,-0.0125
4.33440000239,-0.0125
4.33460000239,-0.028125
4.33480000239,-0.028125
4.33500000239,-0.028125
4.33520000239,-0.028125
4.33540000239,-0.028125
4.33560000239,-0.028125
4.33580000239,-0.028125
4.33600000239,-0.04375
4.33620000239,-0.028125
4.33640000239,-0.028125
4.33660000239,-0.04375
4.33680000239,-0.028125
4.33700000239,-0.028125
4.33720000239,-0.028125
4.33740000239,-0.0125
4.33760000239,-0.028125
4.33780000239,-0.0125
4.33800000239,-0.0125
4.33820000239,-0.028125
4.33840000239,-0.0125
4.33860000239,-0.028125
4.33880000239,-0.028125
4.33900000239,-0.028125
4.33920000239,-0.0125
4.33940000239,-0.028125
4.33960000239,-0.028125
4.33980000239,-0.028125
4.34000000239,-0.028125
4.34020000239,-0.028125
4.34040000239,-0.028125
4.34060000239,-0.028125
4.34080000239,-0.028125
4.34100000239,-0.028125
4.34120000239,-0.04375
4.34140000239,-0.028125
4.34160000239,-0.028125
4.34180000239,-0.0125
4.34200000239,-0.028125
4.34220000239,-0.028125
4.34240000239,-0.028125
4.34260000239,-0.028125
4.34280000239,-0.028125
4.34300000239,-0.028125
4.34320000239,-0.04375
4.34340000239,-0.028125
4.34360000239,-0.028125
4.34380000239,-0.028125
4.34400000239,-0.0125
4.34420000239,-0.04375
4.34440000239,-0.04375
4.34460000239,-0.028125
4.34480000239,-0.0125
4.34500000239,-0.028125
4.34520000239,-0.028125
4.34540000239,-0.028125
4.34560000239,-0.04375
4.34580000239,-0.028125
4.34600000239,-0.0125
4.34620000239,-0.028125
4.34640000239,-0.028125
4.34660000239,-0.028125
4.34680000239,-0.028125
4.34700000239,-0.028125
4.34720000239,-0.028125
4.34740000239,-0.028125
4.34760000239,-0.028125
4.34780000239,-0.04375
4.34800000239,-0.028125
4.34820000239,-0.028125
4.34840000239,-0.028125
4.34860000239,-0.028125
4.34880000239,-0.028125
4.34900000239,-0.04375
4.34920000239,-0.028125
4.34940000239,-0.028125
4.34960000239,-0.028125
4.34980000239,-0.0125
4.35000000239,-0.028125
4.35020000239,-0.028125
4.35040000239,-0.028125
4.35060000239,-0.0125
4.35080000239,-0.04375
4.35100000239,-0.028125
4.35120000239,-0.028125
4.35140000239,-0.028125
4.35160000239,-0.0125
4.35180000239,-0.028125
4.35200000239,-0.028125
4.35220000239,-0.04375
4.35240000239,-0.028125
4.35260000239,-0.028125
4.35280000239,-0.028125
4.35300000239,-0.028125
4.35320000239,-0.028125
4.35340000239,-0.04375
4.35360000239,-0.04375
4.35380000239,-0.028125
4.35400000239,-0.028125
4.35420000239,-0.04375
4.35440000239,-0.028125
4.35460000239,-0.0125
4.35480000239,-0.028125
4.35500000239,-0.028125
4.35520000239,-0.0125
4.35540000239,-0.028125
4.35560000239,-0.028125
4.35580000239,-0.028125
4.35600000239,-0.028125
4.35620000239,-0.04375
4.35640000239,-0.028125
4.35660000239,-0.0125
4.35680000239,-0.04375
4.35700000239,-0.0125
4.35720000239,-0.0125
4.35740000239,-0.028125
4.35760000239,-0.028125
4.35780000239,-0.028125
4.35800000239,-0.04375
4.35820000239,-0.0125
4.35840000239,-0.04375
4.35860000239,-0.028125
4.35880000239,-0.028125
4.35900000239,-0.028125
4.35920000239,-0.028125
4.35940000239,-0.04375
4.35960000239,-0.028125
4.35980000239,-0.028125
4.36000000239,-0.028125
4.36020000239,-0.04375
4.36040000239,-0.0125
4.36060000239,-0.028125
4.36080000239,-0.028125
4.36100000239,-0.028125
4.36120000239,-0.028125
4.36140000239,-0.04375
4.36160000239,-0.04375
4.36180000239,-0.028125
4.36200000239,-0.028125
4.36220000239,-0.04375
4.36240000239,-0.028125
4.36260000239,-0.04375
4.36280000239,-0.028125
4.36300000239,-0.028125
4.36320000239,-0.04375
4.36340000239,-0.04375
4.36360000239,-0.028125
4.36380000239,-0.0125
4.36400000239,-0.028125
4.36420000239,-0.028125
4.36440000239,-0.04375
4.36460000239,-0.028125
4.36480000239,-0.04375
4.36500000239,-0.028125
4.36520000239,-0.028125
4.36540000239,-0.04375
4.36560000239,-0.028125
4.36580000239,-0.028125
4.36600000239,-0.04375
4.36620000239,-0.028125
4.36640000239,-0.028125
4.36660000239,-0.028125
4.36680000239,-0.028125
4.36700000239,-0.028125
4.36720000239,-0.028125
4.36740000239,-0.04375
4.36760000239,-0.028125
4.36780000239,-0.028125
4.36800000239,-0.0125
4.36820000239,-0.028125
4.36840000239,-0.028125
4.36860000239,-0.028125
4.36880000239,-0.028125
4.36900000239,-0.028125
4.36920000239,-0.028125
4.36940000239,-0.04375
4.36960000239,-0.0125
4.36980000239,-0.028125
4.37000000239,-0.028125
4.37020000239,-0.028125
4.37040000239,-0.0125
4.37060000239,-0.028125
4.37080000239,-0.028125
4.37100000239,-0.028125
4.37120000239,-0.028125
4.37140000239,-0.028125
4.37160000239,-0.028125
4.37180000239,-0.0125
4.37200000239,-0.028125
4.37220000239,-0.028125
4.37240000239,-0.028125
4.37260000239,-0.028125
4.37280000239,-0.028125
4.37300000239,-0.028125
4.37320000239,-0.028125
4.37340000239,-0.028125
4.37360000239,-0.04375
4.37380000239,-0.028125
4.37400000239,-0.028125
4.37420000239,-0.028125
4.37440000239,-0.04375
4.37460000239,-0.04375
4.37480000239,-0.028125
4.37500000239,-0.04375
4.37520000239,-0.028125
4.37540000239,-0.04375
4.37560000239,-0.028125
4.37580000239,-0.04375
4.37600000239,-0.028125
4.37620000239,-0.028125
4.37640000239,-0.04375
4.37660000239,-0.028125
4.37680000239,-0.04375
4.37700000239,-0.04375
4.37720000239,-0.04375
4.37740000239,-0.04375
4.37760000239,-0.028125
4.37780000239,-0.04375
4.37800000239,-0.028125
4.37820000239,-0.04375
4.37840000239,-0.04375
4.37860000239,-0.028125
4.37880000239,-0.028125
4.37900000239,-0.028125
4.37920000239,-0.028125
4.37940000239,-0.028125
4.37960000239,-0.028125
4.37980000239,-0.028125
4.38000000239,-0.04375
4.38020000239,-0.028125
4.38040000239,-0.028125
4.38060000239,-0.04375
4.38080000239,-0.028125
4.38100000239,-0.04375
4.38120000239,-0.028125
4.38140000239,-0.028125
4.38160000239,-0.04375
4.38180000239,-0.028125
4.38200000239,-0.04375
4.38220000239,-0.028125
4.38240000239,-0.04375
4.38260000239,-0.04375
4.38280000239,-0.028125
4.38300000239,-0.028125
4.38320000239,-0.028125
4.38340000239,-0.028125
4.38360000239,-0.0125
4.38380000239,-0.028125
4.38400000239,-0.04375
4.38420000239,-0.028125
4.38440000239,-0.028125
4.38460000239,-0.04375
4.38480000239,-0.04375
4.38500000239,-0.04375
4.38520000239,-0.0125
4.38540000239,-0.04375
4.38560000239,-0.0125
4.38580000239,-0.028125
4.38600000239,-0.028125
4.38620000239,-0.0125
4.38640000239,-0.04375
4.38660000239,-0.028125
4.38680000239,-0.04375
4.38700000239,-0.0125
4.38720000239,-0.028125
4.38740000239,-0.04375
4.38760000239,-0.028125
4.38780000239,-0.028125
4.38800000239,-0.028125
4.38820000239,-0.04375
4.38840000239,-0.028125
4.38860000239,-0.028125
4.38880000239,-0.028125
4.38900000239,-0.028125
4.38920000239,-0.028125
4.38940000239,-0.04375
4.38960000239,-0.04375
4.38980000239,-0.028125
4.39000000239,-0.04375
4.39020000239,-0.028125
4.39040000239,-0.04375
4.39060000239,-0.04375
4.39080000239,-0.028125
4.39100000239,-0.04375
4.39120000239,-0.028125
4.39140000239,-0.028125
4.39160000239,-0.028125
4.39180000239,-0.028125
4.39200000239,-0.028125
4.39220000239,-0.028125
4.39240000239,-0.028125
4.39260000239,-0.028125
4.39280000239,-0.04375
4.39300000239,-0.059375
4.39320000239,-0.04375
4.39340000239,-0.028125
4.39360000239,-0.028125
4.39380000239,-0.04375
4.39400000239,-0.04375
4.39420000239,-0.028125
4.39440000239,-0.028125
4.39460000239,-0.04375
4.39480000239,-0.04375
4.39500000239,-0.028125
4.39520000239,-0.04375
4.39540000239,-0.028125
4.39560000239,-0.04375
4.39580000239,-0.04375
4.39600000239,-0.04375
4.39620000239,-0.028125
4.39640000239,-0.028125
4.39660000239,-0.028125
4.39680000239,-0.028125
4.39700000239,-0.028125
4.39720000239,-0.04375
4.39740000239,-0.04375
4.39760000239,-0.04375
4.39780000239,-0.028125
4.39800000239,-0.028125
4.39820000239,-0.059375
4.39840000239,-0.04375
4.39860000239,-0.04375
4.39880000239,-0.028125
4.39900000239,-0.04375
4.39920000239,-0.04375
4.39940000239,-0.028125
4.39960000239,-0.04375
4.39980000239,-0.04375
4.40000000239,-0.04375
4.40020000239,-0.04375
4.40040000239,-0.04375
4.40060000239,-0.04375
4.40080000239,-0.04375
4.40100000239,-0.028125
4.40120000239,-0.04375
4.40140000239,-0.04375
4.40160000239,-0.028125
4.40180000239,-0.04375
4.40200000239,-0.028125
4.40220000239,-0.028125
4.40240000239,-0.028125
4.40260000239,-0.04375
4.40280000239,-0.04375
4.40300000239,-0.0125
4.40320000239,-0.04375
4.40340000239,-0.028125
4.40360000239,-0.04375
4.40380000239,-0.04375
4.40400000239,-0.028125
4.40420000239,-0.028125
4.40440000239,-0.028125
4.40460000239,-0.04375
4.40480000239,-0.028125
4.40500000239,-0.028125
4.40520000239,-0.028125
4.40540000239,-0.04375
4.40560000239,-0.028125
4.40580000239,-0.04375
4.40600000239,-0.04375
4.40620000239,-0.04375
4.40640000239,-0.028125
4.40660000239,-0.04375
4.40680000239,-0.04375
4.40700000239,-0.028125
4.40720000239,-0.04375
4.40740000239,-0.04375
4.40760000239,-0.028125
4.40780000239,-0.028125
4.40800000239,-0.04375
4.40820000239,-0.028125
4.40840000239,-0.028125
4.40860000239,-0.04375
4.40880000239,-0.04375
4.40900000239,-0.028125
4.40920000239,-0.028125
4.40940000239,-0.028125
4.40960000239,-0.04375
4.40980000239,-0.04375
4.41000000239,-0.0125
4.41020000239,-0.04375
4.41040000239,-0.04375
4.41060000239,-0.04375
4.41080000239,-0.0125
4.41100000239,-0.028125
4.41120000239,-0.04375
4.41140000239,-0.04375
4.41160000239,-0.028125
4.41180000239,-0.028125
4.41200000239,-0.04375
4.41220000239,-0.04375
4.41240000239,-0.028125
4.41260000239,-0.04375
4.41280000239,-0.04375
4.41300000239,-0.04375
4.41320000239,-0.04375
4.41340000239,-0.04375
4.41360000239,-0.028125
4.41380000239,-0.028125
4.41400000239,-0.04375
4.41420000239,-0.04375
4.41440000239,-0.04375
4.41460000239,-0.04375
4.41480000239,-0.028125
4.41500000239,-0.04375
4.41520000239,-0.04375
4.41540000239,-0.04375
4.41560000239,-0.04375
4.41580000239,-0.028125
4.41600000239,-0.028125
4.41620000239,-0.04375
4.41640000239,-0.04375
4.41660000239,-0.04375
4.41680000239,-0.04375
4.41700000239,-0.04375
4.41720000239,-0.028125
4.41740000239,-0.04375
4.41760000239,-0.028125
4.41780000239,-0.04375
4.41800000239,-0.028125
4.41820000239,-0.04375
4.41840000239,-0.028125
4.41860000239,-0.04375
4.41880000239,-0.04375
4.41900000239,-0.028125
4.41920000239,-0.04375
4.41940000239,-0.028125
4.41960000239,-0.04375
4.41980000239,-0.028125
4.42000000239,-0.028125
4.42020000239,-0.04375
4.42040000239,-0.04375
4.42060000239,-0.04375
4.42080000239,-0.04375
4.42100000239,-0.028125
4.42120000239,-0.04375
4.42140000239,-0.028125
4.42160000239,-0.028125
4.42180000239,-0.04375
4.42200000239,-0.04375
4.42220000239,-0.04375
4.42240000239,-0.04375
4.42260000239,-0.04375
4.42280000239,-0.04375
4.42300000239,-0.04375
4.42320000239,-0.04375
4.42340000239,-0.028125
4.42360000239,-0.028125
4.42380000239,-0.028125
4.42400000239,-0.04375
4.42420000239,-0.04375
4.42440000239,-0.04375
4.42460000239,-0.028125
4.42480000239,-0.04375
4.42500000239,-0.028125
4.42520000239,-0.04375
4.42540000239,-0.04375
4.42560000239,-0.028125
4.42580000239,-0.028125
4.42600000239,-0.028125
4.42620000239,-0.0125
4.42640000239,-0.04375
4.42660000239,-0.028125
4.42680000239,-0.028125
4.42700000239,-0.04375
4.42720000239,-0.04375
4.42740000239,-0.028125
4.42760000239,-0.04375
4.42780000239,-0.028125
4.42800000239,-0.028125
4.42820000239,-0.028125
4.42840000239,-0.028125
4.42860000239,-0.04375
4.42880000239,-0.04375
4.42900000239,-0.04375
4.42920000239,-0.04375
4.42940000239,-0.028125
4.42960000239,-0.028125
4.42980000239,-0.04375
4.43000000239,-0.028125
4.43020000239,-0.04375
4.43040000239,-0.028125
4.43060000239,-0.04375
4.43080000239,-0.028125
4.43100000239,-0.04375
4.43120000239,-0.04375
4.43140000239,-0.04375
4.43160000239,-0.04375
4.43180000239,-0.0125
4.43200000239,-0.04375
4.43220000239,-0.04375
4.43240000239,-0.04375
4.43260000239,-0.028125
4.43280000239,-0.04375
4.43300000239,-0.04375
4.43320000239,-0.028125
4.43340000239,-0.028125
4.43360000239,-0.04375
4.43380000239,-0.028125
4.43400000239,-0.04375
4.43420000239,-0.028125
4.43440000239,-0.04375
4.43460000239,-0.04375
4.43480000239,-0.04375
4.43500000239,-0.028125
4.43520000239,-0.04375
4.43540000239,-0.059375
4.43560000239,-0.04375
4.43580000239,-0.04375
4.43600000239,-0.028125
4.43620000239,-0.04375
4.43640000239,-0.059375
4.43660000239,-0.028125
4.43680000239,-0.04375
4.43700000239,-0.04375
4.43720000239,-0.04375
4.43740000239,-0.059375
4.43760000239,-0.04375
4.43780000239,-0.028125
4.43800000239,-0.059375
4.43820000239,-0.04375
4.43840000239,-0.04375
4.43860000239,-0.028125
4.43880000239,-0.04375
4.43900000239,-0.04375
4.43920000239,-0.04375
4.43940000239,-0.04375
4.43960000239,-0.028125
4.43980000239,-0.028125
4.44000000239,-0.028125
4.44020000239,-0.028125
4.44040000239,-0.04375
4.44060000239,-0.028125
4.44080000239,-0.028125
4.44100000239,-0.04375
4.44120000239,-0.04375
4.44140000239,-0.028125
4.44160000239,-0.04375
4.44180000239,-0.04375
4.44200000239,-0.04375
4.44220000239,-0.028125
4.44240000239,-0.04375
4.44260000239,-0.04375
4.44280000239,-0.04375
4.44300000239,-0.028125
4.44320000239,-0.028125
4.44340000239,-0.028125
4.44360000239,-0.04375
4.44380000239,-0.04375
4.44400000239,-0.04375
4.44420000239,-0.028125
4.44440000239,-0.04375
4.44460000239,-0.028125
4.44480000239,-0.04375
4.44500000239,-0.028125
4.44520000239,-0.028125
4.44540000239,-0.028125
4.44560000239,-0.04375
4.44580000239,-0.04375
4.44600000239,-0.04375
4.44620000239,-0.028125
4.44640000239,-0.04375
4.44660000239,-0.028125
4.44680000239,-0.028125
4.44700000239,-0.059375
4.44720000239,-0.028125
4.44740000239,-0.04375
4.44760000239,-0.04375
4.44780000239,-0.04375
4.44800000239,-0.028125
4.44820000239,-0.059375
4.44840000239,-0.04375
4.44860000239,-0.059375
4.44880000239,-0.028125
4.44900000239,-0.028125
4.44920000239,-0.04375
4.44940000239,-0.028125
4.44960000239,-0.04375
4.44980000239,-0.04375
4.45000000239,-0.04375
4.45020000239,-0.04375
4.45040000239,-0.04375
4.45060000239,-0.028125
4.45080000239,-0.04375
4.45100000239,-0.028125
4.45120000239,-0.028125
4.45140000239,-0.04375
4.45160000239,-0.04375
4.45180000239,-0.028125
4.45200000239,-0.04375
4.45220000239,-0.04375
4.45240000239,-0.04375
4.45260000239,-0.04375
4.45280000239,-0.028125
4.45300000239,-0.04375
4.45320000239,-0.059375
4.45340000239,-0.028125
4.45360000239,-0.04375
4.45380000239,-0.04375
4.45400000239,-0.028125
4.45420000239,-0.04375
4.45440000239,-0.04375
4.45460000239,-0.04375
4.45480000239,-0.028125
4.45500000239,-0.04375
4.45520000239,-0.059375
4.45540000239,-0.04375
4.45560000239,-0.04375
4.45580000239,-0.04375
4.45600000239,-0.028125
4.45620000239,-0.028125
4.45640000239,-0.059375
4.45660000239,-0.04375
4.45680000239,-0.028125
4.45700000239,-0.04375
4.45720000239,-0.04375
4.45740000239,-0.028125
4.45760000239,-0.028125
4.45780000239,-0.04375
4.45800000239,-0.028125
4.45820000239,-0.04375
4.45840000239,-0.028125
4.45860000239,-0.059375
4.45880000239,-0.028125
4.45900000239,-0.059375
4.45920000239,-0.059375
4.45940000239,-0.04375
4.45960000239,-0.059375
4.45980000239,-0.04375
4.46000000239,-0.04375
4.46020000239,-0.04375
4.46040000239,-0.04375
4.46060000239,-0.04375
4.46080000239,-0.04375
4.46100000239,-0.04375
4.46120000239,-0.04375
4.46140000239,-0.04375
4.46160000239,-0.059375
4.46180000239,-0.028125
4.46200000239,-0.04375
4.46220000239,-0.04375
4.46240000239,-0.04375
4.46260000239,-0.04375
4.46280000239,-0.028125
4.46300000239,-0.04375
4.46320000239,-0.04375
4.46340000239,-0.04375
4.46360000239,-0.04375
4.46380000239,-0.04375
4.46400000239,-0.04375
4.46420000239,-0.028125
4.46440000239,-0.04375
4.46460000239,-0.028125
4.46480000239,-0.04375
4.46500000239,-0.04375
4.46520000239,-0.028125
4.46540000239,-0.04375
4.46560000239,-0.04375
4.46580000239,-0.04375
4.46600000239,-0.059375
4.46620000239,-0.059375
4.46640000239,-0.028125
4.46660000239,-0.04375
4.46680000239,-0.059375
4.46700000239,-0.04375
4.46720000239,-0.04375
4.46740000239,-0.04375
4.46760000239,-0.04375
4.46780000239,-0.04375
4.46800000239,-0.04375
4.46820000239,-0.04375
4.46840000239,-0.04375
4.46860000239,-0.04375
4.46880000239,-0.04375
4.46900000239,-0.04375
4.46920000239,-0.028125
4.46940000239,-0.04375
4.46960000239,-0.04375
4.46980000239,-0.04375
4.47000000239,-0.028125
4.47020000239,-0.04375
4.47040000239,-0.04375
4.47060000239,-0.04375
4.47080000239,-0.04375
4.47100000239,-0.04375
4.47120000239,-0.028125
4.47140000239,-0.059375
4.47160000239,-0.04375
4.47180000239,-0.04375
4.47200000239,-0.04375
4.47220000239,-0.04375
4.47240000239,-0.028125
4.47260000239,-0.059375
4.47280000239,-0.04375
4.47300000239,-0.04375
4.47320000239,-0.04375
4.47340000239,-0.04375
4.47360000239,-0.04375
4.47380000239,-0.04375
4.47400000239,-0.04375
4.47420000239,-0.028125
4.47440000239,-0.04375
4.47460000239,-0.04375
4.47480000239,-0.04375
4.47500000239,-0.04375
4.47520000239,-0.04375
4.47540000239,-0.028125
4.47560000239,-0.028125
4.47580000239,-0.04375
4.47600000239,-0.04375
4.47620000239,-0.028125
4.47640000239,-0.04375
4.47660000239,-0.04375
4.47680000239,-0.059375
4.47700000239,-0.04375
4.47720000239,-0.04375
4.47740000239,-0.059375
4.47760000239,-0.04375
4.47780000239,-0.04375
4.47800000239,-0.028125
4.47820000239,-0.04375
4.47840000239,-0.04375
4.47860000239,-0.04375
4.47880000239,-0.04375
4.47900000239,-0.04375
4.47920000239,-0.059375
4.47940000239,-0.04375
4.47960000239,-0.04375
4.47980000239,-0.028125
4.48000000239,-0.04375
4.48020000239,-0.04375
4.48040000239,-0.028125
4.48060000239,-0.059375
4.48080000239,-0.04375
4.48100000239,-0.059375
4.48120000239,-0.04375
4.48140000239,-0.04375
4.48160000239,-0.04375
4.48180000239,-0.04375
4.48200000239,-0.04375
4.48220000239,-0.04375
4.48240000239,-0.04375
4.48260000239,-0.028125
4.48280000239,-0.04375
4.48300000239,-0.04375
4.48320000239,-0.059375
4.48340000239,-0.04375
4.48360000239,-0.04375
4.48380000239,-0.04375
4.48400000239,-0.028125
4.48420000239,-0.059375
4.48440000239,-0.04375
4.48460000239,-0.04375
4.48480000239,-0.059375
4.48500000239,-0.059375
4.48520000239,-0.04375
4.48540000239,-0.04375
4.48560000239,-0.04375
4.48580000239,-0.04375
4.48600000239,-0.028125
4.48620000239,-0.04375
4.48640000239,-0.028125
4.48660000239,-0.04375
4.48680000239,-0.04375
4.48700000239,-0.028125
4.48720000239,-0.059375
4.48740000239,-0.04375
4.48760000239,-0.059375
4.48780000239,-0.059375
4.48800000239,-0.028125
4.48820000239,-0.04375
4.48840000239,-0.059375
4.48860000239,-0.04375
4.48880000239,-0.028125
4.48900000239,-0.059375
4.48920000239,-0.04375
4.48940000239,-0.04375
4.48960000239,-0.04375
4.48980000239,-0.04375
4.49000000239,-0.04375
4.49020000239,-0.04375
4.49040000239,-0.028125
4.49060000239,-0.04375
4.49080000239,-0.028125
4.49100000239,-0.04375
4.49120000239,-0.04375
4.49140000239,-0.028125
4.49160000239,-0.028125
4.49180000239,-0.04375
4.49200000239,-0.04375
4.49220000239,-0.04375
4.49240000239,-0.059375
4.49260000239,-0.04375
4.49280000239,-0.059375
4.49300000239,-0.059375
4.49320000239,-0.04375
4.49340000239,-0.04375
4.49360000239,-0.04375
4.49380000239,-0.04375
4.49400000239,-0.04375
4.49420000239,-0.028125
4.49440000239,-0.028125
4.49460000239,-0.04375
4.49480000239,-0.04375
4.49500000239,-0.04375
4.49520000239,-0.04375
4.49540000239,-0.04375
4.49560000239,-0.04375
4.49580000239,-0.04375
4.49600000239,-0.059375
4.49620000239,-0.04375
4.49640000239,-0.059375
4.49660000239,-0.04375
4.49680000239,-0.059375
4.49700000239,-0.04375
4.49720000239,-0.028125
4.49740000239,-0.04375
4.49760000239,-0.04375
4.49780000239,-0.059375
4.49800000239,-0.04375
4.49820000239,-0.04375
4.49840000239,-0.04375
4.49860000239,-0.04375
4.49880000239,-0.04375
4.49900000239,-0.059375
4.49920000239,-0.04375
4.49940000239,-0.04375
4.49960000239,-0.04375
4.49980000239,-0.04375
4.50000000239,-0.04375
4.50020000239,-0.04375
4.50040000239,-0.028125
4.50060000239,-0.059375
4.50080000239,-0.04375
4.50100000239,-0.04375
4.50120000239,-0.04375
4.50140000239,-0.059375
4.50160000239,-0.04375
4.50180000239,-0.04375
4.50200000239,-0.04375
4.50220000239,-0.04375
4.50240000239,-0.059375
4.50260000239,-0.04375
4.50280000239,-0.059375
4.50300000239,-0.04375
4.50320000239,-0.04375
4.50340000239,-0.059375
4.50360000239,-0.04375
4.50380000239,-0.028125
4.50400000239,-0.028125
4.50420000239,-0.04375
4.50440000239,-0.028125
4.50460000239,-0.059375
4.50480000239,-0.059375
4.50500000239,-0.04375
4.50520000239,-0.04375
4.50540000239,-0.04375
4.50560000239,-0.04375
4.50580000239,-0.059375
4.50600000239,-0.04375
4.50620000239,-0.04375
4.50640000239,-0.04375
4.50660000239,-0.04375
4.50680000239,-0.04375
4.50700000239,-0.04375
4.50720000239,-0.028125
4.50740000239,-0.04375
4.50760000239,-0.04375
4.50780000239,-0.04375
4.50800000239,-0.028125
4.50820000239,-0.028125
4.50840000239,-0.04375
4.50860000239,-0.028125
4.50880000239,-0.04375
4.50900000239,-0.04375
4.50920000239,-0.04375
4.50940000239,-0.04375
4.50960000239,-0.059375
4.50980000239,-0.04375
4.51000000239,-0.04375
4.51020000239,-0.04375
4.51040000239,-0.04375
4.51060000239,-0.04375
4.51080000239,-0.04375
4.51100000239,-0.04375
4.51120000239,-0.04375
4.51140000239,-0.04375
4.51160000239,-0.04375
4.51180000239,-0.04375
4.51200000239,-0.028125
4.51220000239,-0.04375
4.51240000239,-0.028125
4.51260000239,-0.04375
4.51280000239,-0.04375
4.51300000239,-0.028125
4.51320000239,-0.059375
4.51340000239,-0.059375
4.51360000239,-0.04375
4.51380000239,-0.059375
4.51400000239,-0.04375
4.51420000239,-0.04375
4.51440000239,-0.028125
4.51460000239,-0.04375
4.51480000239,-0.04375
4.51500000239,-0.028125
4.51520000239,-0.059375
4.51540000239,-0.059375
4.51560000239,-0.059375
4.51580000239,-0.059375
4.51600000239,-0.04375
4.51620000239,-0.04375
4.51640000239,-0.059375
4.51660000239,-0.04375
4.51680000239,-0.028125
4.51700000239,-0.04375
4.51720000239,-0.04375
4.51740000239,-0.04375
4.51760000239,-0.028125
4.51780000239,-0.04375
4.51800000239,-0.059375
4.51820000239,-0.028125
4.51840000239,-0.04375
4.51860000239,-0.028125
4.51880000239,-0.04375
4.51900000239,-0.04375
4.51920000239,-0.04375
4.51940000239,-0.04375
4.51960000239,-0.028125
4.51980000239,-0.04375
4.52000000239,-0.04375
4.52020000239,-0.04375
4.52040000239,-0.028125
4.52060000239,-0.04375
4.52080000239,-0.059375
4.52100000239,-0.04375
4.52120000239,-0.04375
4.52140000239,-0.028125
4.52160000239,-0.04375
4.52180000239,-0.059375
4.52200000239,-0.059375
4.52220000239,-0.04375
4.52240000239,-0.059375
4.52260000239,-0.04375
4.52280000239,-0.04375
4.52300000239,-0.04375
4.52320000239,-0.04375
4.52340000239,-0.059375
4.52360000239,-0.04375
4.52380000239,-0.04375
4.52400000239,-0.04375
4.52420000239,-0.04375
4.52440000239,-0.04375
4.52460000239,-0.04375
4.52480000239,-0.04375
4.52500000239,-0.04375
4.52520000239,-0.04375
4.52540000239,-0.059375
4.52560000239,-0.059375
4.52580000239,-0.04375
4.52600000239,-0.04375
4.52620000239,-0.04375
4.52640000239,-0.04375
4.52660000239,-0.04375
4.52680000239,-0.028125
4.52700000239,-0.04375
4.52720000239,-0.04375
4.52740000239,-0.028125
4.52760000239,-0.059375
4.52780000239,-0.028125
4.52800000239,-0.04375
4.52820000239,-0.04375
4.52840000239,-0.04375
4.52860000239,-0.04375
4.52880000239,-0.04375
4.52900000239,-0.059375
4.52920000239,-0.04375
4.52940000239,-0.04375
4.52960000239,-0.059375
4.52980000239,-0.04375
4.53000000239,-0.04375
4.53020000239,-0.059375
4.53040000239,-0.028125
4.53060000239,-0.04375
4.53080000239,-0.04375
4.53100000239,-0.04375
4.53120000239,-0.04375
4.53140000239,-0.04375
4.53160000239,-0.04375
4.53180000239,-0.04375
4.53200000239,-0.04375
4.53220000239,-0.04375
4.53240000239,-0.04375
4.53260000239,-0.04375
4.53280000239,-0.04375
4.53300000239,-0.04375
4.53320000239,-0.04375
4.53340000239,-0.04375
4.53360000239,-0.04375
4.53380000239,-0.059375
4.53400000239,-0.04375
4.53420000239,-0.04375
4.53440000239,-0.04375
4.53460000239,-0.04375
4.53480000239,-0.04375
4.53500000239,-0.04375
4.53520000239,-0.04375
4.53540000239,-0.04375
4.53560000239,-0.028125
4.53580000239,-0.04375
4.53600000239,-0.04375
4.53620000239,-0.04375
4.53640000239,-0.04375
4.53660000239,-0.04375
4.53680000239,-0.04375
4.53700000239,-0.04375
4.53720000239,-0.04375
4.53740000239,-0.059375
4.53760000239,-0.04375
4.53780000239,-0.04375
4.53800000239,-0.04375
4.53820000239,-0.04375
4.53840000239,-0.04375
4.53860000239,-0.059375
4.53880000239,-0.04375
4.53900000239,-0.04375
4.53920000239,-0.04375
4.53940000239,-0.04375
4.53960000239,-0.059375
4.53980000239,-0.04375
4.54000000239,-0.028125
4.54020000239,-0.04375
4.54040000239,-0.04375
4.54060000239,-0.04375
4.54080000239,-0.059375
4.54100000239,-0.04375
4.54120000239,-0.04375
4.54140000239,-0.04375
4.54160000239,-0.059375
4.54180000239,-0.04375
4.54200000239,-0.04375
4.54220000239,-0.04375
4.54240000239,-0.04375
4.54260000239,-0.04375
4.54280000239,-0.059375
4.54300000239,-0.059375
4.54320000239,-0.04375
4.54340000239,-0.028125
4.54360000239,-0.04375
4.54380000239,-0.059375
4.54400000239,-0.059375
4.54420000239,-0.04375
4.54440000239,-0.059375
4.54460000239,-0.04375
4.54480000239,-0.04375
4.54500000239,-0.04375
4.54520000239,-0.04375
4.54540000239,-0.04375
4.54560000239,-0.028125
4.54580000239,-0.04375
4.54600000239,-0.059375
4.54620000239,-0.04375
4.54640000239,-0.04375
4.54660000239,-0.04375
4.54680000239,-0.04375
4.54700000239,-0.028125
4.54720000239,-0.04375
4.54740000239,-0.04375
4.54760000239,-0.059375
4.54780000239,-0.04375
4.54800000239,-0.028125
4.54820000239,-0.04375
4.54840000239,-0.059375
4.54860000239,-0.04375
4.54880000239,-0.04375
4.54900000239,-0.04375
4.54920000239,-0.059375
4.54940000239,-0.04375
4.54960000239,-0.04375
4.54980000239,-0.04375
4.55000000239,-0.04375
4.55020000239,-0.04375
4.55040000239,-0.04375
4.55060000239,-0.04375
4.55080000239,-0.04375
4.55100000239,-0.059375
4.55120000239,-0.04375
4.55140000239,-0.04375
4.55160000239,-0.028125
4.55180000239,-0.04375
4.55200000239,-0.04375
4.55220000239,-0.04375
4.55240000239,-0.04375
4.55260000239,-0.04375
4.55280000239,-0.059375
4.55300000239,-0.04375
4.55320000239,-0.04375
4.55340000239,-0.04375
4.55360000239,-0.04375
4.55380000239,-0.04375
4.55400000239,-0.04375
4.55420000239,-0.04375
4.55440000239,-0.04375
4.55460000239,-0.059375
4.55480000239,-0.028125
4.55500000239,-0.04375
4.55520000239,-0.028125
4.55540000239,-0.04375
4.55560000239,-0.04375
4.55580000239,-0.04375
4.55600000239,-0.04375
4.55620000239,-0.04375
4.55640000239,-0.059375
4.55660000239,-0.04375
4.55680000239,-0.04375
4.55700000239,-0.04375
4.55720000239,-0.028125
4.55740000239,-0.04375
4.55760000239,-0.04375
4.55780000239,-0.059375
4.55800000239,-0.04375
4.55820000239,-0.028125
4.55840000239,-0.04375
4.55860000239,-0.04375
4.55880000239,-0.059375
4.55900000239,-0.04375
4.55920000239,-0.04375
4.55940000239,-0.028125
4.55960000239,-0.059375
4.55980000239,-0.028125
4.56000000239,-0.028125
4.56020000239,-0.059375
4.56040000239,-0.04375
4.56060000239,-0.059375
4.56080000239,-0.04375
4.56100000239,-0.04375
4.56120000239,-0.04375
4.56140000239,-0.04375
4.56160000239,-0.059375
4.56180000239,-0.04375
4.56200000239,-0.059375
4.56220000239,-0.04375
4.56240000239,-0.04375
4.56260000239,-0.04375
4.56280000239,-0.04375
4.56300000239,-0.059375
4.56320000239,-0.059375
4.56340000239,-0.059375
4.56360000239,-0.04375
4.56380000239,-0.04375
4.56400000239,-0.04375
4.56420000239,-0.04375
4.56440000239,-0.04375
4.56460000239,-0.04375
4.56480000239,-0.028125
4.56500000239,-0.059375
4.56520000239,-0.04375
4.56540000239,-0.059375
4.56560000239,-0.04375
4.56580000239,-0.04375
4.56600000239,-0.059375
4.56620000239,-0.059375
4.56640000239,-0.04375
4.56660000239,-0.04375
4.56680000239,-0.028125
4.56700000239,-0.059375
4.56720000239,-0.059375
4.56740000239,-0.059375
4.56760000239,-0.04375
4.56780000239,-0.04375
4.56800000239,-0.028125
4.56820000239,-0.04375
4.56840000239,-0.04375
4.56860000239,-0.059375
4.56880000239,-0.04375
4.56900000239,-0.04375
4.56920000239,-0.04375
4.56940000239,-0.04375
4.56960000239,-0.059375
4.56980000239,-0.04375
4.57000000239,-0.04375
4.57020000239,-0.04375
4.57040000239,-0.04375
4.57060000239,-0.04375
4.57080000239,-0.028125
4.57100000239,-0.059375
4.57120000239,-0.04375
4.57140000239,-0.04375
4.57160000239,-0.04375
4.57180000239,-0.028125
4.57200000239,-0.059375
4.57220000239,-0.04375
4.57240000239,-0.04375
4.57260000239,-0.04375
4.57280000239,-0.04375
4.57300000239,-0.04375
4.57320000239,-0.059375
4.57340000239,-0.04375
4.57360000239,-0.028125
4.57380000239,-0.028125
4.57400000239,-0.059375
4.57420000239,-0.04375
4.57440000239,-0.04375
4.57460000239,-0.04375
4.57480000239,-0.059375
4.57500000239,-0.04375
4.57520000239,-0.059375
4.57540000239,-0.04375
4.57560000239,-0.04375
4.57580000239,-0.04375
4.57600000239,-0.059375
4.57620000239,-0.04375
4.57640000239,-0.04375
4.57660000239,-0.04375
4.57680000239,-0.04375
4.57700000239,-0.04375
4.57720000239,-0.04375
4.57740000239,-0.04375
4.57760000239,-0.04375
4.57780000239,-0.028125
4.57800000239,-0.04375
4.57820000239,-0.04375
4.57840000239,-0.028125
4.57860000239,-0.04375
4.57880000239,-0.04375
4.57900000239,-0.04375
4.57920000239,-0.04375
4.57940000239,-0.04375
4.57960000239,-0.059375
4.57980000239,-0.04375
4.58000000239,-0.04375
4.58020000239,-0.075
4.58040000239,-0.059375
4.58060000239,-0.059375
4.58080000239,-0.04375
4.58100000239,-0.04375
4.58120000239,-0.04375
4.58140000239,-0.04375
4.58160000239,-0.059375
4.58180000239,-0.04375
4.58200000239,-0.04375
4.58220000239,-0.04375
4.58240000239,-0.04375
4.58260000239,-0.04375
4.58280000239,-0.04375
4.58300000239,-0.04375
4.58320000239,-0.04375
4.58340000239,-0.04375
4.58360000239,-0.04375
4.58380000239,-0.028125
4.58400000239,-0.04375
4.58420000239,-0.059375
4.58440000239,-0.04375
4.58460000239,-0.04375
4.58480000239,-0.04375
4.58500000239,-0.04375
4.58520000239,-0.04375
4.58540000239,-0.059375
4.58560000239,-0.028125
4.58580000239,-0.04375
4.58600000239,-0.04375
4.58620000239,-0.04375
4.58640000239,-0.04375
4.58660000239,-0.04375
4.58680000239,-0.04375
4.58700000239,-0.04375
4.58720000239,-0.059375
4.58740000239,-0.028125
4.58760000239,-0.059375
4.58780000239,-0.059375
4.58800000239,-0.04375
4.58820000239,-0.04375
4.58840000239,-0.04375
4.58860000239,-0.04375
4.58880000239,-0.04375
4.58900000239,-0.059375
4.58920000239,-0.04375
4.58940000239,-0.04375
4.58960000239,-0.04375
4.58980000239,-0.04375
4.59000000239,-0.059375
4.59020000239,-0.059375
4.59040000239,-0.04375
4.59060000239,-0.04375
4.59080000239,-0.04375
4.59100000239,-0.04375
4.59120000239,-0.04375
4.59140000239,-0.04375
4.59160000239,-0.059375
4.59180000239,-0.04375
4.59200000239,-0.028125
4.59220000239,-0.04375
4.59240000239,-0.04375
4.59260000239,-0.028125
4.59280000239,-0.04375
4.59300000239,-0.059375
4.59320000239,-0.04375
4.59340000239,-0.028125
4.59360000239,-0.04375
4.59380000239,-0.04375
4.59400000239,-0.04375
4.59420000239,-0.059375
4.59440000239,-0.04375
4.59460000239,-0.059375
4.59480000239,-0.04375
4.59500000239,-0.04375
4.59520000239,-0.04375
4.59540000239,-0.04375
4.59560000239,-0.04375
4.59580000239,-0.04375
4.59600000239,-0.04375
4.59620000239,-0.04375
4.59640000239,-0.04375
4.59660000239,-0.04375
4.59680000239,-0.04375
4.59700000239,-0.04375
4.59720000239,-0.04375
4.59740000239,-0.04375
4.59760000239,-0.04375
4.59780000239,-0.028125
4.59800000239,-0.04375
4.59820000239,-0.04375
4.59840000239,-0.04375
4.59860000239,-0.04375
4.59880000239,-0.04375
4.59900000239,-0.04375
4.59920000239,-0.04375
4.59940000239,-0.04375
4.59960000239,-0.04375
4.59980000239,-0.04375
4.60000000239,-0.04375
4.60020000239,-0.04375
4.60040000239,-0.04375
4.60060000239,-0.04375
4.60080000239,-0.04375
4.60100000239,-0.04375
4.60120000239,-0.04375
4.60140000239,-0.04375
4.60160000239,-0.04375
4.60180000239,-0.04375
4.60200000239,-0.04375
4.60220000239,-0.04375
4.60240000239,-0.04375
4.60260000239,-0.028125
4.60280000239,-0.059375
4.60300000239,-0.04375
4.60320000239,-0.04375
4.60340000239,-0.04375
4.60360000239,-0.04375
4.60380000239,-0.04375
4.60400000239,-0.059375
4.60420000239,-0.04375
4.60440000239,-0.04375
4.60460000239,-0.04375
4.60480000239,-0.04375
4.60500000239,-0.04375
4.60520000239,-0.04375
4.60540000239,-0.059375
4.60560000239,-0.04375
4.60580000239,-0.059375
4.60600000239,-0.04375
4.60620000239,-0.04375
4.60640000239,-0.04375
4.60660000239,-0.028125
4.60680000239,-0.04375
4.60700000239,-0.028125
4.60720000239,-0.04375
4.60740000239,-0.04375
4.60760000239,-0.04375
4.60780000239,-0.04375
4.60800000239,-0.04375
4.60820000239,-0.04375
4.60840000239,-0.04375
4.60860000239,-0.04375
4.60880000239,-0.028125
4.60900000239,-0.04375
4.60920000239,-0.04375
4.60940000239,-0.059375
4.60960000239,-0.04375
4.60980000239,-0.04375
4.61000000239,-0.04375
4.61020000239,-0.028125
4.61040000239,-0.04375
4.61060000239,-0.059375
4.61080000239,-0.04375
4.61100000239,-0.059375
4.61120000239,-0.04375
4.61140000239,-0.04375
4.61160000239,-0.059375
4.61180000239,-0.059375
4.61200000239,-0.028125
4.61220000239,-0.04375
4.61240000239,-0.059375
4.61260000239,-0.028125
4.61280000239,-0.028125
4.61300000239,-0.04375
4.61320000239,-0.059375
4.61340000239,-0.04375
4.61360000239,-0.04375
4.61380000239,-0.04375
4.61400000239,-0.028125
4.61420000239,-0.04375
4.61440000239,-0.04375
4.61460000239,-0.04375
4.61480000239,-0.04375
4.61500000239,-0.059375
4.61520000239,-0.04375
4.61540000239,-0.04375
4.61560000239,-0.04375
4.61580000239,-0.04375
4.61600000239,-0.028125
4.61620000239,-0.059375
4.61640000239,-0.04375
4.61660000239,-0.059375
4.61680000239,-0.04375
4.61700000239,-0.04375
4.61720000239,-0.04375
4.61740000239,-0.04375
4.61760000239,-0.04375
4.61780000239,-0.028125
4.61800000239,-0.04375
4.61820000239,-0.04375
4.61840000239,-0.04375
4.61860000239,-0.04375
4.61880000239,-0.04375
4.61900000239,-0.028125
4.61920000239,-0.04375
4.61940000239,-0.028125
4.61960000239,-0.04375
4.61980000239,-0.028125
4.62000000239,-0.059375
4.62020000239,-0.04375
4.62040000239,-0.04375
4.62060000239,-0.059375
4.62080000239,-0.04375
4.62100000239,-0.059375
4.62120000239,-0.028125
4.62140000239,-0.04375
4.62160000239,-0.059375
4.62180000239,-0.04375
4.62200000239,-0.059375
4.62220000239,-0.04375
4.62240000239,-0.04375
4.62260000239,-0.04375
4.62280000239,-0.059375
4.62300000239,-0.059375
4.62320000239,-0.04375
4.62340000239,-0.059375
4.62360000239,-0.04375
4.62380000239,-0.059375
4.62400000239,-0.059375
4.62420000239,-0.04375
4.62440000239,-0.04375
4.62460000239,-0.059375
4.62480000239,-0.04375
4.62500000239,-0.059375
4.62520000239,-0.04375
4.62540000239,-0.04375
4.62560000239,-0.04375
4.62580000239,-0.04375
4.62600000239,-0.059375
4.62620000239,-0.04375
4.62640000239,-0.04375
4.62660000239,-0.028125
4.62680000239,-0.04375
4.62700000239,-0.04375
4.62720000239,-0.04375
4.62740000239,-0.028125
4.62760000239,-0.04375
4.62780000239,-0.04375
4.62800000239,-0.059375
4.62820000239,-0.028125
4.62840000239,-0.04375
4.62860000239,-0.04375
4.62880000239,-0.059375
4.62900000239,-0.059375
4.62920000239,-0.04375
4.62940000239,-0.059375
4.62960000239,-0.04375
4.62980000239,-0.04375
4.63000000239,-0.028125
4.63020000239,-0.059375
4.63040000239,-0.04375
4.63060000239,-0.059375
4.63080000239,-0.04375
4.63100000239,-0.059375
4.63120000239,-0.04375
4.63140000239,-0.04375
4.63160000239,-0.04375
4.63180000239,-0.059375
4.63200000239,-0.04375
4.63220000239,-0.059375
4.63240000239,-0.04375
4.63260000239,-0.04375
4.63280000239,-0.04375
4.63300000239,-0.04375
4.63320000239,-0.04375
4.63340000239,-0.059375
4.63360000239,-0.04375
4.63380000239,-0.04375
4.63400000239,-0.04375
4.63420000239,-0.04375
4.63440000239,-0.04375
4.63460000239,-0.04375
4.63480000239,-0.04375
4.63500000239,-0.028125
4.63520000239,-0.028125
4.63540000239,-0.059375
4.63560000239,-0.04375
4.63580000239,-0.028125
4.63600000239,-0.04375
4.63620000239,-0.04375
4.63640000239,-0.04375
4.63660000239,-0.04375
4.63680000239,-0.04375
4.63700000239,-0.04375
4.63720000239,-0.059375
4.63740000239,-0.04375
4.63760000239,-0.04375
4.63780000239,-0.059375
4.63800000239,-0.04375
4.63820000239,-0.04375
4.63840000239,-0.059375
4.63860000239,-0.04375
4.63880000239,-0.028125
4.63900000239,-0.059375
4.63920000239,-0.059375
4.63940000239,-0.04375
4.63960000239,-0.028125
4.63980000239,-0.04375
4.64000000239,-0.028125
4.64020000239,-0.04375
4.64040000239,-0.04375
4.64060000239,-0.04375
4.64080000239,-0.04375
4.64100000239,-0.04375
4.64120000239,-0.04375
4.64140000239,-0.04375
4.64160000239,-0.04375
4.64180000239,-0.04375
4.64200000239,-0.04375
4.64220000239,-0.028125
4.64240000239,-0.04375
4.64260000239,-0.04375
4.64280000239,-0.04375
4.64300000239,-0.04375
4.64320000239,-0.04375
4.64340000239,-0.04375
4.64360000239,-0.04375
4.64380000239,-0.059375
4.64400000239,-0.04375
4.64420000239,-0.04375
4.64440000239,-0.04375
4.64460000239,-0.04375
4.64480000239,-0.04375
4.64500000239,-0.059375
4.64520000239,-0.04375
4.64540000239,-0.04375
4.64560000239,-0.04375
4.64580000239,-0.04375
4.64600000239,-0.04375
4.64620000239,-0.04375
4.64640000239,-0.04375
4.64660000239,-0.028125
4.64680000239,-0.04375
4.64700000239,-0.04375
4.64720000239,-0.04375
4.64740000239,-0.059375
4.64760000239,-0.059375
4.64780000239,-0.059375
4.64800000239,-0.04375
4.64820000239,-0.028125
4.64840000239,-0.04375
4.64860000239,-0.04375
4.64880000239,-0.059375
4.64900000239,-0.04375
4.64920000239,-0.04375
4.64940000239,-0.04375
4.64960000239,-0.04375
4.64980000239,-0.04375
4.65000000239,-0.04375
4.65020000239,-0.04375
4.65040000239,-0.04375
4.65060000239,-0.04375
4.65080000239,-0.028125
4.65100000239,-0.04375
4.65120000239,-0.028125
4.65140000239,-0.04375
4.65160000239,-0.028125
4.65180000239,-0.04375
4.65200000239,-0.04375
4.65220000239,-0.059375
4.65240000239,-0.04375
4.65260000239,-0.04375
4.65280000239,-0.04375
4.65300000239,-0.04375
4.65320000239,-0.04375
4.65340000239,-0.04375
4.65360000239,-0.04375
4.65380000239,-0.059375
4.65400000239,-0.059375
4.65420000239,-0.059375
4.65440000239,-0.04375
4.65460000239,-0.059375
4.65480000239,-0.04375
4.65500000239,-0.04375
4.65520000239,-0.059375
4.65540000239,-0.04375
4.65560000239,-0.04375
4.65580000239,-0.04375
4.65600000239,-0.04375
4.65620000239,-0.04375
4.65640000239,-0.028125
4.65660000239,-0.04375
4.65680000239,-0.059375
4.65700000239,-0.04375
4.65720000239,-0.059375
4.65740000239,-0.059375
4.65760000239,-0.04375
4.65780000239,-0.059375
4.65800000239,-0.04375
4.65820000239,-0.04375
4.65840000239,-0.04375
4.65860000239,-0.04375
4.65880000239,-0.04375
4.65900000239,-0.04375
4.65920000239,-0.04375
4.65940000239,-0.04375
4.65960000239,-0.028125
4.65980000239,-0.04375
4.66000000239,-0.04375
4.66020000239,-0.04375
4.66040000239,-0.04375
4.66060000239,-0.04375
4.66080000239,-0.04375
4.66100000239,-0.04375
4.66120000239,-0.059375
4.66140000239,-0.04375
4.66160000239,-0.04375
4.66180000239,-0.059375
4.66200000239,-0.04375
4.66220000239,-0.04375
4.66240000239,-0.059375
4.66260000239,-0.04375
4.66280000239,-0.059375
4.66300000239,-0.059375
4.66320000239,-0.04375
4.66340000239,-0.028125
4.66360000239,-0.028125
4.66380000239,-0.028125
4.66400000239,-0.028125
4.66420000239,-0.028125
4.66440000239,-0.04375
4.66460000239,-0.04375
4.66480000239,-0.028125
4.66500000239,-0.04375
4.66520000239,-0.04375
4.66540000239,-0.059375
4.66560000239,-0.059375
4.66580000239,-0.059375
4.66600000239,-0.04375
4.66620000239,-0.04375
4.66640000239,-0.059375
4.66660000239,-0.059375
4.66680000239,-0.04375
4.66700000239,-0.04375
4.66720000239,-0.04375
4.66740000239,-0.059375
4.66760000239,-0.04375
4.66780000239,-0.059375
4.66800000239,-0.04375
4.66820000239,-0.059375
4.66840000239,-0.04375
4.66860000239,-0.04375
4.66880000239,-0.04375
4.66900000239,-0.04375
4.66920000239,-0.04375
4.66940000239,-0.04375
4.66960000239,-0.04375
4.66980000239,-0.028125
4.67000000239,-0.059375
4.67020000239,-0.04375
4.67040000239,-0.04375
4.67060000239,-0.04375
4.67080000239,-0.04375
4.67100000239,-0.028125
4.67120000239,-0.04375
4.67140000239,-0.04375
4.67160000239,-0.04375
4.67180000239,-0.04375
4.67200000239,-0.04375
4.67220000239,-0.04375
4.67240000239,-0.059375
4.67260000239,-0.04375
4.67280000239,-0.028125
4.67300000239,-0.04375
4.67320000239,-0.059375
4.67340000239,-0.04375
4.67360000239,-0.04375
4.67380000239,-0.04375
4.67400000239,-0.04375
4.67420000239,-0.04375
4.67440000239,-0.028125
4.67460000239,-0.04375
4.67480000239,-0.028125
4.67500000239,-0.04375
4.67520000239,-0.04375
4.67540000239,-0.059375
4.67560000239,-0.04375
4.67580000239,-0.04375
4.67600000239,-0.04375
4.67620000239,-0.04375
4.67640000239,-0.04375
4.67660000239,-0.04375
4.67680000239,-0.059375
4.67700000239,-0.04375
4.67720000239,-0.04375
4.67740000239,-0.04375
4.67760000239,-0.04375
4.67780000239,-0.059375
4.67800000239,-0.04375
4.67820000239,-0.04375
4.67840000239,-0.059375
4.67860000239,-0.059375
4.67880000239,-0.04375
4.67900000239,-0.04375
4.67920000239,-0.04375
4.67940000239,-0.04375
4.67960000239,-0.028125
4.67980000239,-0.04375
4.68000000239,-0.04375
4.68020000239,-0.04375
4.68040000239,-0.04375
4.68060000239,-0.028125
4.68080000239,-0.04375
4.68100000239,-0.04375
4.68120000239,-0.04375
4.68140000239,-0.04375
4.68160000239,-0.04375
4.68180000239,-0.028125
4.68200000239,-0.04375
4.68220000239,-0.028125
4.68240000239,-0.04375
4.68260000239,-0.04375
4.68280000239,-0.04375
4.68300000239,-0.04375
4.68320000239,-0.059375
4.68340000239,-0.04375
4.68360000239,-0.028125
4.68380000239,-0.04375
4.68400000239,-0.059375
4.68420000239,-0.04375
4.68440000239,-0.028125
4.68460000239,-0.04375
4.68480000239,-0.04375
4.68500000239,-0.059375
4.68520000239,-0.04375
4.68540000239,-0.04375
4.68560000239,-0.04375
4.68580000239,-0.04375
4.68600000239,-0.028125
4.68620000239,-0.04375
4.68640000239,-0.059375
4.68660000239,-0.04375
4.68680000239,-0.04375
4.68700000239,-0.04375
4.68720000239,-0.059375
4.68740000239,-0.028125
4.68760000239,-0.04375
4.68780000239,-0.04375
4.68800000239,-0.04375
4.68820000239,-0.04375
4.68840000239,-0.04375
4.68860000239,-0.04375
4.68880000239,-0.028125
4.68900000239,-0.04375
4.68920000239,-0.059375
4.68940000239,-0.04375
4.68960000239,-0.04375
4.68980000239,-0.04375
4.69000000239,-0.04375
4.69020000239,-0.059375
4.69040000239,-0.059375
4.69060000239,-0.059375
4.69080000239,-0.028125
4.69100000239,-0.04375
4.69120000239,-0.04375
4.69140000239,-0.04375
4.69160000239,-0.04375
4.69180000239,-0.059375
4.69200000239,-0.04375
4.69220000239,-0.04375
4.69240000239,-0.059375
4.69260000239,-0.04375
4.69280000239,-0.04375
4.69300000239,-0.04375
4.69320000239,-0.028125
4.69340000239,-0.075
4.69360000239,-0.04375
4.69380000239,-0.04375
4.69400000239,-0.04375
4.69420000239,-0.04375
4.69440000239,-0.059375
4.69460000239,-0.04375
4.69480000239,-0.04375
4.69500000239,-0.04375
4.69520000239,-0.059375
4.69540000239,-0.04375
4.69560000239,-0.04375
4.69580000239,-0.04375
4.69600000239,-0.059375
4.69620000239,-0.04375
4.69640000239,-0.04375
4.69660000239,-0.04375
4.69680000239,-0.04375
4.69700000239,-0.059375
4.69720000239,-0.04375
4.69740000239,-0.04375
4.69760000239,-0.04375
4.69780000239,-0.059375
4.69800000239,-0.028125
4.69820000239,-0.04375
4.69840000239,-0.028125
4.69860000239,-0.028125
4.69880000239,-0.028125
4.69900000239,-0.028125
4.69920000239,-0.059375
4.69940000239,-0.04375
4.69960000239,-0.04375
4.69980000239,-0.04375
4.70000000239,-0.059375
4.70020000239,-0.059375
4.70040000239,-0.028125
4.70060000239,-0.04375
4.70080000239,-0.04375
4.70100000239,-0.04375
4.70120000239,-0.028125
4.70140000239,-0.028125
4.70160000239,-0.028125
4.70180000239,-0.04375
4.70200000239,-0.059375
4.70220000239,-0.059375
4.70240000239,-0.04375
4.70260000239,-0.059375
4.70280000239,-0.04375
4.70300000239,-0.059375
4.70320000239,-0.04375
4.70340000239,-0.04375
4.70360000239,-0.04375
4.70380000239,-0.059375
4.70400000239,-0.04375
4.70420000239,-0.028125
4.70440000239,-0.04375
4.70460000239,-0.059375
4.70480000239,-0.028125
4.70500000239,-0.04375
4.70520000239,-0.04375
4.70540000239,-0.04375
4.70560000239,-0.04375
4.70580000239,-0.059375
4.70600000239,-0.04375
4.70620000239,-0.04375
4.70640000239,-0.04375
4.70660000239,-0.04375
4.70680000239,-0.028125
4.70700000239,-0.04375
4.70720000239,-0.04375
4.70740000239,-0.059375
4.70760000239,-0.04375
4.70780000239,-0.04375
4.70800000239,-0.04375
4.70820000239,-0.028125
4.70840000239,-0.04375
4.70860000239,-0.04375
4.70880000239,-0.028125
4.70900000239,-0.04375
4.70920000239,-0.04375
4.70940000239,-0.04375
4.70960000239,-0.04375
4.70980000239,-0.04375
4.71000000239,-0.059375
4.71020000239,-0.04375
4.71040000239,-0.04375
4.71060000239,-0.04375
4.71080000239,-0.04375
4.71100000239,-0.04375
4.71120000239,-0.04375
4.71140000239,-0.059375
4.71160000239,-0.059375
4.71180000239,-0.028125
4.71200000239,-0.04375
4.71220000239,-0.059375
4.71240000239,-0.04375
4.71260000239,-0.04375
4.71280000239,-0.04375
4.71300000239,-0.028125
4.71320000239,-0.028125
4.71340000239,-0.04375
4.71360000239,-0.059375
4.71380000239,-0.04375
4.71400000239,-0.04375
4.71420000239,-0.04375
4.71440000239,-0.04375
4.71460000239,-0.04375
4.71480000239,-0.04375
4.71500000239,-0.04375
4.71520000239,-0.04375
4.71540000239,-0.04375
4.71560000239,-0.059375
4.71580000239,-0.028125
4.71600000239,-0.04375
4.71620000239,-0.04375
4.71640000239,-0.04375
4.71660000239,-0.04375
4.71680000239,-0.028125
4.71700000239,-0.04375
4.71720000239,-0.04375
4.71740000239,-0.059375
4.71760000239,-0.04375
4.71780000239,-0.04375
4.71800000239,-0.04375
4.71820000239,-0.04375
4.71840000239,-0.04375
4.71860000239,-0.04375
4.71880000239,-0.04375
4.71900000239,-0.04375
4.71920000239,-0.04375
4.71940000239,-0.059375
4.71960000239,-0.04375
4.71980000239,-0.059375
4.72000000239,-0.04375
4.72020000239,-0.04375
4.72040000239,-0.04375
4.72060000239,-0.04375
4.72080000239,-0.028125
4.72100000239,-0.04375
4.72120000239,-0.059375
4.72140000239,-0.04375
4.72160000239,-0.04375
4.72180000239,-0.028125
4.72200000239,-0.028125
4.72220000239,-0.028125
4.72240000239,-0.04375
4.72260000239,-0.028125
4.72280000239,-0.04375
4.72300000239,-0.059375
4.72320000239,-0.04375
4.72340000239,-0.059375
4.72360000239,-0.04375
4.72380000239,-0.04375
4.72400000239,-0.059375
4.72420000239,-0.059375
4.72440000239,-0.04375
4.72460000239,-0.04375
4.72480000239,-0.028125
4.72500000239,-0.028125
4.72520000239,-0.028125
4.72540000239,-0.04375
4.72560000239,-0.04375
4.72580000239,-0.059375
4.72600000239,-0.04375
4.72620000239,-0.04375
4.72640000239,-0.059375
4.72660000239,-0.04375
4.72680000239,-0.059375
4.72700000239,-0.028125
4.72720000239,-0.059375
4.72740000239,-0.04375
4.72760000239,-0.04375
4.72780000239,-0.059375
4.72800000239,-0.04375
4.72820000239,-0.04375
4.72840000239,-0.028125
4.72860000239,-0.028125
4.72880000239,-0.04375
4.72900000239,-0.028125
4.72920000239,-0.059375
4.72940000239,-0.028125
4.72960000239,-0.04375
4.72980000239,-0.04375
4.73000000239,-0.04375
4.73020000239,-0.04375
4.73040000239,-0.059375
4.73060000239,-0.04375
4.73080000239,-0.059375
4.73100000239,-0.028125
4.73120000239,-0.028125
4.73140000239,-0.028125
4.73160000239,-0.04375
4.73180000239,-0.04375
4.73200000239,-0.028125
4.73220000239,-0.04375
4.73240000239,-0.059375
4.73260000239,-0.04375
4.73280000239,-0.059375
4.73300000239,-0.04375
4.73320000239,-0.04375
4.73340000239,-0.04375
4.73360000239,-0.04375
4.73380000239,-0.04375
4.73400000239,-0.028125
4.73420000239,-0.059375
4.73440000239,-0.04375
4.73460000239,-0.04375
4.73480000239,-0.028125
4.73500000239,-0.028125
4.73520000239,-0.04375
4.73540000239,-0.04375
4.73560000239,-0.028125
4.73580000239,-0.04375
4.73600000239,-0.04375
4.73620000239,-0.028125
4.73640000239,-0.04375
4.73660000239,-0.04375
4.73680000239,-0.04375
4.73700000239,-0.04375
4.73720000239,-0.04375
4.73740000239,-0.04375
4.73760000239,-0.04375
4.73780000239,-0.028125
4.73800000239,-0.04375
4.73820000239,-0.04375
4.73840000239,-0.028125
4.73860000239,-0.04375
4.73880000239,-0.04375
4.73900000239,-0.028125
4.73920000239,-0.059375
4.73940000239,-0.028125
4.73960000239,-0.04375
4.73980000239,-0.028125
4.74000000239,-0.04375
4.74020000239,-0.04375
4.74040000239,-0.04375
4.74060000239,-0.04375
4.74080000239,-0.028125
4.74100000239,-0.04375
4.74120000239,-0.04375
4.74140000239,-0.04375
4.74160000239,-0.028125
4.74180000239,-0.04375
4.74200000239,-0.028125
4.74220000239,-0.04375
4.74240000239,-0.04375
4.74260000239,-0.04375
4.74280000239,-0.04375
4.74300000239,-0.04375
4.74320000239,-0.04375
4.74340000239,-0.04375
4.74360000239,-0.04375
4.74380000239,-0.04375
4.74400000239,-0.04375
4.74420000239,-0.04375
4.74440000239,-0.028125
4.74460000239,-0.04375
4.74480000239,-0.04375
4.74500000239,-0.028125
4.74520000239,-0.04375
4.74540000239,-0.04375
4.74560000239,-0.028125
4.74580000239,-0.04375
4.74600000239,-0.04375
4.74620000239,-0.0125
4.74640000239,-0.04375
4.74660000239,-0.04375
4.74680000239,-0.028125
4.74700000239,-0.04375
4.74720000239,-0.04375
4.74740000239,-0.028125
4.74760000239,-0.04375
4.74780000239,-0.04375
4.74800000239,-0.028125
4.74820000239,-0.04375
4.74840000239,-0.04375
4.74860000239,-0.04375
4.74880000239,-0.04375
4.74900000239,-0.028125
4.74920000239,-0.028125
4.74940000239,-0.04375
4.74960000239,-0.04375
4.74980000239,-0.04375
4.75000000239,-0.04375
4.75020000239,-0.028125
4.75040000239,-0.04375
4.75060000239,-0.028125
4.75080000239,-0.04375
4.75100000239,-0.028125
4.75120000239,-0.04375
4.75140000239,-0.04375
4.75160000239,-0.04375
4.75180000239,-0.04375
4.75200000239,-0.028125
4.75220000239,-0.028125
4.75240000239,-0.04375
4.75260000239,-0.04375
4.75280000239,-0.028125
4.75300000239,-0.04375
4.75320000239,-0.028125
4.75340000239,-0.04375
4.75360000239,-0.04375
4.75380000239,-0.04375
4.75400000239,-0.028125
4.75420000239,-0.04375
4.75440000239,-0.028125
4.75460000239,-0.04375
4.75480000239,-0.028125
4.75500000239,-0.04375
4.75520000239,-0.059375
4.75540000239,-0.028125
4.75560000239,-0.028125
4.75580000239,-0.04375
4.75600000239,-0.04375
4.75620000239,-0.04375
4.75640000239,-0.04375
4.75660000239,-0.04375
4.75680000239,-0.028125
4.75700000239,-0.028125
4.75720000239,-0.04375
4.75740000239,-0.04375
4.75760000239,-0.028125
4.75780000239,-0.04375
4.75800000239,-0.04375
4.75820000239,-0.04375
4.75840000239,-0.028125
4.75860000239,-0.04375
4.75880000239,-0.04375
4.75900000239,-0.059375
4.75920000239,-0.059375
4.75940000239,-0.028125
4.75960000239,-0.028125
4.75980000239,-0.04375
4.76000000239,-0.04375
4.76020000239,-0.04375
4.76040000239,-0.04375
4.76060000239,-0.04375
4.76080000239,-0.059375
4.76100000239,-0.04375
4.76120000239,-0.04375
4.76140000239,-0.028125
4.76160000239,-0.028125
4.76180000239,-0.04375
4.76200000239,-0.028125
4.76220000239,-0.028125
4.76240000239,-0.04375
4.76260000239,-0.04375
4.76280000239,-0.028125
4.76300000239,-0.028125
4.76320000239,-0.04375
4.76340000239,-0.04375
4.76360000239,-0.04375
4.76380000239,-0.028125
4.76400000239,-0.04375
4.76420000239,-0.028125
4.76440000239,-0.028125
4.76460000239,-0.04375
4.76480000239,-0.04375
4.76500000239,-0.028125
4.76520000239,-0.04375
4.76540000239,-0.04375
4.76560000239,-0.04375
4.76580000239,-0.04375
4.76600000239,-0.04375
4.76620000239,-0.04375
4.76640000239,-0.04375
4.76660000239,-0.028125
4.76680000239,-0.04375
4.76700000239,-0.04375
4.76720000239,-0.04375
4.76740000239,-0.028125
4.76760000239,-0.04375
4.76780000239,-0.04375
4.76800000239,-0.04375
4.76820000239,-0.04375
4.76840000239,-0.028125
4.76860000239,-0.04375
4.76880000239,-0.04375
4.76900000239,-0.04375
4.76920000239,-0.04375
4.76940000239,-0.04375
4.76960000239,-0.04375
4.76980000239,-0.04375
4.77000000239,-0.028125
4.77020000239,-0.04375
4.77040000239,-0.04375
4.77060000239,-0.04375
4.77080000239,-0.059375
4.77100000239,-0.04375
4.77120000239,-0.04375
4.77140000239,-0.04375
4.77160000239,-0.04375
4.77180000239,-0.028125
4.77200000239,-0.028125
4.77220000239,-0.028125
4.77240000239,-0.04375
4.77260000239,-0.04375
4.77280000239,-0.028125
4.77300000239,-0.04375
4.77320000239,-0.04375
4.77340000239,-0.028125
4.77360000239,-0.028125
4.77380000239,-0.028125
4.77400000239,-0.04375
4.77420000239,-0.028125
4.77440000239,-0.028125
4.77460000239,-0.04375
4.77480000239,-0.028125
4.77500000239,-0.04375
4.77520000239,-0.028125
4.77540000239,-0.059375
4.77560000239,-0.04375
4.77580000239,-0.04375
4.77600000239,-0.028125
4.77620000239,-0.04375
4.77640000239,-0.04375
4.77660000239,-0.028125
4.77680000239,-0.04375
4.77700000239,-0.028125
4.77720000239,-0.028125
4.77740000239,-0.04375
4.77760000239,-0.028125
4.77780000239,-0.028125
4.77800000239,-0.04375
4.77820000239,-0.04375
4.77840000239,-0.04375
4.77860000239,-0.04375
4.77880000239,-0.04375
4.77900000239,-0.04375
4.77920000239,-0.059375
4.77940000239,-0.04375
4.77960000239,-0.04375
4.77980000239,-0.059375
4.78000000239,-0.028125
4.78020000239,-0.04375
4.78040000239,-0.04375
4.78060000239,-0.04375
4.78080000239,-0.028125
4.78100000239,-0.028125
4.78120000239,-0.04375
4.78140000239,-0.04375
4.78160000239,-0.04375
4.78180000239,-0.04375
4.78200000239,-0.04375
4.78220000239,-0.04375
4.78240000239,-0.04375
4.78260000239,-0.028125
4.78280000239,-0.04375
4.78300000239,-0.04375
4.78320000239,-0.028125
4.78340000239,-0.04375
4.78360000239,-0.028125
4.78380000239,-0.04375
4.78400000239,-0.04375
4.78420000239,-0.04375
4.78440000239,-0.04375
4.78460000239,-0.04375
4.78480000239,-0.028125
4.78500000239,-0.04375
4.78520000239,-0.04375
4.78540000239,-0.028125
4.78560000239,-0.028125
4.78580000239,-0.028125
4.78600000239,-0.04375
4.78620000239,-0.04375
4.78640000239,-0.028125
4.78660000239,-0.04375
4.78680000239,-0.028125
4.78700000239,-0.04375
4.78720000239,-0.028125
4.78740000239,-0.04375
4.78760000239,-0.04375
4.78780000239,-0.028125
4.78800000239,-0.04375
4.78820000239,-0.04375
4.78840000239,-0.04375
4.78860000239,-0.028125
4.78880000239,-0.028125
4.78900000239,-0.04375
4.78920000239,-0.028125
4.78940000239,-0.04375
4.78960000239,-0.028125
4.78980000239,-0.028125
4.79000000239,-0.028125
4.79020000239,-0.04375
4.79040000239,-0.04375
4.79060000239,-0.04375
4.79080000239,-0.028125
4.79100000239,-0.028125
4.79120000239,-0.028125
4.79140000239,-0.028125
4.79160000239,-0.04375
4.79180000239,-0.028125
4.79200000239,-0.04375
4.79220000239,-0.028125
4.79240000239,-0.04375
4.79260000239,-0.04375
4.79280000239,-0.028125
4.79300000239,-0.04375
4.79320000239,-0.04375
4.79340000239,-0.04375
4.79360000239,-0.04375
4.79380000239,-0.04375
4.79400000239,-0.04375
4.79420000239,-0.04375
4.79440000239,-0.028125
4.79460000239,-0.04375
4.79480000239,-0.04375
4.79500000239,-0.028125
4.79520000239,-0.028125
4.79540000239,-0.028125
4.79560000239,-0.04375
4.79580000239,-0.028125
4.79600000239,-0.04375
4.79620000239,-0.04375
4.79640000239,-0.028125
4.79660000239,-0.04375
4.79680000239,-0.028125
4.79700000239,-0.04375
4.79720000239,-0.028125
4.79740000239,-0.04375
4.79760000239,-0.04375
4.79780000239,-0.04375
4.79800000239,-0.028125
4.79820000239,-0.028125
4.79840000239,-0.0125
4.79860000239,-0.028125
4.79880000239,-0.04375
4.79900000239,-0.059375
4.79920000239,-0.028125
4.79940000239,-0.028125
4.79960000239,-0.028125
4.79980000239,-0.028125
4.80000000239,-0.04375
4.80020000239,-0.04375
4.80040000239,-0.04375
4.80060000239,-0.04375
4.80080000239,-0.028125
4.80100000239,-0.04375
4.80120000239,-0.028125
4.80140000239,-0.04375
4.80160000239,-0.04375
4.80180000239,-0.028125
4.80200000239,-0.04375
4.80220000239,-0.028125
4.80240000239,-0.028125
4.80260000239,-0.0125
4.80280000239,-0.04375
4.80300000239,-0.028125
4.80320000239,-0.04375
4.80340000239,-0.04375
4.80360000239,-0.04375
4.80380000239,-0.028125
4.80400000239,-0.04375
4.80420000239,-0.028125
4.80440000239,-0.04375
4.80460000239,-0.028125
4.80480000239,-0.028125
4.80500000239,-0.04375
4.80520000239,-0.028125
4.80540000239,-0.059375
4.80560000239,-0.0125
4.80580000239,-0.04375
4.80600000239,-0.04375
4.80620000239,-0.04375
4.80640000239,-0.04375
4.80660000239,-0.04375
4.80680000239,-0.04375
4.80700000239,-0.04375
4.80720000239,-0.028125
4.80740000239,-0.04375
4.80760000239,-0.04375
4.80780000239,-0.04375
4.80800000239,-0.04375
4.80820000239,-0.04375
4.80840000239,-0.028125
4.80860000239,-0.028125
4.80880000239,-0.028125
4.80900000239,-0.028125
4.80920000239,-0.04375
4.80940000239,-0.04375
4.80960000239,-0.028125
4.80980000239,-0.028125
4.81000000239,-0.04375
4.81020000239,-0.04375
4.81040000239,-0.04375
4.81060000239,-0.028125
4.81080000239,-0.028125
4.81100000239,-0.04375
4.81120000239,-0.028125
4.81140000239,-0.028125
4.81160000239,-0.028125
4.81180000239,-0.028125
4.81200000239,-0.04375
4.81220000239,-0.04375
4.81240000239,-0.028125
4.81260000239,-0.028125
4.81280000239,-0.028125
4.81300000239,-0.028125
4.81320000239,-0.028125
4.81340000239,-0.028125
4.81360000239,-0.028125
4.81380000239,-0.04375
4.81400000239,-0.04375
4.81420000239,-0.04375
4.81440000239,-0.028125
4.81460000239,-0.04375
4.81480000239,-0.04375
4.81500000239,-0.04375
4.81520000239,-0.028125
4.81540000239,-0.028125
4.81560000239,-0.04375
4.81580000239,-0.04375
4.81600000239,-0.028125
4.81620000239,-0.04375
4.81640000239,-0.0125
4.81660000239,-0.028125
4.81680000239,-0.028125
4.81700000239,-0.028125
4.81720000239,-0.028125
4.81740000239,-0.04375
4.81760000239,-0.04375
4.81780000239,-0.028125
4.81800000239,-0.028125
4.81820000239,-0.04375
4.81840000239,-0.028125
4.81860000239,-0.028125
4.81880000239,-0.028125
4.81900000239,-0.028125
4.81920000239,-0.028125
4.81940000239,-0.028125
4.81960000239,-0.028125
4.81980000239,-0.04375
4.82000000239,-0.04375
4.82020000239,-0.028125
4.82040000239,-0.04375
4.82060000239,-0.028125
4.82080000239,-0.028125
4.82100000239,-0.04375
4.82120000239,-0.04375
4.82140000239,-0.028125
4.82160000239,-0.028125
4.82180000239,-0.04375
4.82200000239,-0.04375
4.82220000239,-0.028125
4.82240000239,-0.04375
4.82260000239,-0.028125
4.82280000239,-0.0125
4.82300000239,-0.04375
4.82320000239,-0.028125
4.82340000239,-0.04375
4.82360000239,-0.028125
4.82380000239,-0.028125
4.82400000239,-0.04375
4.82420000239,-0.028125
4.82440000239,-0.04375
4.82460000239,-0.04375
4.82480000239,-0.04375
4.82500000239,-0.028125
4.82520000239,-0.04375
4.82540000239,-0.04375
4.82560000239,-0.04375
4.82580000239,-0.028125
4.82600000239,-0.028125
4.82620000239,-0.0125
4.82640000239,-0.028125
4.82660000239,-0.04375
4.82680000239,-0.0125
4.82700000239,-0.04375
4.82720000239,-0.04375
4.82740000239,-0.028125
4.82760000239,-0.028125
4.82780000239,-0.028125
4.82800000239,-0.028125
4.82820000239,-0.028125
4.82840000239,-0.04375
4.82860000239,-0.028125
4.82880000239,-0.028125
4.82900000239,-0.04375
4.82920000239,-0.04375
4.82940000239,-0.028125
4.82960000239,-0.028125
4.82980000239,-0.04375
4.83000000239,-0.028125
4.83020000239,-0.04375
4.83040000239,-0.04375
4.83060000239,-0.028125
4.83080000239,-0.028125
4.83100000239,-0.04375
4.83120000239,-0.028125
4.83140000239,-0.04375
4.83160000239,-0.028125
4.83180000239,-0.028125
4.83200000239,-0.04375
4.83220000239,-0.028125
4.83240000239,-0.0125
4.83260000239,-0.0125
4.83280000239,-0.04375
4.83300000239,-0.028125
4.83320000239,-0.04375
4.83340000239,-0.04375
4.83360000239,-0.028125
4.83380000239,-0.028125
4.83400000239,-0.028125
4.83420000239,-0.04375
4.83440000239,-0.04375
4.83460000239,-0.0125
4.83480000239,-0.028125
4.83500000239,-0.028125
4.83520000239,-0.028125
4.83540000239,-0.04375
4.83560000239,-0.028125
4.83580000239,-0.04375
4.83600000239,-0.028125
4.83620000239,-0.04375
4.83640000239,-0.028125
4.83660000239,-0.028125
4.83680000239,-0.0125
4.83700000239,-0.04375
4.83720000239,-0.028125
4.83740000239,-0.028125
4.83760000239,-0.028125
4.83780000239,-0.028125
4.83800000239,-0.04375
4.83820000239,-0.04375
4.83840000239,-0.04375
4.83860000239,-0.028125
4.83880000239,-0.028125
4.83900000239,-0.04375
4.83920000239,-0.04375
4.83940000239,-0.028125
4.83960000239,-0.028125
4.83980000239,-0.028125
4.84000000239,-0.04375
4.84020000239,-0.04375
4.84040000239,-0.04375
4.84060000239,-0.028125
4.84080000239,-0.028125
4.84100000239,-0.028125
4.84120000239,-0.028125
4.84140000239,-0.028125
4.84160000239,-0.028125
4.84180000239,-0.0125
4.84200000239,-0.028125
4.84220000239,-0.04375
4.84240000239,-0.028125
4.84260000239,-0.028125
4.84280000239,-0.028125
4.84300000239,-0.04375
4.84320000239,-0.04375
4.84340000239,-0.028125
4.84360000239,-0.028125
4.84380000239,-0.04375
4.84400000239,-0.04375
4.84420000239,-0.028125
4.84440000239,-0.04375
4.84460000239,-0.0125
4.84480000239,-0.028125
4.84500000239,-0.04375
4.84520000239,-0.04375
4.84540000239,-0.04375
4.84560000239,-0.028125
4.84580000239,-0.04375
4.84600000239,-0.028125
4.84620000239,-0.028125
4.84640000239,-0.04375
4.84660000239,-0.028125
4.84680000239,-0.028125
4.84700000239,-0.04375
4.84720000239,-0.04375
4.84740000239,-0.028125
4.84760000239,-0.028125
4.84780000239,-0.028125
4.84800000239,-0.04375
4.84820000239,-0.028125
4.84840000239,-0.028125
4.84860000239,-0.028125
4.84880000239,-0.04375
4.84900000239,-0.028125
4.84920000239,-0.04375
4.84940000239,-0.0125
4.84960000239,-0.028125
4.84980000239,-0.028125
4.85000000239,-0.028125
4.85020000239,-0.04375
4.85040000239,-0.028125
4.85060000239,-0.028125
4.85080000239,-0.028125
4.85100000239,-0.028125
4.85120000239,-0.04375
4.85140000239,-0.028125
4.85160000239,-0.028125
4.85180000239,-0.028125
4.85200000239,-0.04375
4.85220000239,-0.028125
4.85240000239,-0.028125
4.85260000239,-0.028125
4.85280000239,-0.028125
4.85300000239,-0.04375
4.85320000239,-0.028125
4.85340000239,-0.0125
4.85360000239,-0.04375
4.85380000239,-0.028125
4.85400000239,-0.028125
4.85420000239,-0.0125
4.85440000239,-0.028125
4.85460000239,-0.04375
4.85480000239,-0.028125
4.85500000239,-0.028125
4.85520000239,-0.0125
4.85540000239,-0.028125
4.85560000239,-0.028125
4.85580000239,-0.028125
4.85600000239,-0.04375
4.85620000239,-0.04375
4.85640000239,-0.04375
4.85660000239,-0.028125
4.85680000239,-0.028125
4.85700000239,-0.0125
4.85720000239,-0.028125
4.85740000239,-0.028125
4.85760000239,-0.028125
4.85780000239,-0.028125
4.85800000239,-0.028125
4.85820000239,-0.04375
4.85840000239,-0.028125
4.85860000239,-0.04375
4.85880000239,-0.0125
4.85900000239,-0.0125
4.85920000239,-0.028125
4.85940000239,-0.028125
4.85960000239,-0.028125
4.85980000239,-0.028125
4.86000000239,-0.04375
4.86020000239,-0.028125
4.86040000239,-0.028125
4.86060000239,-0.04375
4.86080000239,-0.04375
4.86100000239,-0.028125
4.86120000239,-0.028125
4.86140000239,-0.04375
4.86160000239,-0.028125
4.86180000239,-0.0125
4.86200000239,-0.028125
4.86220000239,-0.04375
4.86240000239,-0.0125
4.86260000239,-0.0125
4.86280000239,-0.028125
4.86300000239,-0.028125
4.86320000239,-0.04375
4.86340000239,-0.0125
4.86360000239,-0.0125
4.86380000239,-0.04375
4.86400000239,-0.04375
4.86420000239,-0.04375
4.86440000239,-0.028125
4.86460000239,-0.028125
4.86480000239,-0.028125
4.86500000239,-0.04375
4.86520000239,-0.028125
4.86540000239,-0.028125
4.86560000239,-0.0125
4.86580000239,-0.028125
4.86600000239,-0.04375
4.86620000239,-0.028125
4.86640000239,-0.04375
4.86660000239,-0.028125
4.86680000239,-0.028125
4.86700000239,-0.028125
4.86720000239,-0.028125
4.86740000239,-0.04375
4.86760000239,-0.0125
4.86780000239,-0.028125
4.86800000239,-0.028125
4.86820000239,-0.028125
4.86840000239,-0.028125
4.86860000239,-0.04375
4.86880000239,-0.028125
4.86900000239,-0.028125
4.86920000239,-0.028125
4.86940000239,-0.028125
4.86960000239,-0.028125
4.86980000239,-0.04375
4.87000000239,-0.028125
4.87020000239,-0.0125
4.87040000239,-0.028125
4.87060000239,-0.028125
4.87080000239,-0.04375
4.87100000239,-0.028125
4.87120000239,-0.028125
4.87140000239,-0.028125
4.87160000239,-0.0125
4.87180000239,-0.04375
4.87200000239,-0.04375
4.87220000239,-0.028125
4.87240000239,-0.0125
4.87260000239,-0.028125
4.87280000239,-0.028125
4.87300000239,-0.028125
4.87320000239,-0.028125
4.87340000239,-0.028125
4.87360000239,-0.028125
4.87380000239,-0.028125
4.87400000239,-0.028125
4.87420000239,-0.028125
4.87440000239,-0.0125
4.87460000239,-0.028125
4.87480000239,-0.04375
4.87500000239,-0.028125
4.87520000239,-0.0125
4.87540000239,-0.0125
4.87560000239,-0.028125
4.87580000239,-0.028125
4.87600000239,-0.0125
4.87620000239,-0.028125
4.87640000239,-0.04375
4.87660000239,-0.028125
4.87680000239,-0.04375
4.87700000239,-0.028125
4.87720000239,-0.04375
4.87740000239,-0.0125
4.87760000239,-0.04375
4.87780000239,-0.028125
4.87800000239,-0.0125
4.87820000239,-0.028125
4.87840000239,-0.028125
4.87860000239,-0.028125
4.87880000239,-0.028125
4.87900000239,-0.028125
4.87920000239,-0.0125
4.87940000239,-0.0125
4.87960000239,-0.028125
4.87980000239,-0.028125
4.88000000239,-0.028125
4.88020000239,-0.028125
4.88040000239,-0.028125
4.88060000239,-0.0125
4.88080000239,-0.028125
4.88100000239,-0.028125
4.88120000239,-0.04375
4.88140000239,-0.028125
4.88160000239,-0.028125
4.88180000239,-0.0125
4.88200000239,-0.028125
4.88220000239,-0.028125
4.88240000239,-0.028125
4.88260000239,-0.0125
4.88280000239,-0.028125
4.88300000239,-0.04375
4.88320000239,-0.028125
4.88340000239,-0.028125
4.88360000239,-0.028125
4.88380000239,-0.04375
4.88400000239,-0.04375
4.88420000239,-0.028125
4.88440000239,-0.028125
4.88460000239,-0.028125
4.88480000239,-0.028125
4.88500000239,-0.0125
4.88520000239,-0.028125
4.88540000239,-0.028125
4.88560000239,-0.028125
4.88580000239,-0.0125
4.88600000239,-0.028125
4.88620000239,-0.0125
4.88640000239,-0.028125
4.88660000239,-0.028125
4.88680000239,-0.0125
4.88700000239,-0.0125
4.88720000239,-0.0125
4.88740000239,-0.0125
4.88760000239,-0.028125
4.88780000239,-0.028125
4.88800000239,-0.028125
4.88820000239,-0.0125
4.88840000239,-0.04375
4.88860000239,-0.028125
4.88880000239,-0.028125
4.88900000239,-0.028125
4.88920000239,-0.028125
4.88940000239,-0.028125
4.88960000239,-0.028125
4.88980000239,-0.0125
4.89000000239,-0.028125
4.89020000239,-0.0125
4.89040000239,-0.028125
4.89060000239,-0.028125
4.89080000239,-0.0125
4.89100000239,-0.028125
4.89120000239,-0.028125
4.89140000239,-0.0125
4.89160000239,-0.0125
4.89180000239,-0.028125
4.89200000239,-0.028125
4.89220000239,-0.028125
4.89240000239,-0.028125
4.89260000239,-0.0125
4.89280000239,-0.0125
4.89300000239,-0.028125
4.89320000239,-0.028125
4.89340000239,-0.0125
4.89360000239,-0.028125
4.89380000239,-0.0125
4.89400000239,-0.028125
4.89420000239,-0.028125
4.89440000239,-0.028125
4.89460000239,-0.0125
4.89480000239,-0.028125
4.89500000239,-0.028125
4.89520000239,-0.028125
4.89540000239,0.00312495
4.89560000239,-0.0125
4.89580000239,-0.0125
4.89600000239,-0.028125
4.89620000239,-0.028125
4.89640000239,-0.028125
4.89660000239,-0.028125
4.89680000239,-0.0125
4.89700000239,-0.028125
4.89720000239,-0.028125
4.89740000239,-0.028125
4.89760000239,-0.04375
4.89780000239,-0.028125
4.89800000239,-0.0125
4.89820000239,-0.028125
4.89840000239,-0.0125
4.89860000239,-0.0125
4.89880000239,-0.0125
4.89900000239,-0.028125
4.89920000239,-0.0125
4.89940000239,-0.028125
4.89960000239,-0.0125
4.89980000239,-0.028125
4.90000000239,-0.028125
4.90020000239,-0.0125
4.90040000239,-0.028125
4.90060000239,-0.028125
4.90080000239,-0.028125
4.90100000239,-0.0125
4.90120000239,-0.028125
4.90140000239,-0.0125
4.90160000239,-0.028125
4.90180000239,-0.028125
4.90200000239,-0.0125
4.90220000239,-0.0125
4.90240000239,-0.028125
4.90260000239,-0.028125
4.90280000239,-0.028125
4.90300000239,-0.0125
4.90320000239,-0.028125
4.90340000239,-0.028125
4.90360000239,-0.028125
4.90380000239,-0.04375
4.90400000239,-0.0125
4.90420000239,-0.028125
4.90440000239,-0.04375
4.90460000239,-0.028125
4.90480000239,-0.028125
4.90500000239,-0.028125
4.90520000239,-0.028125
4.90540000239,-0.028125
4.90560000239,-0.028125
4.90580000239,-0.028125
4.90600000239,-0.04375
4.90620000239,-0.0125
4.90640000239,-0.0125
4.90660000239,-0.028125
4.90680000239,-0.0125
4.90700000239,-0.028125
4.90720000239,-0.0125
4.90740000239,-0.028125
4.90760000239,-0.028125
4.90780000239,-0.0125
4.90800000239,-0.028125
4.90820000239,-0.028125
4.90840000239,-0.028125
4.90860000239,0.00312495
4.90880000239,-0.0125
4.90900000239,-0.0125
4.90920000239,-0.0125
4.90940000239,-0.0125
4.90960000239,-0.0125
4.90980000239,-0.0125
4.91000000239,-0.04375
4.91020000239,-0.028125
4.91040000239,-0.028125
4.91060000239,-0.028125
4.91080000239,-0.028125
4.91100000239,-0.0125
4.91120000239,-0.0125
4.91140000239,-0.0125
4.91160000239,-0.0125
4.91180000239,-0.0125
4.91200000239,-0.028125
4.91220000239,-0.0125
4.91240000239,-0.0125
4.91260000239,-0.028125
4.91280000239,-0.0125
4.91300000239,0.00312495
4.91320000239,-0.0125
4.91340000239,-0.028125
4.91360000239,-0.028125
4.91380000239,-0.028125
4.91400000239,-0.028125
4.91420000239,-0.0125
4.91440000239,-0.04375
4.91460000239,-0.028125
4.91480000239,-0.028125
4.91500000239,-0.0125
4.91520000239,-0.028125
4.91540000239,-0.028125
4.91560000239,-0.0125
4.91580000239,-0.0125
4.91600000239,-0.0125
4.91620000239,-0.0125
4.91640000239,-0.028125
4.91660000239,-0.028125
4.91680000239,-0.04375
4.91700000239,-0.028125
4.91720000239,-0.028125
4.91740000239,-0.028125
4.91760000239,-0.028125
4.91780000239,-0.0125
4.91800000239,-0.028125
4.91820000239,-0.028125
4.91840000239,-0.0125
4.91860000239,-0.028125
4.91880000239,-0.0125
4.91900000239,-0.0125
4.91920000239,-0.028125
4.91940000239,-0.028125
4.91960000239,-0.028125
4.91980000239,-0.0125
4.92000000239,-0.0125
4.92020000239,-0.028125
4.92040000239,-0.028125
4.92060000239,-0.0125
4.92080000239,-0.0125
4.92100000239,-0.0125
4.92120000239,-0.0125
4.92140000239,-0.028125
4.92160000239,-0.028125
4.92180000239,-0.028125
4.92200000239,-0.028125
4.92220000239,-0.0125
4.92240000239,-0.028125
4.92260000239,-0.028125
4.92280000239,-0.0125
4.92300000239,-0.0125
4.92320000239,-0.028125
4.92340000239,-0.0125
4.92360000239,-0.0125
4.92380000239,-0.028125
4.92400000239,-0.0125
4.92420000239,-0.0125
4.92440000239,-0.028125
4.92460000239,-0.0125
4.92480000239,-0.028125
4.92500000239,-0.0125
4.92520000239,-0.028125
4.92540000239,-0.0125
4.92560000239,-0.0125
4.92580000239,-0.028125
4.92600000239,-0.028125
4.92620000239,-0.028125
4.92640000239,-0.028125
4.92660000239,-0.028125
4.92680000239,-0.0125
4.92700000239,-0.028125
4.92720000239,-0.028125
4.92740000239,-0.0125
4.92760000239,-0.028125
4.92780000239,-0.028125
4.92800000239,-0.028125
4.92820000239,-0.0125
4.92840000239,-0.0125
4.92860000239,-0.0125
4.92880000239,-0.0125
4.92900000239,-0.0125
4.92920000239,0.00312495
4.92940000239,-0.028125
4.92960000239,-0.0125
4.92980000239,-0.028125
4.93000000239,-0.0125
4.93020000239,-0.0125
4.93040000239,-0.0125
4.93060000239,-0.028125
4.93080000239,-0.028125
4.93100000239,-0.028125
4.93120000239,-0.0125
4.93140000239,-0.0125
4.93160000239,0.00312495
4.93180000239,-0.0125
4.93200000239,-0.028125
4.93220000239,-0.0125
4.93240000239,-0.028125
4.93260000239,-0.0125
4.93280000239,-0.028125
4.93300000239,-0.028125
4.93320000239,-0.0125
4.93340000239,-0.028125
4.93360000239,-0.0125
4.93380000239,-0.0125
4.93400000239,-0.028125
4.93420000239,-0.0125
4.93440000239,-0.028125
4.93460000239,-0.0125
4.93480000239,-0.0125
4.93500000239,-0.0125
4.93520000239,-0.0125
4.93540000239,-0.028125
4.93560000239,-0.0125
4.93580000239,-0.028125
4.93600000239,-0.028125
4.93620000239,-0.0125
4.93640000239,-0.0125
4.93660000239,-0.0125
4.93680000239,-0.028125
4.93700000239,-0.0125
4.93720000239,-0.028125
4.93740000239,-0.0125
4.93760000239,-0.028125
4.93780000239,-0.0125
4.93800000239,-0.0125
4.93820000239,-0.028125
4.93840000239,-0.0125
4.93860000239,-0.028125
4.93880000239,0.00312495
4.93900000239,-0.0125
4.93920000239,-0.028125
4.93940000239,-0.0125
4.93960000239,-0.028125
4.93980000239,-0.0125
4.94000000239,-0.028125
4.94020000239,-0.0125
4.94040000239,-0.0125
4.94060000239,-0.0125
4.94080000239,0.00312495
4.94100000239,0.00312495
4.94120000239,-0.0125
4.94140000239,-0.0125
4.94160000239,-0.028125
4.94180000239,-0.0125
4.94200000239,0.00312495
4.94220000239,-0.0125
4.94240000239,-0.028125
4.94260000239,-0.0125
4.94280000239,-0.028125
4.94300000239,-0.0125
4.94320000239,-0.0125
4.94340000239,0.00312495
4.94360000239,-0.028125
4.94380000239,-0.0125
4.94400000239,-0.0125
4.94420000239,-0.0125
4.94440000239,-0.028125
4.94460000239,-0.0125
4.94480000239,-0.0125
4.94500000239,-0.0125
4.94520000239,-0.0125
4.94540000239,-0.0125
4.94560000239,-0.028125
4.94580000239,-0.028125
4.94600000239,-0.0125
4.94620000239,-0.0125
4.94640000239,-0.0125
4.94660000239,-0.0125
4.94680000239,0.00312495
4.94700000239,-0.028125
4.94720000239,-0.0125
4.94740000239,-0.0125
4.94760000239,-0.0125
4.94780000239,-0.0125
4.94800000239,-0.028125
4.94820000239,-0.0125
4.94840000239,-0.0125
4.94860000239,-0.028125
4.94880000239,-0.0125
4.94900000239,-0.028125
4.94920000239,-0.0125
4.94940000239,-0.028125
4.94960000239,-0.0125
4.94980000239,0.00312495
4.95000000239,0.00312495
4.95020000239,-0.0125
4.95040000239,-0.0125
4.95060000239,-0.028125
4.95080000239,-0.0125
4.95100000239,-0.0125
4.95120000239,-0.028125
4.95140000239,-0.0125
4.95160000239,-0.0125
4.95180000239,-0.0125
4.95200000239,-0.028125
4.95220000239,-0.0125
4.95240000239,-0.0125
4.95260000239,0.00312495
4.95280000239,-0.0125
4.95300000239,-0.0125
4.95320000239,-0.0125
4.95340000239,-0.0125
4.95360000239,-0.028125
4.95380000239,-0.0125
4.95400000239,-0.0125
4.95420000239,-0.0125
4.95440000239,-0.0125
4.95460000239,-0.028125
4.95480000239,-0.0125
4.95500000239,-0.0125
4.95520000239,0.00312495
4.95540000239,-0.0125
4.95560000239,-0.0125
4.95580000239,0.00312495
4.95600000239,-0.0125
4.95620000239,-0.0125
4.95640000239,-0.0125
4.95660000239,-0.028125
4.95680000239,-0.0125
4.95700000239,-0.0125
4.95720000239,-0.0125
4.95740000239,-0.0125
4.95760000239,-0.0125
4.95780000239,-0.028125
4.95800000239,-0.0125
4.95820000239,-0.028125
4.95840000239,-0.0125
4.95860000239,0.00312495
4.95880000239,-0.0125
4.95900000239,-0.0125
4.95920000239,-0.0125
4.95940000239,-0.0125
4.95960000239,0.00312495
4.95980000239,-0.0125
4.96000000239,-0.028125
4.96020000239,-0.028125
4.96040000239,0.00312495
4.96060000239,-0.0125
4.96080000239,-0.0125
4.96100000239,-0.0125
4.96120000239,-0.0125
4.96140000239,-0.0125
4.96160000239,-0.0125
4.96180000239,-0.0125
4.96200000239,-0.0125
4.96220000239,-0.0125
4.96240000239,-0.028125
4.96260000239,-0.0125
4.96280000239,0.00312495
4.96300000239,0.00312495
4.96320000239,-0.0125
4.96340000239,0.00312495
4.96360000239,-0.0125
4.96380000239,-0.0125
4.96400000239,-0.0125
4.96420000239,-0.0125
4.96440000239,0.00312495
4.96460000239,0.00312495
4.96480000239,-0.0125
4.96500000239,0.00312495
4.96520000239,-0.0125
4.96540000239,0.00312495
4.96560000239,-0.0125
4.96580000239,-0.028125
4.96600000239,-0.0125
4.96620000239,-0.0125
4.96640000239,0.00312495
4.96660000239,-0.0125
4.96680000239,-0.0125
4.96700000239,-0.0125
4.96720000239,-0.0125
4.96740000239,0.00312495
4.96760000239,-0.0125
4.96780000239,-0.0125
4.96800000239,-0.0125
4.96820000239,-0.028125
4.96840000239,-0.0125
4.96860000239,-0.0125
4.96880000239,-0.0125
4.96900000239,-0.0125
4.96920000239,-0.028125
4.96940000239,0.00312495
4.96960000239,-0.0125
4.96980000239,0.00312495
4.97000000239,-0.0125
4.97020000239,-0.0125
4.97040000239,0.00312495
4.97060000239,-0.0125
4.97080000239,-0.0125
4.97100000239,0.00312495
4.97120000239,0.00312495
4.97140000239,0.00312495
4.97160000239,0.00312495
4.97180000239,-0.0125
4.97200000239,0.00312495
4.97220000239,-0.028125
4.97240000239,0.00312495
4.97260000239,-0.0125
4.97280000239,-0.0125
4.97300000239,-0.0125
4.97320000239,0.00312495
4.97340000239,-0.0125
4.97360000239,-0.0125
4.97380000239,0.00312495
4.97400000239,0.00312495
4.97420000239,-0.0125
4.97440000239,-0.0125
4.97460000239,-0.0125
4.97480000239,0.00312495
4.97500000239,-0.0125
4.97520000239,-0.0125
4.97540000239,-0.0125
4.97560000239,0.00312495
4.97580000239,-0.0125
4.97600000239,-0.0125
4.97620000239,-0.028125
4.97640000239,0.00312495
4.97660000239,0.00312495
4.97680000239,-0.0125
4.97700000239,0.00312495
4.97720000239,0.00312495
4.97740000239,-0.0125
4.97760000239,0.00312495
4.97780000239,-0.0125
4.97800000239,-0.0125
4.97820000239,-0.0125
4.97840000239,-0.0125
4.97860000239,0.00312495
4.97880000239,-0.0125
4.97900000239,0.00312495
4.97920000239,-0.0125
4.97940000239,-0.0125
4.97960000239,0.00312495
4.97980000239,-0.0125
4.98000000239,0.00312495
4.98020000239,0.00312495
4.98040000239,-0.0125
4.98060000239,-0.0125
4.98080000239,0.00312495
4.98100000239,0.00312495
4.98120000239,0.00312495
4.98140000239,0.00312495
4.98160000239,0.00312495
4.98180000239,-0.0125
4.98200000239,-0.0125
4.98220000239,0.00312495
4.98240000239,-0.0125
4.98260000239,-0.0125
4.98280000239,-0.0125
4.98300000239,-0.0125
4.98320000239,0.00312495
4.98340000239,0.00312495
4.98360000239,0.00312495
4.98380000239,-0.0125
4.98400000239,0.00312495
4.98420000239,0.00312495
4.98440000239,0.00312495
4.98460000239,0.00312495
4.98480000239,-0.0125
4.98500000239,-0.0125
4.98520000239,0.00312495
4.98540000239,0.00312495
4.98560000239,-0.0125
4.98580000239,0.00312495
4.98600000239,-0.0125
4.98620000239,0.00312495
4.98640000239,-0.028125
4.98660000239,-0.0125
4.98680000239,-0.0125
4.98700000239,0.00312495
4.98720000239,-0.0125
4.98740000239,-0.0125
4.98760000239,0.01875
4.98780000239,-0.0125
4.98800000239,0.00312495
4.98820000239,-0.0125
4.98840000239,-0.0125
4.98860000239,0.00312495
4.98880000239,0.00312495
4.98900000239,0.00312495
4.98920000239,0.00312495
4.98940000239,0.00312495
4.98960000239,0.00312495
4.98980000239,-0.0125
4.99000000239,-0.0125
4.99020000239,-0.0125
4.99040000239,-0.0125
4.99060000239,0.00312495
4.99080000239,0.00312495
4.99100000239,-0.0125
4.99120000239,0.00312495
4.99140000239,0.00312495
4.99160000239,0.00312495
4.99180000239,0.00312495
4.99200000239,0.00312495
4.99220000239,0.00312495
4.99240000239,-0.0125
4.99260000239,0.01875
4.99280000239,0.00312495
4.99300000239,-0.0125
4.99320000239,0.00312495
4.99340000239,-0.0125
4.99360000239,-0.0125
4.99380000239,-0.0125
4.99400000239,-0.0125
4.99420000239,0.00312495
4.99440000239,-0.0125
4.99460000239,0.00312495
4.99480000239,0.00312495
4.99500000239,0.00312495
4.99520000239,0.00312495
4.99540000239,-0.0125
4.99560000239,0.00312495
4.99580000239,-0.0125
4.99600000239,0.00312495
4.99620000239,0.00312495
4.99640000239,0.00312495
4.99660000239,0.00312495
4.99680000239,0.00312495
4.99700000239,-0.0125
4.99720000239,-0.0125
4.99740000239,-0.0125
4.99760000239,-0.0125
4.99780000239,-0.0125
4.99800000239,-0.0125
4.99820000239,0.00312495
4.99840000239,0.00312495
4.99860000239,0.00312495
4.99880000239,0.00312495
4.99900000239,0.01875
4.99920000239,-0.0125
4.99940000239,-0.0125
4.99960000239,0.00312495
4.99980000239,0.00312495
5.00000000239,0.00312495
5.00020000239,0.00312495
5.00040000239,0.00312495
5.00060000239,-0.0125
5.00080000239,0.00312495
5.00100000239,0.00312495
5.00120000239,0.00312495
5.00140000239,0.00312495
5.00160000239,0.00312495
5.00180000239,0.00312495
5.00200000239,0.00312495
5.00220000239,-0.0125
5.00240000239,0.00312495
5.00260000239,0.00312495
5.00280000239,0.00312495
5.00300000239,-0.0125
5.00320000239,-0.0125
5.00340000239,0.00312495
5.00360000239,0.00312495
5.00380000239,0.00312495
5.00400000239,0.00312495
5.00420000239,0.00312495
5.00440000239,-0.0125
5.00460000239,0.01875
5.00480000239,-0.0125
5.00500000239,-0.0125
5.00520000239,0.00312495
5.00540000239,0.00312495
5.00560000239,-0.0125
5.00580000239,0.00312495
5.00600000239,0.00312495
5.00620000239,-0.0125
5.00640000239,0.01875
5.00660000239,0.00312495
5.00680000239,0.00312495
5.00700000239,0.00312495
5.00720000239,0.00312495
5.00740000239,0.01875
5.00760000239,0.00312495
5.00780000239,0.00312495
5.00800000239,0.00312495
5.00820000239,0.00312495
5.00840000239,0.00312495
5.00860000239,0.01875
5.00880000239,0.00312495
5.00900000239,0.01875
5.00920000239,0.00312495
5.00940000239,0.00312495
5.00960000239,0.00312495
5.00980000239,-0.0125
5.01000000239,0.00312495
5.01020000239,0.00312495
5.01040000239,0.00312495
5.01060000239,-0.0125
5.01080000239,0.00312495
5.01100000239,0.00312495
5.01120000239,0.00312495
5.01140000239,0.00312495
5.01160000239,0.00312495
5.01180000239,0.00312495
5.01200000239,0.00312495
5.01220000239,0.00312495
5.01240000239,0.00312495
5.01260000239,0.00312495
5.01280000239,0.00312495
5.01300000239,-0.0125
5.01320000239,0.00312495
5.01340000239,-0.0125
5.01360000239,0.00312495
5.01380000239,0.01875
5.01400000239,0.00312495
5.01420000239,0.00312495
5.01440000239,0.01875
5.01460000239,0.00312495
5.01480000239,0.00312495
5.01500000239,0.00312495
5.01520000239,0.00312495
5.01540000239,0.01875
5.01560000239,0.01875
5.01580000239,0.01875
5.01600000239,0.00312495
5.01620000239,0.00312495
5.01640000239,0.00312495
5.01660000239,0.00312495
5.01680000239,0.00312495
5.01700000239,0.00312495
5.01720000239,0.00312495
5.01740000239,0.01875
5.01760000239,0.00312495
5.01780000239,0.00312495
5.01800000239,0.00312495
5.01820000239,0.00312495
5.01840000239,0.00312495
5.01860000239,0.00312495
5.01880000239,0.00312495
5.01900000239,0.01875
5.01920000239,0.01875
5.01940000239,0.01875
5.01960000239,0.00312495
5.01980000239,-0.0125
5.02000000239,0.00312495
5.02020000239,0.00312495
5.02040000239,0.01875
5.02060000239,0.00312495
5.02080000239,0.00312495
5.02100000239,0.00312495
5.02120000239,0.00312495
5.02140000239,0.00312495
5.02160000239,0.00312495
5.02180000239,0.01875
5.02200000239,0.034375
5.02220000239,0.00312495
5.02240000239,0.00312495
5.02260000239,0.00312495
5.02280000239,0.01875
5.02300000239,0.01875
5.02320000239,0.00312495
5.02340000239,0.00312495
5.02360000239,0.01875
5.02380000239,0.00312495
5.02400000239,0.00312495
5.02420000239,0.00312495
5.02440000239,0.01875
5.02460000239,0.034375
5.02480000239,0.00312495
5.02500000239,0.00312495
5.02520000239,0.01875
5.02540000239,0.034375
5.02560000239,0.01875
5.02580000239,0.01875
5.02600000239,0.01875
5.02620000239,0.00312495
5.02640000239,0.01875
5.02660000239,0.00312495
5.02680000239,0.01875
5.02700000239,0.01875
5.02720000239,0.00312495
5.02740000239,0.00312495
5.02760000239,0.00312495
5.02780000239,0.00312495
5.02800000239,0.00312495
5.02820000239,0.00312495
5.02840000239,0.01875
5.02860000239,0.00312495
5.02880000239,0.00312495
5.02900000239,0.01875
5.02920000239,0.00312495
5.02940000239,0.01875
5.02960000239,0.00312495
5.02980000239,0.00312495
5.03000000239,0.00312495
5.03020000239,0.00312495
5.03040000239,0.00312495
5.03060000239,0.00312495
5.03080000239,0.00312495
5.03100000239,0.01875
5.03120000239,0.00312495
5.03140000239,0.00312495
5.03160000239,0.00312495
5.03180000239,0.00312495
5.03200000239,0.01875
5.03220000239,0.01875
5.03240000239,0.01875
5.03260000239,0.01875
5.03280000239,0.00312495
5.03300000239,0.01875
5.03320000239,0.01875
5.03340000239,0.01875
5.03360000239,0.00312495
5.03380000239,0.00312495
5.03400000239,0.01875
5.03420000239,0.01875
5.03440000239,0.00312495
5.03460000239,0.034375
5.03480000239,0.01875
5.03500000239,0.01875
5.03520000239,0.00312495
5.03540000239,0.01875
5.03560000239,-0.0125
5.03580000239,0.01875
5.03600000239,0.01875
5.03620000239,0.01875
5.03640000239,0.01875
5.03660000239,0.00312495
5.03680000239,0.034375
5.03700000239,0.01875
5.03720000239,0.01875
5.03740000239,0.00312495
5.03760000239,0.01875
5.03780000239,0.01875
5.03800000239,0.01875
5.03820000239,0.00312495
5.03840000239,0.01875
5.03860000239,0.01875
5.03880000239,0.01875
5.03900000239,0.01875
5.03920000239,0.01875
5.03940000239,0.01875
5.03960000239,0.00312495
5.03980000239,0.00312495
5.04000000239,0.01875
5.04020000239,0.01875
5.04040000239,0.01875
5.04060000239,0.034375
5.04080000239,0.00312495
5.04100000239,0.00312495
5.04120000239,0.01875
5.04140000239,0.01875
5.04160000239,0.034375
5.04180000239,0.00312495
5.04200000239,0.00312495
5.04220000239,0.00312495
5.04240000239,0.01875
5.04260000239,0.00312495
5.04280000239,0.01875
5.04300000239,0.01875
5.04320000239,0.01875
5.04340000239,0.00312495
5.04360000239,0.00312495
5.04380000239,0.00312495
5.04400000239,0.01875
5.04420000239,0.01875
5.04440000239,0.01875
5.04460000239,0.00312495
5.04480000239,0.01875
5.04500000239,0.00312495
5.04520000239,0.034375
5.04540000239,0.01875
5.04560000239,0.01875
5.04580000239,0.01875
5.04600000239,0.01875
5.04620000239,0.034375
5.04640000239,0.01875
5.04660000239,0.01875
5.04680000239,0.00312495
5.04700000239,0.01875
5.04720000239,0.01875
5.04740000239,0.01875
5.04760000239,0.034375
5.04780000239,0.01875
5.04800000239,0.01875
5.04820000239,0.01875
5.04840000239,0.00312495
5.04860000239,0.034375
5.04880000239,0.01875
5.04900000239,0.00312495
5.04920000239,0.00312495
5.04940000239,0.00312495
5.04960000239,0.01875
5.04980000239,0.034375
5.05000000239,0.01875
5.05020000239,0.034375
5.05040000239,0.01875
5.05060000239,0.01875
5.05080000239,0.01875
5.05100000239,0.01875
5.05120000239,0.01875
5.05140000239,0.00312495
5.05160000239,0.01875
5.05180000239,0.034375
5.05200000239,0.034375
5.05220000239,0.01875
5.05240000239,0.01875
5.05260000239,0.01875
5.05280000239,0.034375
5.05300000239,0.01875
5.05320000239,0.01875
5.05340000239,0.01875
5.05360000239,0.01875
5.05380000239,0.01875
5.05400000239,0.01875
5.05420000239,0.00312495
5.05440000239,0.01875
5.05460000239,0.01875
5.05480000239,0.034375
5.05500000239,0.034375
5.05520000239,0.01875
5.05540000239,0.034375
5.05560000239,0.034375
5.05580000239,0.00312495
5.05600000239,0.01875
5.05620000239,0.01875
5.05640000239,0.034375
5.05660000239,0.00312495
5.05680000239,0.01875
5.05700000239,0.01875
5.05720000239,0.034375
5.05740000239,0.01875
5.05760000239,0.01875
5.05780000239,0.034375
5.05800000239,0.034375
5.05820000239,0.034375
5.05840000239,0.034375
5.05860000239,0.01875
5.05880000239,0.01875
5.05900000239,0.034375
5.05920000239,0.01875
5.05940000239,0.034375
5.05960000239,0.01875
5.05980000239,0.01875
5.06000000239,0.01875
5.06020000239,0.01875
5.06040000239,0.034375
5.06060000239,0.034375
5.06080000239,0.034375
5.06100000239,0.034375
5.06120000239,0.034375
5.06140000239,0.01875
5.06160000239,0.034375
5.06180000239,0.034375
5.06200000239,0.01875
5.06220000239,0.01875
5.06240000239,0.01875
5.06260000239,0.01875
5.06280000239,0.034375
5.06300000239,0.034375
5.06320000239,0.034375
5.06340000239,0.034375
5.06360000239,0.034375
5.06380000239,0.01875
5.06400000239,0.034375
5.06420000239,0.01875
5.06440000239,0.034375
5.06460000239,0.01875
5.06480000239,0.01875
5.06500000239,0.01875
5.06520000239,0.01875
5.06540000239,0.034375
5.06560000239,0.00312495
5.06580000239,0.01875
5.06600000239,0.01875
5.06620000239,0.034375
5.06640000239,0.034375
5.06660000239,0.01875
5.06680000239,0.01875
5.06700000239,0.01875
5.06720000239,0.034375
5.06740000239,0.01875
5.06760000239,0.034375
5.06780000239,0.034375
5.06800000239,0.01875
5.06820000239,0.01875
5.06840000239,0.01875
5.06860000239,0.01875
5.06880000239,0.01875
5.06900000239,0.034375
5.06920000239,0.01875
5.06940000239,0.01875
5.06960000239,0.05
5.06980000239,0.034375
5.07000000239,0.034375
5.07020000239,0.01875
5.07040000239,0.034375
5.07060000239,0.00312495
5.07080000239,0.034375
5.07100000239,0.034375
5.07120000239,0.05
5.07140000239,0.034375
5.07160000239,0.034375
5.07180000239,0.01875
5.07200000239,0.01875
5.07220000239,0.01875
5.07240000239,0.01875
5.07260000239,0.034375
5.07280000239,0.034375
5.07300000239,0.01875
5.07320000239,0.01875
5.07340000239,0.034375
5.07360000239,0.05
5.07380000239,0.01875
5.07400000239,0.034375
5.07420000239,0.01875
5.07440000239,0.034375
5.07460000239,0.034375
5.07480000239,0.034375
5.07500000239,0.034375
5.07520000239,0.034375
5.07540000239,0.034375
5.07560000239,0.034375
5.07580000239,0.034375
5.07600000239,0.034375
5.07620000239,0.034375
5.07640000239,0.034375
5.07660000239,0.05
5.07680000239,0.034375
5.07700000239,0.01875
5.07720000239,0.034375
5.07740000239,0.034375
5.07760000239,0.01875
5.07780000239,0.01875
5.07800000239,0.05
5.07820000239,0.05
5.07840000239,0.034375
5.07860000239,0.034375
5.07880000239,0.01875
5.07900000239,0.034375
5.07920000239,0.01875
5.07940000239,0.034375
5.07960000239,0.05
5.07980000239,0.034375
5.08000000239,0.01875
5.08020000239,0.034375
5.08040000239,0.034375
5.08060000239,0.01875
5.08080000239,0.034375
5.08100000239,0.034375
5.08120000239,0.034375
5.08140000239,0.05
5.08160000239,0.01875
5.08180000239,0.034375
5.08200000239,0.034375
5.08220000239,0.034375
5.08240000239,0.05
5.08260000239,0.05
5.08280000239,0.034375
5.08300000239,0.034375
5.08320000239,0.034375
5.08340000239,0.034375
5.08360000239,0.05
5.08380000239,0.034375
5.08400000239,0.05
5.08420000239,0.05
5.08440000239,0.034375
5.08460000239,0.034375
5.08480000239,0.034375
5.08500000239,0.034375
5.08520000239,0.05
5.08540000239,0.034375
5.08560000239,0.01875
5.08580000239,0.01875
5.08600000239,0.01875
5.08620000239,0.05
5.08640000239,0.05
5.08660000239,0.034375
5.08680000239,0.034375
5.08700000239,0.034375
5.08720000239,0.01875
5.08740000239,0.01875
5.08760000239,0.01875
5.08780000239,0.034375
5.08800000239,0.034375
5.08820000239,0.034375
5.08840000239,0.01875
5.08860000239,0.034375
5.08880000239,0.05
5.08900000239,0.034375
5.08920000239,0.034375
5.08940000239,0.034375
5.08960000239,0.05
5.08980000239,0.05
5.09000000239,0.05
5.09020000239,0.05
5.09040000239,0.034375
5.09060000239,0.034375
5.09080000239,0.034375
5.09100000239,0.05
5.09120000239,0.034375
5.09140000239,0.05
5.09160000239,0.034375
5.09180000239,0.034375
5.09200000239,0.01875
5.09220000239,0.01875
5.09240000239,0.034375
5.09260000239,0.05
5.09280000239,0.034375
5.09300000239,0.05
5.09320000239,0.05
5.09340000239,0.034375
5.09360000239,0.034375
5.09380000239,0.034375
5.09400000239,0.05
5.09420000239,0.05
5.09440000239,0.034375
5.09460000239,0.05
5.09480000239,0.05
5.09500000239,0.05
5.09520000239,0.034375
5.09540000239,0.034375
5.09560000239,0.05
5.09580000239,0.034375
5.09600000239,0.034375
5.09620000239,0.034375
5.09640000239,0.05
5.09660000239,0.05
5.09680000239,0.034375
5.09700000239,0.034375
5.09720000239,0.034375
5.09740000239,0.034375
5.09760000239,0.05
5.09780000239,0.034375
5.09800000239,0.05
5.09820000239,0.05
5.09840000239,0.034375
5.09860000239,0.034375
5.09880000239,0.05
5.09900000239,0.034375
5.09920000239,0.05
5.09940000239,0.05
5.09960000239,0.05
5.09980000239,0.034375
5.10000000239,0.034375
5.10020000239,0.034375
5.10040000239,0.034375
5.10060000239,0.05
5.10080000239,0.05
5.10100000239,0.05
5.10120000239,0.034375
5.10140000239,0.05
5.10160000239,0.05
5.10180000239,0.05
5.10200000239,0.034375
5.10220000239,0.05
5.10240000239,0.034375
5.10260000239,0.05
5.10280000239,0.05
5.10300000239,0.05
5.10320000239,0.034375
5.10340000239,0.05
5.10360000239,0.05
5.10380000239,0.034375
5.10400000239,0.05
5.10420000239,0.034375
5.10440000239,0.034375
5.10460000239,0.034375
5.10480000239,0.034375
5.10500000239,0.05
5.10520000239,0.05
5.10540000239,0.034375
5.10560000239,0.034375
5.10580000239,0.034375
5.10600000239,0.034375
5.10620000239,0.034375
5.10640000239,0.05
5.10660000239,0.034375
5.10680000239,0.034375
5.10700000239,0.05
5.10720000239,0.034375
5.10740000239,0.01875
5.10760000239,0.034375
5.10780000239,0.05
5.10800000239,0.065625
5.10820000239,0.05
5.10840000239,0.05
5.10860000239,0.034375
5.10880000239,0.05
5.10900000239,0.05
5.10920000239,0.034375
5.10940000239,0.065625
5.10960000239,0.034375
5.10980000239,0.05
5.11000000239,0.034375
5.11020000239,0.034375
5.11040000239,0.05
5.11060000239,0.034375
5.11080000239,0.05
5.11100000239,0.05
5.11120000239,0.05
5.11140000239,0.05
5.11160000239,0.034375
5.11180000239,0.05
5.11200000239,0.05
5.11220000239,0.05
5.11240000239,0.065625
5.11260000239,0.065625
5.11280000239,0.05
5.11300000239,0.05
5.11320000239,0.065625
5.11340000239,0.05
5.11360000239,0.05
5.11380000239,0.05
5.11400000239,0.05
5.11420000239,0.05
5.11440000239,0.034375
5.11460000239,0.034375
5.11480000239,0.065625
5.11500000239,0.05
5.11520000239,0.065625
5.11540000239,0.05
5.11560000239,0.05
5.11580000239,0.05
5.11600000239,0.065625
5.11620000239,0.065625
5.11640000239,0.065625
5.11660000239,0.05
5.11680000239,0.05
5.11700000239,0.05
5.11720000239,0.065625
5.11740000239,0.065625
5.11760000239,0.05
5.11780000239,0.05
5.11800000239,0.034375
5.11820000239,0.065625
5.11840000239,0.05
5.11860000239,0.05
5.11880000239,0.065625
5.11900000239,0.05
5.11920000239,0.05
5.11940000239,0.05
5.11960000239,0.05
5.11980000239,0.05
5.12000000239,0.065625
5.12020000239,0.065625
5.12040000239,0.05
5.12060000239,0.065625
5.12080000239,0.065625
5.12100000239,0.05
5.12120000239,0.034375
5.12140000239,0.05
5.12160000239,0.034375
5.12180000239,0.05
5.12200000239,0.05
5.12220000239,0.05
5.12240000239,0.05
5.12260000239,0.05
5.12280000239,0.05
5.12300000239,0.05
5.12320000239,0.05
5.12340000239,0.034375
5.12360000239,0.05
5.12380000239,0.05
5.12400000239,0.065625
5.12420000239,0.05
5.12440000239,0.065625
5.12460000239,0.05
5.12480000239,0.05
5.12500000239,0.065625
5.12520000239,0.065625
5.12540000239,0.065625
5.12560000239,0.065625
5.12580000239,0.05
5.12600000239,0.05
5.12620000239,0.05
5.12640000239,0.065625
5.12660000239,0.05
5.12680000239,0.05
5.12700000239,0.05
5.12720000239,0.05
5.12740000239,0.065625
5.12760000239,0.065625
5.12780000239,0.065625
5.12800000239,0.065625
5.12820000239,0.05
5.12840000239,0.05
5.12860000239,0.05
5.12880000239,0.05
5.12900000239,0.065625
5.12920000239,0.05
5.12940000239,0.05
5.12960000239,0.05
5.12980000239,0.05
5.13000000239,0.065625
5.13020000239,0.065625
5.13040000239,0.065625
5.13060000239,0.065625
5.13080000239,0.065625
5.13100000239,0.05
5.13120000239,0.05
5.13140000239,0.05
5.13160000239,0.05
5.13180000239,0.05
5.13200000239,0.05
5.13220000239,0.065625
5.13240000239,0.065625
5.13260000239,0.05
5.13280000239,0.05
5.13300000239,0.065625
5.13320000239,0.065625
5.13340000239,0.065625
5.13360000239,0.065625
5.13380000239,0.05
5.13400000239,0.05
5.13420000239,0.065625
5.13440000239,0.05
5.13460000239,0.065625
5.13480000239,0.065625
5.13500000239,0.065625
5.13520000239,0.065625
5.13540000239,0.05
5.13560000239,0.05
5.13580000239,0.065625
5.13600000239,0.065625
5.13620000239,0.05
5.13640000239,0.05
5.13660000239,0.05
5.13680000239,0.065625
5.13700000239,0.065625
5.13720000239,0.065625
5.13740000239,0.05
5.13760000239,0.065625
5.13780000239,0.05
5.13800000239,0.065625
5.13820000239,0.065625
5.13840000239,0.065625
5.13860000239,0.065625
5.13880000239,0.05
5.13900000239,0.05
5.13920000239,0.065625
5.13940000239,0.05
5.13960000239,0.05
5.13980000239,0.05
5.14000000239,0.065625
5.14020000239,0.065625
5.14040000239,0.05
5.14060000239,0.065625
5.14080000239,0.065625
5.14100000239,0.065625
5.14120000239,0.065625
5.14140000239,0.065625
5.14160000239,0.05
5.14180000239,0.065625
5.14200000239,0.065625
5.14220000239,0.065625
5.14240000239,0.05
5.14260000239,0.05
5.14280000239,0.065625
5.14300000239,0.065625
5.14320000239,0.05
5.14340000239,0.05
5.14360000239,0.065625
5.14380000239,0.065625
5.14400000239,0.065625
5.14420000239,0.065625
5.14440000239,0.065625
5.14460000239,0.065625
5.14480000239,0.05
5.14500000239,0.065625
5.14520000239,0.065625
5.14540000239,0.065625
5.14560000239,0.065625
5.14580000239,0.065625
5.14600000239,0.065625
5.14620000239,0.065625
5.14640000239,0.065625
5.14660000239,0.065625
5.14680000239,0.065625
5.14700000239,0.065625
5.14720000239,0.065625
5.14740000239,0.065625
5.14760000239,0.065625
5.14780000239,0.05
5.14800000239,0.065625
5.14820000239,0.065625
5.14840000239,0.065625
5.14860000239,0.065625
5.14880000239,0.065625
5.14900000239,0.065625
5.14920000239,0.05
5.14940000239,0.065625
5.14960000239,0.065625
5.14980000239,0.096875
5.15000000239,0.065625
5.15020000239,0.08125
5.15040000239,0.065625
5.15060000239,0.065625
5.15080000239,0.08125
5.15100000239,0.065625
5.15120000239,0.05
5.15140000239,0.065625
5.15160000239,0.05
5.15180000239,0.065625
5.15200000239,0.065625
5.15220000239,0.065625
5.15240000239,0.08125
5.15260000239,0.065625
5.15280000239,0.065625
5.15300000239,0.05
5.15320000239,0.065625
5.15340000239,0.065625
5.15360000239,0.065625
5.15380000239,0.065625
5.15400000239,0.065625
5.15420000239,0.065625
5.15440000239,0.065625
5.15460000239,0.05
5.15480000239,0.065625
5.15500000239,0.05
5.15520000239,0.065625
5.15540000239,0.065625
5.15560000239,0.065625
5.15580000239,0.08125
5.15600000239,0.065625
5.15620000239,0.065625
5.15640000239,0.065625
5.15660000239,0.05
5.15680000239,0.065625
5.15700000239,0.065625
5.15720000239,0.065625
5.15740000239,0.065625
5.15760000239,0.065625
5.15780000239,0.065625
5.15800000239,0.065625
5.15820000239,0.08125
5.15840000239,0.065625
5.15860000239,0.08125
5.15880000239,0.08125
5.15900000239,0.065625
5.15920000239,0.065625
5.15940000239,0.065625
5.15960000239,0.065625
5.15980000239,0.065625
5.16000000239,0.08125
5.16020000239,0.065625
5.16040000239,0.065625
5.16060000239,0.065625
5.16080000239,0.08125
5.16100000239,0.065625
5.16120000239,0.065625
5.16140000239,0.08125
5.16160000239,0.065625
5.16180000239,0.065625
5.16200000239,0.065625
5.16220000239,0.08125
5.16240000239,0.08125
5.16260000239,0.065625
5.16280000239,0.065625
5.16300000239,0.065625
5.16320000239,0.08125
5.16340000239,0.065625
5.16360000239,0.08125
5.16380000239,0.05
5.16400000239,0.065625
5.16420000239,0.08125
5.16440000239,0.08125
5.16460000239,0.065625
5.16480000239,0.065625
5.16500000239,0.065625
5.16520000239,0.065625
5.16540000239,0.065625
5.16560000239,0.065625
5.16580000239,0.08125
5.16600000239,0.08125
5.16620000239,0.065625
5.16640000239,0.065625
5.16660000239,0.065625
5.16680000239,0.065625
5.16700000239,0.065625
5.16720000239,0.065625
5.16740000239,0.08125
5.16760000239,0.065625
5.16780000239,0.065625
5.16800000239,0.065625
5.16820000239,0.08125
5.16840000239,0.08125
5.16860000239,0.08125
5.16880000239,0.065625
5.16900000239,0.065625
5.16920000239,0.08125
5.16940000239,0.08125
5.16960000239,0.065625
5.16980000239,0.08125
5.17000000239,0.08125
5.17020000239,0.08125
5.17040000239,0.08125
5.17060000239,0.065625
5.17080000239,0.08125
5.17100000239,0.065625
5.17120000239,0.08125
5.17140000239,0.08125
5.17160000239,0.065625
5.17180000239,0.08125
5.17200000239,0.08125
5.17220000239,0.08125
5.17240000239,0.065625
5.17260000239,0.065625
5.17280000239,0.08125
5.17300000239,0.065625
5.17320000239,0.08125
5.17340000239,0.08125
5.17360000239,0.065625
5.17380000239,0.065625
5.17400000239,0.08125
5.17420000239,0.08125
5.17440000239,0.08125
5.17460000239,0.08125
5.17480000239,0.065625
5.17500000239,0.065625
5.17520000239,0.08125
5.17540000239,0.065625
5.17560000239,0.08125
5.17580000239,0.065625
5.17600000239,0.08125
5.17620000239,0.096875
5.17640000239,0.08125
5.17660000239,0.08125
5.17680000239,0.08125
5.17700000239,0.065625
5.17720000239,0.065625
5.17740000239,0.065625
5.17760000239,0.08125
5.17780000239,0.08125
5.17800000239,0.08125
5.17820000239,0.065625
5.17840000239,0.08125
5.17860000239,0.08125
5.17880000239,0.08125
5.17900000239,0.065625
5.17920000239,0.08125
5.17940000239,0.08125
5.17960000239,0.08125
5.17980000239,0.08125
5.18000000239,0.08125
5.18020000239,0.096875
5.18040000239,0.096875
5.18060000239,0.08125
5.18080000239,0.065625
5.18100000239,0.08125
5.18120000239,0.065625
5.18140000239,0.08125
5.18160000239,0.065625
5.18180000239,0.08125
5.18200000239,0.08125
5.18220000239,0.08125
5.18240000239,0.065625
5.18260000239,0.08125
5.18280000239,0.08125
5.18300000239,0.08125
5.18320000239,0.08125
5.18340000239,0.065625
5.18360000239,0.08125
5.18380000239,0.08125
5.18400000239,0.08125
5.18420000239,0.065625
5.18440000239,0.08125
5.18460000239,0.08125
5.18480000239,0.08125
5.18500000239,0.065625
5.18520000239,0.08125
5.18540000239,0.08125
5.18560000239,0.08125
5.18580000239,0.08125
5.18600000239,0.08125
5.18620000239,0.096875
5.18640000239,0.08125
5.18660000239,0.096875
5.18680000239,0.08125
5.18700000239,0.096875
5.18720000239,0.08125
5.18740000239,0.096875
5.18760000239,0.096875
5.18780000239,0.096875
5.18800000239,0.08125
5.18820000239,0.08125
5.18840000239,0.08125
5.18860000239,0.096875
5.18880000239,0.08125
5.18900000239,0.08125
5.18920000239,0.08125
5.18940000239,0.08125
5.18960000239,0.096875
5.18980000239,0.08125
5.19000000239,0.08125
5.19020000239,0.08125
5.19040000239,0.08125
5.19060000239,0.08125
5.19080000239,0.08125
5.19100000239,0.08125
5.19120000239,0.08125
5.19140000239,0.08125
5.19160000239,0.08125
5.19180000239,0.096875
5.19200000239,0.08125
5.19220000239,0.08125
5.19240000239,0.08125
5.19260000239,0.08125
5.19280000239,0.096875
5.19300000239,0.08125
5.19320000239,0.096875
5.19340000239,0.08125
5.19360000239,0.08125
5.19380000239,0.08125
5.19400000239,0.096875
5.19420000239,0.096875
5.19440000239,0.08125
5.19460000239,0.096875
5.19480000239,0.08125
5.19500000239,0.096875
5.19520000239,0.096875
5.19540000239,0.08125
5.19560000239,0.08125
5.19580000239,0.065625
5.19600000239,0.08125
5.19620000239,0.096875
5.19640000239,0.08125
5.19660000239,0.08125
5.19680000239,0.08125
5.19700000239,0.08125
5.19720000239,0.1125
5.19740000239,0.08125
5.19760000239,0.08125
5.19780000239,0.096875
5.19800000239,0.096875
5.19820000239,0.096875
5.19840000239,0.096875
5.19860000239,0.08125
5.19880000239,0.08125
5.19900000239,0.08125
5.19920000239,0.096875
5.19940000239,0.08125
5.19960000239,0.08125
5.19980000239,0.08125
5.20000000239,0.08125
5.20020000239,0.096875
5.20040000239,0.1125
5.20060000239,0.065625
5.20080000239,0.096875
5.20100000239,0.096875
5.20120000239,0.08125
5.20140000239,0.096875
5.20160000239,0.096875
5.20180000239,0.08125
5.20200000239,0.08125
5.20220000239,0.08125
5.20240000239,0.08125
5.20260000239,0.096875
5.20280000239,0.08125
5.20300000239,0.096875
5.20320000239,0.08125
5.20340000239,0.096875
5.20360000239,0.096875
5.20380000239,0.096875
5.20400000239,0.096875
5.20420000239,0.08125
5.20440000239,0.096875
5.20460000239,0.1125
5.20480000239,0.096875
5.20500000239,0.08125
5.20520000239,0.096875
5.20540000239,0.08125
5.20560000239,0.08125
5.20580000239,0.08125
5.20600000239,0.08125
5.20620000239,0.1125
5.20640000239,0.096875
5.20660000239,0.08125
5.20680000239,0.096875
5.20700000239,0.08125
5.20720000239,0.096875
5.20740000239,0.08125
5.20760000239,0.08125
5.20780000239,0.08125
5.20800000239,0.08125
5.20820000239,0.08125
5.20840000239,0.096875
5.20860000239,0.065625
5.20880000239,0.096875
5.20900000239,0.096875
5.20920000239,0.096875
5.20940000239,0.096875
5.20960000239,0.08125
5.20980000239,0.08125
5.21000000239,0.096875
5.21020000239,0.096875
5.21040000239,0.096875
5.21060000239,0.096875
5.21080000239,0.096875
5.21100000239,0.065625
5.21120000239,0.08125
5.21140000239,0.096875
5.21160000239,0.08125
5.21180000239,0.096875
5.21200000239,0.096875
5.21220000239,0.096875
5.21240000239,0.08125
5.21260000239,0.096875
5.21280000239,0.08125
5.21300000239,0.096875
5.21320000239,0.096875
5.21340000239,0.096875
5.21360000239,0.096875
5.21380000239,0.096875
5.21400000239,0.096875
5.21420000239,0.096875
5.21440000239,0.1125
5.21460000239,0.096875
5.21480000239,0.096875
5.21500000239,0.096875
5.21520000239,0.096875
5.21540000239,0.096875
5.21560000239,0.1125
5.21580000239,0.096875
5.21600000239,0.096875
5.21620000239,0.128125
5.21640000239,0.096875
5.21660000239,0.096875
5.21680000239,0.096875
5.21700000239,0.08125
5.21720000239,0.096875
5.21740000239,0.096875
5.21760000239,0.08125
5.21780000239,0.1125
5.21800000239,0.096875
5.21820000239,0.1125
5.21840000239,0.096875
5.21860000239,0.1125
5.21880000239,0.096875
5.21900000239,0.096875
5.21920000239,0.096875
5.21940000239,0.096875
5.21960000239,0.096875
5.21980000239,0.1125
5.22000000239,0.096875
5.22020000239,0.096875
5.22040000239,0.096875
5.22060000239,0.096875
5.22080000239,0.1125
5.22100000239,0.096875
5.22120000239,0.1125
5.22140000239,0.096875
5.22160000239,0.1125
5.22180000239,0.096875
5.22200000239,0.1125
5.22220000239,0.096875
5.22240000239,0.096875
5.22260000239,0.096875
5.22280000239,0.096875
5.22300000239,0.096875
5.22320000239,0.096875
5.22340000239,0.1125
5.22360000239,0.1125
5.22380000239,0.096875
5.22400000239,0.128125
5.22420000239,0.096875
5.22440000239,0.08125
5.22460000239,0.096875
5.22480000239,0.08125
5.22500000239,0.1125
5.22520000239,0.1125
5.22540000239,0.1125
5.22560000239,0.1125
5.22580000239,0.1125
5.22600000239,0.1125
5.22620000239,0.1125
5.22640000239,0.096875
5.22660000239,0.1125
5.22680000239,0.096875
5.22700000239,0.096875
5.22720000239,0.1125
5.22740000239,0.1125
5.22760000239,0.1125
5.22780000239,0.1125
5.22800000239,0.096875
5.22820000239,0.1125
5.22840000239,0.096875
5.22860000239,0.1125
5.22880000239,0.096875
5.22900000239,0.096875
5.22920000239,0.1125
5.22940000239,0.096875
5.22960000239,0.1125
5.22980000239,0.128125
5.23000000239,0.096875
5.23020000239,0.1125
5.23040000239,0.1125
5.23060000239,0.1125
5.23080000239,0.1125
5.23100000239,0.128125
5.23120000239,0.096875
5.23140000239,0.096875
5.23160000239,0.096875
5.23180000239,0.096875
5.23200000239,0.096875
5.23220000239,0.1125
5.23240000239,0.1125
5.23260000239,0.096875
5.23280000239,0.096875
5.23300000239,0.096875
5.23320000239,0.1125
5.23340000239,0.1125
5.23360000239,0.1125
5.23380000239,0.1125
5.23400000239,0.1125
5.23420000239,0.096875
5.23440000239,0.128125
5.23460000239,0.1125
5.23480000239,0.1125
5.23500000239,0.1125
5.23520000239,0.1125
5.23540000239,0.1125
5.23560000239,0.1125
5.23580000239,0.096875
5.23600000239,0.1125
5.23620000239,0.1125
5.23640000239,0.1125
5.23660000239,0.1125
5.23680000239,0.1125
5.23700000239,0.1125
5.23720000239,0.096875
5.23740000239,0.1125
5.23760000239,0.1125
5.23780000239,0.1125
5.23800000239,0.096875
5.23820000239,0.1125
5.23840000239,0.1125
5.23860000239,0.128125
5.23880000239,0.1125
5.23900000239,0.096875
5.23920000239,0.1125
5.23940000239,0.1125
5.23960000239,0.1125
5.23980000239,0.1125
5.24000000239,0.1125
5.24020000239,0.128125
5.24040000239,0.1125
5.24060000239,0.1125
5.24080000239,0.1125
5.24100000239,0.1125
5.24120000239,0.1125
5.24140000239,0.1125
5.24160000239,0.128125
5.24180000239,0.1125
5.24200000239,0.1125
5.24220000239,0.1125
5.24240000239,0.1125
5.24260000239,0.1125
5.24280000239,0.096875
5.24300000239,0.1125
5.24320000239,0.128125
5.24340000239,0.128125
5.24360000239,0.1125
5.24380000239,0.128125
5.24400000239,0.1125
5.24420000239,0.1125
5.24440000239,0.1125
5.24460000239,0.1125
5.24480000239,0.1125
5.24500000239,0.1125
5.24520000239,0.128125
5.24540000239,0.1125
5.24560000239,0.128125
5.24580000239,0.1125
5.24600000239,0.128125
5.24620000239,0.1125
5.24640000239,0.1125
5.24660000239,0.128125
5.24680000239,0.1125
5.24700000239,0.1125
5.24720000239,0.1125
5.24740000239,0.1125
5.24760000239,0.128125
5.24780000239,0.128125
5.24800000239,0.1125
5.24820000239,0.1125
5.24840000239,0.096875
5.24860000239,0.128125
5.24880000239,0.1125
5.24900000239,0.1125
5.24920000239,0.1125
5.24940000239,0.096875
5.24960000239,0.1125
5.24980000239,0.1125
5.25000000239,0.128125
5.25020000239,0.128125
5.25040000239,0.1125
5.25060000239,0.1125
5.25080000239,0.128125
5.25100000239,0.1125
5.25120000239,0.128125
5.25140000239,0.128125
5.25160000239,0.1125
5.25180000239,0.1125
5.25200000239,0.128125
5.25220000239,0.1125
5.25240000239,0.128125
5.25260000239,0.128125
5.25280000239,0.128125
5.25300000239,0.128125
5.25320000239,0.1125
5.25340000239,0.1125
5.25360000239,0.1125
5.25380000239,0.1125
5.25400000239,0.128125
5.25420000239,0.1125
5.25440000239,0.1125
5.25460000239,0.1125
5.25480000239,0.128125
5.25500000239,0.128125
5.25520000239,0.128125
5.25540000239,0.128125
5.25560000239,0.128125
5.25580000239,0.128125
5.25600000239,0.128125
5.25620000239,0.128125
5.25640000239,0.14375
5.25660000239,0.1125
5.25680000239,0.128125
5.25700000239,0.128125
5.25720000239,0.128125
5.25740000239,0.1125
5.25760000239,0.14375
5.25780000239,0.1125
5.25800000239,0.128125
5.25820000239,0.1125
5.25840000239,0.1125
5.25860000239,0.128125
5.25880000239,0.1125
5.25900000239,0.1125
5.25920000239,0.1125
5.25940000239,0.1125
5.25960000239,0.1125
5.25980000239,0.128125
5.26000000239,0.1125
5.26020000239,0.128125
5.26040000239,0.128125
5.26060000239,0.1125
5.26080000239,0.128125
5.26100000239,0.128125
5.26120000239,0.14375
5.26140000239,0.128125
5.26160000239,0.14375
5.26180000239,0.128125
5.26200000239,0.128125
5.26220000239,0.128125
5.26240000239,0.128125
5.26260000239,0.128125
5.26280000239,0.128125
5.26300000239,0.128125
5.26320000239,0.128125
5.26340000239,0.128125
5.26360000239,0.1125
5.26380000239,0.14375
5.26400000239,0.128125
5.26420000239,0.14375
5.26440000239,0.128125
5.26460000239,0.14375
5.26480000239,0.14375
5.26500000239,0.128125
5.26520000239,0.14375
5.26540000239,0.128125
5.26560000239,0.1125
5.26580000239,0.1125
5.26600000239,0.128125
5.26620000239,0.1125
5.26640000239,0.128125
5.26660000239,0.128125
5.26680000239,0.128125
5.26700000239,0.128125
5.26720000239,0.128125
5.26740000239,0.128125
5.26760000239,0.14375
5.26780000239,0.14375
5.26800000239,0.14375
5.26820000239,0.128125
5.26840000239,0.14375
5.26860000239,0.128125
5.26880000239,0.1125
5.26900000239,0.128125
5.26920000239,0.128125
5.26940000239,0.14375
5.26960000239,0.128125
5.26980000239,0.128125
5.27000000239,0.14375
5.27020000239,0.128125
5.27040000239,0.128125
5.27060000239,0.128125
5.27080000239,0.128125
5.27100000239,0.14375
5.27120000239,0.128125
5.27140000239,0.128125
5.27160000239,0.128125
5.27180000239,0.14375
5.27200000239,0.159375
5.27220000239,0.128125
5.27240000239,0.128125
5.27260000239,0.14375
5.27280000239,0.128125
5.27300000239,0.128125
5.27320000239,0.14375
5.27340000239,0.128125
5.27360000239,0.14375
5.27380000239,0.14375
5.27400000239,0.128125
5.27420000239,0.14375
5.27440000239,0.128125
5.27460000239,0.14375
5.27480000239,0.128125
5.27500000239,0.14375
5.27520000239,0.14375
5.27540000239,0.14375
5.27560000239,0.128125
5.27580000239,0.14375
5.27600000239,0.128125
5.27620000239,0.14375
5.27640000239,0.14375
5.27660000239,0.128125
5.27680000239,0.14375
5.27700000239,0.128125
5.27720000239,0.14375
5.27740000239,0.14375
5.27760000239,0.128125
5.27780000239,0.14375
5.27800000239,0.128125
5.27820000239,0.14375
5.27840000239,0.14375
5.27860000239,0.128125
5.27880000239,0.14375
5.27900000239,0.14375
5.27920000239,0.14375
5.27940000239,0.14375
5.27960000239,0.128125
5.27980000239,0.14375
5.28000000239,0.159375
5.28020000239,0.128125
5.28040000239,0.14375
5.28060000239,0.14375
5.28080000239,0.128125
5.28100000239,0.128125
5.28120000239,0.14375
5.28140000239,0.14375
5.28160000239,0.14375
5.28180000239,0.128125
5.28200000239,0.14375
5.28220000239,0.14375
5.28240000239,0.14375
5.28260000239,0.14375
5.28280000239,0.14375
5.28300000239,0.159375
5.28320000239,0.14375
5.28340000239,0.14375
5.28360000239,0.128125
5.28380000239,0.14375
5.28400000239,0.14375
5.28420000239,0.14375
5.28440000239,0.14375
5.28460000239,0.14375
5.28480000239,0.14375
5.28500000239,0.14375
5.28520000239,0.14375
5.28540000239,0.128125
5.28560000239,0.128125
5.28580000239,0.14375
5.28600000239,0.14375
5.28620000239,0.14375
5.28640000239,0.159375
5.28660000239,0.14375
5.28680000239,0.128125
5.28700000239,0.14375
5.28720000239,0.14375
5.28740000239,0.159375
5.28760000239,0.14375
5.28780000239,0.14375
5.28800000239,0.14375
5.28820000239,0.14375
5.28840000239,0.14375
5.28860000239,0.14375
5.28880000239,0.159375
5.28900000239,0.14375
5.28920000239,0.14375
5.28940000239,0.159375
5.28960000239,0.14375
5.28980000239,0.14375
5.29000000239,0.14375
5.29020000239,0.14375
5.29040000239,0.14375
5.29060000239,0.14375
5.29080000239,0.159375
5.29100000239,0.128125
5.29120000239,0.14375
5.29140000239,0.159375
5.29160000239,0.14375
5.29180000239,0.14375
5.29200000239,0.14375
5.29220000239,0.14375
5.29240000239,0.14375
5.29260000239,0.14375
5.29280000239,0.159375
5.29300000239,0.14375
5.29320000239,0.14375
5.29340000239,0.14375
5.29360000239,0.14375
5.29380000239,0.159375
5.29400000239,0.14375
5.29420000239,0.159375
5.29440000239,0.159375
5.29460000239,0.14375
5.29480000239,0.159375
5.29500000239,0.14375
5.29520000239,0.14375
5.29540000239,0.159375
5.29560000239,0.14375
5.29580000239,0.159375
5.29600000239,0.159375
5.29620000239,0.159375
5.29640000239,0.159375
5.29660000239,0.14375
5.29680000239,0.159375
5.29700000239,0.14375
5.29720000239,0.159375
5.29740000239,0.159375
5.29760000239,0.159375
5.29780000239,0.159375
5.29800000239,0.159375
5.29820000239,0.14375
5.29840000239,0.159375
5.29860000239,0.175
5.29880000239,0.14375
5.29900000239,0.159375
5.29920000239,0.159375
5.29940000239,0.159375
5.29960000239,0.159375
5.29980000239,0.159375
5.30000000239,0.175
5.30020000239,0.14375
5.30040000239,0.159375
5.30060000239,0.159375
5.30080000239,0.159375
5.30100000239,0.159375
5.30120000239,0.14375
5.30140000239,0.175
5.30160000239,0.159375
5.30180000239,0.159375
5.30200000239,0.159375
5.30220000239,0.159375
5.30240000239,0.159375
5.30260000239,0.14375
5.30280000239,0.175
5.30300000239,0.159375
5.30320000239,0.175
5.30340000239,0.159375
5.30360000239,0.175
5.30380000239,0.175
5.30400000239,0.159375
5.30420000239,0.175
5.30440000239,0.159375
5.30460000239,0.159375
5.30480000239,0.159375
5.30500000239,0.159375
5.30520000239,0.159375
5.30540000239,0.175
5.30560000239,0.14375
5.30580000239,0.159375
5.30600000239,0.159375
5.30620000239,0.159375
5.30640000239,0.159375
5.30660000239,0.159375
5.30680000239,0.159375
5.30700000239,0.159375
5.30720000239,0.175
5.30740000239,0.159375
5.30760000239,0.175
5.30780000239,0.175
5.30800000239,0.159375
5.30820000239,0.175
5.30840000239,0.175
5.30860000239,0.159375
5.30880000239,0.159375
5.30900000239,0.159375
5.30920000239,0.175
5.30940000239,0.175
5.30960000239,0.175
5.30980000239,0.175
5.31000000239,0.175
5.31020000239,0.175
5.31040000239,0.159375
5.31060000239,0.175
5.31080000239,0.175
5.31100000239,0.175
5.31120000239,0.175
5.31140000239,0.175
5.31160000239,0.175
5.31180000239,0.159375
5.31200000239,0.175
5.31220000239,0.159375
5.31240000239,0.159375
5.31260000239,0.175
5.31280000239,0.175
5.31300000239,0.175
5.31320000239,0.175
5.31340000239,0.175
5.31360000239,0.175
5.31380000239,0.175
5.31400000239,0.159375
5.31420000239,0.190625
5.31440000239,0.175
5.31460000239,0.175
5.31480000239,0.175
5.31500000239,0.175
5.31520000239,0.175
5.31540000239,0.175
5.31560000239,0.175
5.31580000239,0.190625
5.31600000239,0.175
5.31620000239,0.175
5.31640000239,0.190625
5.31660000239,0.175
5.31680000239,0.175
5.31700000239,0.190625
5.31720000239,0.175
5.31740000239,0.175
5.31760000239,0.175
5.31780000239,0.190625
5.31800000239,0.175
5.31820000239,0.175
5.31840000239,0.175
5.31860000239,0.175
5.31880000239,0.190625
5.31900000239,0.190625
5.31920000239,0.190625
5.31940000239,0.175
5.31960000239,0.175
5.31980000239,0.190625
5.32000000239,0.190625
5.32020000239,0.175
5.32040000239,0.175
5.32060000239,0.190625
5.32080000239,0.175
5.32100000239,0.175
5.32120000239,0.190625
5.32140000239,0.190625
5.32160000239,0.20625
5.32180000239,0.190625
5.32200000239,0.190625
5.32220000239,0.190625
5.32240000239,0.190625
5.32260000239,0.190625
5.32280000239,0.20625
5.32300000239,0.175
5.32320000239,0.190625
5.32340000239,0.190625
5.32360000239,0.190625
5.32380000239,0.190625
5.32400000239,0.190625
5.32420000239,0.190625
5.32440000239,0.190625
5.32460000239,0.175
5.32480000239,0.190625
5.32500000239,0.190625
5.32520000239,0.190625
5.32540000239,0.190625
5.32560000239,0.175
5.32580000239,0.190625
5.32600000239,0.190625
5.32620000239,0.175
5.32640000239,0.175
5.32660000239,0.190625
5.32680000239,0.20625
5.32700000239,0.190625
5.32720000239,0.190625
5.32740000239,0.20625
5.32760000239,0.20625
5.32780000239,0.190625
5.32800000239,0.20625
5.32820000239,0.190625
5.32840000239,0.20625
5.32860000239,0.20625
5.32880000239,0.190625
5.32900000239,0.190625
5.32920000239,0.190625
5.32940000239,0.190625
5.32960000239,0.190625
5.32980000239,0.190625
5.33000000239,0.190625
5.33020000239,0.190625
5.33040000239,0.221875
5.33060000239,0.20625
5.33080000239,0.190625
5.33100000239,0.190625
5.33120000239,0.20625
5.33140000239,0.190625
5.33160000239,0.20625
5.33180000239,0.190625
5.33200000239,0.20625
5.33220000239,0.20625
5.33240000239,0.190625
5.33260000239,0.190625
5.33280000239,0.190625
5.33300000239,0.20625
5.33320000239,0.190625
5.33340000239,0.190625
5.33360000239,0.20625
5.33380000239,0.190625
5.33400000239,0.20625
5.33420000239,0.190625
5.33440000239,0.20625
5.33460000239,0.20625
5.33480000239,0.20625
5.33500000239,0.190625
5.33520000239,0.20625
5.33540000239,0.20625
5.33560000239,0.20625
5.33580000239,0.20625
5.33600000239,0.20625
5.33620000239,0.20625
5.33640000239,0.20625
5.33660000239,0.190625
5.33680000239,0.221875
5.33700000239,0.20625
5.33720000239,0.190625
5.33740000239,0.20625
5.33760000239,0.190625
5.33780000239,0.221875
5.33800000239,0.221875
5.33820000239,0.20625
5.33840000239,0.20625
5.33860000239,0.20625
5.33880000239,0.221875
5.33900000239,0.20625
5.33920000239,0.20625
5.33940000239,0.20625
5.33960000239,0.20625
5.33980000239,0.20625
5.34000000239,0.221875
5.34020000239,0.221875
5.34040000239,0.20625
5.34060000239,0.221875
5.34080000239,0.221875
5.34100000239,0.221875
5.34120000239,0.221875
5.34140000239,0.20625
5.34160000239,0.221875
5.34180000239,0.20625
5.34200000239,0.221875
5.34220000239,0.221875
5.34240000239,0.221875
5.34260000239,0.221875
5.34280000239,0.20625
5.34300000239,0.221875
5.34320000239,0.20625
5.34340000239,0.221875
5.34360000239,0.221875
5.34380000239,0.221875
5.34400000239,0.20625
5.34420000239,0.221875
5.34440000239,0.221875
5.34460000239,0.20625
5.34480000239,0.221875
5.34500000239,0.221875
5.34520000239,0.221875
5.34540000239,0.221875
5.34560000239,0.20625
5.34580000239,0.20625
5.34600000239,0.20625
5.34620000239,0.20625
5.34640000239,0.20625
5.34660000239,0.221875
5.34680000239,0.221875
5.34700000239,0.221875
5.34720000239,0.20625
5.34740000239,0.221875
5.34760000239,0.20625
5.34780000239,0.20625
5.34800000239,0.221875
5.34820000239,0.20625
5.34840000239,0.221875
5.34860000239,0.20625
5.34880000239,0.20625
5.34900000239,0.221875
5.34920000239,0.20625
5.34940000239,0.2375
5.34960000239,0.20625
5.34980000239,0.221875
5.35000000239,0.20625
5.35020000239,0.2375
5.35040000239,0.221875
5.35060000239,0.221875
5.35080000239,0.221875
5.35100000239,0.2375
5.35120000239,0.2375
5.35140000239,0.221875
5.35160000239,0.221875
5.35180000239,0.221875
5.35200000239,0.2375
5.35220000239,0.221875
5.35240000239,0.221875
5.35260000239,0.221875
5.35280000239,0.221875
5.35300000239,0.2375
5.35320000239,0.2375
5.35340000239,0.2375
5.35360000239,0.2375
5.35380000239,0.20625
5.35400000239,0.221875
5.35420000239,0.221875
5.35440000239,0.2375
5.35460000239,0.221875
5.35480000239,0.221875
5.35500000239,0.2375
5.35520000239,0.2375
5.35540000239,0.2375
5.35560000239,0.221875
5.35580000239,0.253125
5.35600000239,0.221875
5.35620000239,0.2375
5.35640000239,0.2375
5.35660000239,0.2375
5.35680000239,0.221875
5.35700000239,0.253125
5.35720000239,0.2375
5.35740000239,0.221875
5.35760000239,0.2375
5.35780000239,0.2375
5.35800000239,0.253125
5.35820000239,0.221875
5.35840000239,0.253125
5.35860000239,0.2375
5.35880000239,0.221875
5.35900000239,0.221875
5.35920000239,0.253125
5.35940000239,0.221875
5.35960000239,0.2375
5.35980000239,0.2375
5.36000000239,0.253125
5.36020000239,0.2375
5.36040000239,0.2375
5.36060000239,0.253125
5.36080000239,0.2375
5.36100000239,0.2375
5.36120000239,0.2375
5.36140000239,0.221875
5.36160000239,0.2375
5.36180000239,0.2375
5.36200000239,0.253125
5.36220000239,0.253125
5.36240000239,0.253125
5.36260000239,0.2375
5.36280000239,0.2375
5.36300000239,0.253125
5.36320000239,0.253125
5.36340000239,0.2375
5.36360000239,0.2375
5.36380000239,0.2375
5.36400000239,0.2375
5.36420000239,0.2375
5.36440000239,0.26875
5.36460000239,0.2375
5.36480000239,0.2375
5.36500000239,0.2375
5.36520000239,0.253125
5.36540000239,0.2375
5.36560000239,0.26875
5.36580000239,0.2375
5.36600000239,0.253125
5.36620000239,0.2375
5.36640000239,0.2375
5.36660000239,0.253125
5.36680000239,0.2375
5.36700000239,0.2375
5.36720000239,0.2375
5.36740000239,0.2375
5.36760000239,0.253125
5.36780000239,0.2375
5.36800000239,0.26875
5.36820000239,0.2375
5.36840000239,0.253125
5.36860000239,0.253125
5.36880000239,0.2375
5.36900000239,0.253125
5.36920000239,0.26875
5.36940000239,0.253125
5.36960000239,0.253125
5.36980000239,0.2375
5.37000000239,0.253125
5.37020000239,0.253125
5.37040000239,0.253125
5.37060000239,0.253125
5.37080000239,0.2375
5.37100000239,0.26875
5.37120000239,0.253125
5.37140000239,0.253125
5.37160000239,0.253125
5.37180000239,0.253125
5.37200000239,0.26875
5.37220000239,0.253125
5.37240000239,0.26875
5.37260000239,0.253125
5.37280000239,0.26875
5.37300000239,0.2375
5.37320000239,0.253125
5.37340000239,0.26875
5.37360000239,0.253125
5.37380000239,0.253125
5.37400000239,0.253125
5.37420000239,0.26875
5.37440000239,0.253125
5.37460000239,0.253125
5.37480000239,0.253125
5.37500000239,0.253125
5.37520000239,0.26875
5.37540000239,0.253125
5.37560000239,0.253125
5.37580000239,0.26875
5.37600000239,0.26875
5.37620000239,0.253125
5.37640000239,0.26875
5.37660000239,0.253125
5.37680000239,0.253125
5.37700000239,0.26875
5.37720000239,0.253125
5.37740000239,0.26875
5.37760000239,0.26875
5.37780000239,0.26875
5.37800000239,0.26875
5.37820000239,0.253125
5.37840000239,0.26875
5.37860000239,0.26875
5.37880000239,0.26875
5.37900000239,0.253125
5.37920000239,0.253125
5.37940000239,0.253125
5.37960000239,0.26875
5.37980000239,0.253125
5.38000000239,0.26875
5.38020000239,0.26875
5.38040000239,0.26875
5.38060000239,0.26875
5.38080000239,0.26875
5.38100000239,0.26875
5.38120000239,0.26875
5.38140000239,0.26875
5.38160000239,0.26875
5.38180000239,0.26875
5.38200000239,0.26875
5.38220000239,0.26875
5.38240000239,0.26875
5.38260000239,0.26875
5.38280000239,0.26875
5.38300000239,0.26875
5.38320000239,0.26875
5.38340000239,0.253125
5.38360000239,0.26875
5.38380000239,0.26875
5.38400000239,0.26875
5.38420000239,0.26875
5.38440000239,0.26875
5.38460000239,0.26875
5.38480000239,0.284375
5.38500000239,0.284375
5.38520000239,0.284375
5.38540000239,0.26875
5.38560000239,0.284375
5.38580000239,0.26875
5.38600000239,0.26875
5.38620000239,0.26875
5.38640000239,0.26875
5.38660000239,0.284375
5.38680000239,0.26875
5.38700000239,0.26875
5.38720000239,0.26875
5.38740000239,0.284375
5.38760000239,0.284375
5.38780000239,0.26875
5.38800000239,0.284375
5.38820000239,0.26875
5.38840000239,0.284375
5.38860000239,0.26875
5.38880000239,0.284375
5.38900000239,0.284375
5.38920000239,0.284375
5.38940000239,0.284375
5.38960000239,0.26875
5.38980000239,0.26875
5.39000000239,0.26875
5.39020000239,0.26875
5.39040000239,0.284375
5.39060000239,0.284375
5.39080000239,0.284375
5.39100000239,0.26875
5.39120000239,0.284375
5.39140000239,0.284375
5.39160000239,0.284375
5.39180000239,0.284375
5.39200000239,0.26875
5.39220000239,0.284375
5.39240000239,0.3
5.39260000239,0.26875
5.39280000239,0.284375
5.39300000239,0.284375
5.39320000239,0.284375
5.39340000239,0.284375
5.39360000239,0.284375
5.39380000239,0.3
5.39400000239,0.26875
5.39420000239,0.284375
5.39440000239,0.3
5.39460000239,0.26875
5.39480000239,0.284375
5.39500000239,0.26875
5.39520000239,0.284375
5.39540000239,0.3
5.39560000239,0.284375
5.39580000239,0.284375
5.39600000239,0.284375
5.39620000239,0.284375
5.39640000239,0.3
5.39660000239,0.284375
5.39680000239,0.284375
5.39700000239,0.284375
5.39720000239,0.3
5.39740000239,0.3
5.39760000239,0.284375
5.39780000239,0.284375
5.39800000239,0.3
5.39820000239,0.26875
5.39840000239,0.284375
5.39860000239,0.3
5.39880000239,0.284375
5.39900000239,0.3
5.39920000239,0.284375
5.39940000239,0.284375
5.39960000239,0.284375
5.39980000239,0.3
5.40000000239,0.3
5.40020000239,0.3
5.40040000239,0.3
5.40060000239,0.284375
5.40080000239,0.3
5.40100000239,0.284375
5.40120000239,0.3
5.40140000239,0.3
5.40160000239,0.3
5.40180000239,0.3
5.40200000239,0.3
5.40220000239,0.3
5.40240000239,0.3
5.40260000239,0.3
5.40280000239,0.284375
5.40300000239,0.284375
5.40320000239,0.3
5.40340000239,0.3
5.40360000239,0.3
5.40380000239,0.3
5.40400000239,0.3
5.40420000239,0.3
5.40440000239,0.315625
5.40460000239,0.3
5.40480000239,0.3
5.40500000239,0.3
5.40520000239,0.3
5.40540000239,0.3
5.40560000239,0.3
5.40580000239,0.3
5.40600000239,0.284375
5.40620000239,0.315625
5.40640000239,0.3
5.40660000239,0.3
5.40680000239,0.3
5.40700000239,0.315625
5.40720000239,0.3
5.40740000239,0.284375
5.40760000239,0.3
5.40780000239,0.3
5.40800000239,0.3
5.40820000239,0.315625
5.40840000239,0.3
5.40860000239,0.3
5.40880000239,0.3
5.40900000239,0.3
5.40920000239,0.315625
5.40940000239,0.3
5.40960000239,0.3
5.40980000239,0.315625
5.41000000239,0.315625
5.41020000239,0.3
5.41040000239,0.3
5.41060000239,0.3
5.41080000239,0.3
5.41100000239,0.315625
5.41120000239,0.315625
5.41140000239,0.3
5.41160000239,0.315625
5.41180000239,0.315625
5.41200000239,0.315625
5.41220000239,0.3
5.41240000239,0.315625
5.41260000239,0.315625
5.41280000239,0.315625
5.41300000239,0.315625
5.41320000239,0.315625
5.41340000239,0.3
5.41360000239,0.315625
5.41380000239,0.315625
5.41400000239,0.315625
5.41420000239,0.315625
5.41440000239,0.315625
5.41460000239,0.315625
5.41480000239,0.3
5.41500000239,0.3
5.41520000239,0.315625
5.41540000239,0.3
5.41560000239,0.315625
5.41580000239,0.315625
5.41600000239,0.315625
5.41620000239,0.315625
5.41640000239,0.315625
5.41660000239,0.3
5.41680000239,0.315625
5.41700000239,0.315625
5.41720000239,0.3
5.41740000239,0.3
5.41760000239,0.315625
5.41780000239,0.315625
5.41800000239,0.315625
5.41820000239,0.315625
5.41840000239,0.315625
5.41860000239,0.315625
5.41880000239,0.315625
5.41900000239,0.315625
5.41920000239,0.33125
5.41940000239,0.315625
5.41960000239,0.33125
5.41980000239,0.3
5.42000000239,0.315625
5.42020000239,0.315625
5.42040000239,0.315625
5.42060000239,0.315625
5.42080000239,0.315625
5.42100000239,0.315625
5.42120000239,0.33125
5.42140000239,0.33125
5.42160000239,0.315625
5.42180000239,0.315625
5.42200000239,0.315625
5.42220000239,0.315625
5.42240000239,0.315625
5.42260000239,0.315625
5.42280000239,0.315625
5.42300000239,0.315625
5.42320000239,0.315625
5.42340000239,0.33125
5.42360000239,0.33125
5.42380000239,0.315625
5.42400000239,0.315625
5.42420000239,0.33125
5.42440000239,0.315625
5.42460000239,0.315625
5.42480000239,0.315625
5.42500000239,0.315625
5.42520000239,0.315625
5.42540000239,0.33125
5.42560000239,0.315625
5.42580000239,0.33125
5.42600000239,0.315625
5.42620000239,0.315625
5.42640000239,0.315625
5.42660000239,0.33125
5.42680000239,0.315625
5.42700000239,0.315625
5.42720000239,0.33125
5.42740000239,0.315625
5.42760000239,0.33125
5.42780000239,0.3
5.42800000239,0.315625
5.42820000239,0.33125
5.42840000239,0.315625
5.42860000239,0.346875
5.42880000239,0.315625
5.42900000239,0.33125
5.42920000239,0.315625
5.42940000239,0.33125
5.42960000239,0.315625
5.42980000239,0.33125
5.43000000239,0.33125
5.43020000239,0.33125
5.43040000239,0.315625
5.43060000239,0.315625
5.43080000239,0.33125
5.43100000239,0.33125
5.43120000239,0.33125
5.43140000239,0.315625
5.43160000239,0.33125
5.43180000239,0.33125
5.43200000239,0.346875
5.43220000239,0.33125
5.43240000239,0.33125
5.43260000239,0.33125
5.43280000239,0.346875
5.43300000239,0.33125
5.43320000239,0.346875
5.43340000239,0.33125
5.43360000239,0.33125
5.43380000239,0.33125
5.43400000239,0.33125
5.43420000239,0.33125
5.43440000239,0.346875
5.43460000239,0.346875
5.43480000239,0.33125
5.43500000239,0.33125
5.43520000239,0.33125
5.43540000239,0.33125
5.43560000239,0.346875
5.43580000239,0.346875
5.43600000239,0.33125
5.43620000239,0.33125
5.43640000239,0.33125
5.43660000239,0.346875
5.43680000239,0.315625
5.43700000239,0.33125
5.43720000239,0.33125
5.43740000239,0.315625
5.43760000239,0.33125
5.43780000239,0.346875
5.43800000239,0.33125
5.43820000239,0.346875
5.43840000239,0.346875
5.43860000239,0.33125
5.43880000239,0.33125
5.43900000239,0.346875
5.43920000239,0.33125
5.43940000239,0.33125
5.43960000239,0.33125
5.43980000239,0.33125
5.44000000239,0.33125
5.44020000239,0.346875
5.44040000239,0.346875
5.44060000239,0.346875
5.44080000239,0.346875
5.44100000239,0.33125
5.44120000239,0.346875
5.44140000239,0.346875
5.44160000239,0.346875
5.44180000239,0.346875
5.44200000239,0.346875
5.44220000239,0.346875
5.44240000239,0.346875
5.44260000239,0.33125
5.44280000239,0.346875
5.44300000239,0.346875
5.44320000239,0.346875
5.44340000239,0.33125
5.44360000239,0.33125
5.44380000239,0.33125
5.44400000239,0.346875
5.44420000239,0.346875
5.44440000239,0.346875
5.44460000239,0.346875
5.44480000239,0.346875
5.44500000239,0.33125
5.44520000239,0.33125
5.44540000239,0.33125
5.44560000239,0.346875
5.44580000239,0.346875
5.44600000239,0.346875
5.44620000239,0.3625
5.44640000239,0.346875
5.44660000239,0.346875
5.44680000239,0.346875
5.44700000239,0.346875
5.44720000239,0.346875
5.44740000239,0.346875
5.44760000239,0.346875
5.44780000239,0.346875
5.44800000239,0.33125
5.44820000239,0.346875
5.44840000239,0.346875
5.44860000239,0.346875
5.44880000239,0.346875
5.44900000239,0.3625
5.44920000239,0.346875
5.44940000239,0.346875
5.44960000239,0.346875
5.44980000239,0.346875
5.45000000239,0.346875
5.45020000239,0.346875
5.45040000239,0.346875
5.45060000239,0.346875
5.45080000239,0.346875
5.45100000239,0.346875
5.45120000239,0.33125
5.45140000239,0.3625
5.45160000239,0.346875
5.45180000239,0.3625
5.45200000239,0.33125
5.45220000239,0.346875
5.45240000239,0.346875
5.45260000239,0.3625
5.45280000239,0.346875
5.45300000239,0.3625
5.45320000239,0.33125
5.45340000239,0.346875
5.45360000239,0.3625
5.45380000239,0.346875
5.45400000239,0.346875
5.45420000239,0.346875
5.45440000239,0.346875
5.45460000239,0.3625
5.45480000239,0.3625
5.45500000239,0.3625
5.45520000239,0.346875
5.45540000239,0.3625
5.45560000239,0.346875
5.45580000239,0.346875
5.45600000239,0.3625
5.45620000239,0.346875
5.45640000239,0.346875
5.45660000239,0.3625
5.45680000239,0.3625
5.45700000239,0.346875
5.45720000239,0.3625
5.45740000239,0.3625
5.45760000239,0.346875
5.45780000239,0.346875
5.45800000239,0.346875
5.45820000239,0.346875
5.45840000239,0.346875
5.45860000239,0.346875
5.45880000239,0.3625
5.45900000239,0.346875
5.45920000239,0.3625
5.45940000239,0.346875
5.45960000239,0.3625
5.45980000239,0.3625
5.46000000239,0.3625
5.46020000239,0.3625
5.46040000239,0.346875
5.46060000239,0.3625
5.46080000239,0.346875
5.46100000239,0.3625
5.46120000239,0.3625
5.46140000239,0.346875
5.46160000239,0.3625
5.46180000239,0.346875
5.46200000239,0.346875
5.46220000239,0.346875
5.46240000239,0.346875
5.46260000239,0.346875
5.46280000239,0.3625
5.46300000239,0.3625
5.46320000239,0.378125
5.46340000239,0.3625
5.46360000239,0.3625
5.46380000239,0.3625
5.46400000239,0.346875
5.46420000239,0.3625
5.46440000239,0.3625
5.46460000239,0.346875
5.46480000239,0.346875
5.46500000239,0.346875
5.46520000239,0.3625
5.46540000239,0.3625
5.46560000239,0.3625
5.46580000239,0.3625
5.46600000239,0.3625
5.46620000239,0.3625
5.46640000239,0.3625
5.46660000239,0.3625
5.46680000239,0.3625
5.46700000239,0.346875
5.46720000239,0.3625
5.46740000239,0.378125
5.46760000239,0.346875
5.46780000239,0.3625
5.46800000239,0.378125
5.46820000239,0.378125
5.46840000239,0.378125
5.46860000239,0.3625
5.46880000239,0.346875
5.46900000239,0.3625
5.46920000239,0.3625
5.46940000239,0.378125
5.46960000239,0.378125
5.46980000239,0.3625
5.47000000239,0.3625
5.47020000239,0.3625
5.47040000239,0.3625
5.47060000239,0.378125
5.47080000239,0.3625
5.47100000239,0.3625
5.47120000239,0.3625
5.47140000239,0.3625
5.47160000239,0.3625
5.47180000239,0.3625
5.47200000239,0.3625
5.47220000239,0.378125
5.47240000239,0.378125
5.47260000239,0.378125
5.47280000239,0.378125
5.47300000239,0.3625
5.47320000239,0.378125
5.47340000239,0.3625
5.47360000239,0.3625
5.47380000239,0.378125
5.47400000239,0.3625
5.47420000239,0.3625
5.47440000239,0.39375
5.47460000239,0.378125
5.47480000239,0.378125
5.47500000239,0.3625
5.47520000239,0.3625
5.47540000239,0.39375
5.47560000239,0.378125
5.47580000239,0.378125
5.47600000239,0.378125
5.47620000239,0.378125
5.47640000239,0.39375
5.47660000239,0.378125
5.47680000239,0.3625
5.47700000239,0.3625
5.47720000239,0.378125
5.47740000239,0.3625
5.47760000239,0.3625
5.47780000239,0.378125
5.47800000239,0.3625
5.47820000239,0.378125
5.47840000239,0.378125
5.47860000239,0.3625
5.47880000239,0.378125
5.47900000239,0.378125
5.47920000239,0.378125
5.47940000239,0.3625
5.47960000239,0.378125
5.47980000239,0.378125
5.48000000239,0.378125
5.48020000239,0.378125
5.48040000239,0.378125
5.48060000239,0.378125
5.48080000239,0.378125
5.48100000239,0.39375
5.48120000239,0.378125
5.48140000239,0.378125
5.48160000239,0.378125
5.48180000239,0.378125
5.48200000239,0.378125
5.48220000239,0.378125
5.48240000239,0.378125
5.48260000239,0.39375
5.48280000239,0.378125
5.48300000239,0.378125
5.48320000239,0.378125
5.48340000239,0.378125
5.48360000239,0.378125
5.48380000239,0.378125
5.48400000239,0.39375
5.48420000239,0.39375
5.48440000239,0.378125
5.48460000239,0.39375
5.48480000239,0.3625
5.48500000239,0.39375
5.48520000239,0.39375
5.48540000239,0.378125
5.48560000239,0.378125
5.48580000239,0.39375
5.48600000239,0.39375
5.48620000239,0.39375
5.48640000239,0.39375
5.48660000239,0.378125
5.48680000239,0.378125
5.48700000239,0.39375
5.48720000239,0.409375
5.48740000239,0.39375
5.48760000239,0.39375
5.48780000239,0.39375
5.48800000239,0.39375
5.48820000239,0.39375
5.48840000239,0.378125
5.48860000239,0.378125
5.48880000239,0.39375
5.48900000239,0.39375
5.48920000239,0.39375
5.48940000239,0.39375
5.48960000239,0.409375
5.48980000239,0.39375
5.49000000239,0.39375
5.49020000239,0.39375
5.49040000239,0.378125
5.49060000239,0.39375
5.49080000239,0.39375
5.49100000239,0.409375
5.49120000239,0.39375
5.49140000239,0.378125
5.49160000239,0.409375
5.49180000239,0.39375
5.49200000239,0.409375
5.49220000239,0.409375
5.49240000239,0.409375
5.49260000239,0.39375
5.49280000239,0.39375
5.49300000239,0.409375
5.49320000239,0.39375
5.49340000239,0.378125
5.49360000239,0.409375
5.49380000239,0.409375
5.49400000239,0.39375
5.49420000239,0.409375
5.49440000239,0.39375
5.49460000239,0.409375
5.49480000239,0.409375
5.49500000239,0.409375
5.49520000239,0.409375
5.49540000239,0.409375
5.49560000239,0.39375
5.49580000239,0.39375
5.49600000239,0.409375
5.49620000239,0.409375
5.49640000239,0.409375
5.49660000239,0.409375
5.49680000239,0.409375
5.49700000239,0.409375
5.49720000239,0.409375
5.49740000239,0.425
5.49760000239,0.409375
5.49780000239,0.409375
5.49800000239,0.409375
5.49820000239,0.425
5.49840000239,0.409375
5.49860000239,0.409375
5.49880000239,0.409375
5.49900000239,0.425
5.49920000239,0.409375
5.49940000239,0.425
5.49960000239,0.409375
5.49980000239,0.425
5.50000000239,0.409375
5.50020000239,0.425
5.50040000239,0.409375
5.50060000239,0.425
5.50080000239,0.425
5.50100000239,0.409375
5.50120000239,0.425
5.50140000239,0.39375
5.50160000239,0.409375
5.50180000239,0.425
5.50200000239,0.409375
5.50220000239,0.425
5.50240000239,0.425
5.50260000239,0.425
5.50280000239,0.409375
5.50300000239,0.409375
5.50320000239,0.425
5.50340000239,0.425
5.50360000239,0.425
5.50380000239,0.425
5.50400000239,0.425
5.50420000239,0.440625
5.50440000239,0.425
5.50460000239,0.409375
5.50480000239,0.440625
5.50500000239,0.425
5.50520000239,0.425
5.50540000239,0.425
5.50560000239,0.425
5.50580000239,0.425
5.50600000239,0.440625
5.50620000239,0.425
5.50640000239,0.440625
5.50660000239,0.440625
5.50680000239,0.440625
5.50700000239,0.425
5.50720000239,0.425
5.50740000239,0.440625
5.50760000239,0.440625
5.50780000239,0.440625
5.50800000239,0.440625
5.50820000239,0.425
5.50840000239,0.440625
5.50860000239,0.440625
5.50880000239,0.440625
5.50900000239,0.425
5.50920000239,0.440625
5.50940000239,0.440625
5.50960000239,0.425
5.50980000239,0.425
5.51000000239,0.425
5.51020000239,0.440625
5.51040000239,0.440625
5.51060000239,0.440625
5.51080000239,0.440625
5.51100000239,0.440625
5.51120000239,0.440625
5.51140000239,0.425
5.51160000239,0.440625
5.51180000239,0.440625
5.51200000239,0.440625
5.51220000239,0.440625
5.51240000239,0.440625
5.51260000239,0.440625
5.51280000239,0.440625
5.51300000239,0.440625
5.51320000239,0.440625
5.51340000239,0.440625
5.51360000239,0.440625
5.51380000239,0.440625
5.51400000239,0.440625
5.51420000239,0.45625
5.51440000239,0.45625
5.51460000239,0.440625
5.51480000239,0.45625
5.51500000239,0.45625
5.51520000239,0.45625
5.51540000239,0.45625
5.51560000239,0.45625
5.51580000239,0.45625
5.51600000239,0.45625
5.51620000239,0.440625
5.51640000239,0.45625
5.51660000239,0.45625
5.51680000239,0.45625
5.51700000239,0.440625
5.51720000239,0.45625
5.51740000239,0.45625
5.51760000239,0.440625
5.51780000239,0.45625
5.51800000239,0.45625
5.51820000239,0.45625
5.51840000239,0.471875
5.51860000239,0.471875
5.51880000239,0.45625
5.51900000239,0.45625
5.51920000239,0.471875
5.51940000239,0.45625
5.51960000239,0.471875
5.51980000239,0.45625
5.52000000239,0.471875
5.52020000239,0.45625
5.52040000239,0.45625
5.52060000239,0.471875
5.52080000239,0.45625
5.52100000239,0.471875
5.52120000239,0.45625
5.52140000239,0.471875
5.52160000239,0.4875
5.52180000239,0.471875
5.52200000239,0.471875
5.52220000239,0.471875
5.52240000239,0.471875
5.52260000239,0.471875
5.52280000239,0.471875
5.52300000239,0.4875
5.52320000239,0.471875
5.52340000239,0.471875
5.52360000239,0.4875
5.52380000239,0.471875
5.52400000239,0.4875
5.52420000239,0.503125
5.52440000239,0.4875
5.52460000239,0.471875
5.52480000239,0.4875
5.52500000239,0.4875
5.52520000239,0.471875
5.52540000239,0.4875
5.52560000239,0.4875
5.52580000239,0.4875
5.52600000239,0.4875
5.52620000239,0.4875
5.52640000239,0.471875
5.52660000239,0.471875
5.52680000239,0.4875
5.52700000239,0.4875
5.52720000239,0.4875
5.52740000239,0.4875
5.52760000239,0.4875
5.52780000239,0.471875
5.52800000239,0.4875
5.52820000239,0.503125
5.52840000239,0.4875
5.52860000239,0.471875
5.52880000239,0.4875
5.52900000239,0.4875
5.52920000239,0.4875
5.52940000239,0.4875
5.52960000239,0.4875
5.52980000239,0.4875
5.53000000239,0.503125
5.53020000239,0.4875
5.53040000239,0.503125
5.53060000239,0.503125
5.53080000239,0.503125
5.53100000239,0.503125
5.53120000239,0.503125
5.53140000239,0.4875
5.53160000239,0.51875
5.53180000239,0.4875
5.53200000239,0.503125
5.53220000239,0.503125
5.53240000239,0.51875
5.53260000239,0.503125
5.53280000239,0.4875
5.53300000239,0.51875
5.53320000239,0.503125
5.53340000239,0.4875
5.53360000239,0.51875
5.53380000239,0.4875
5.53400000239,0.503125
5.53420000239,0.503125
5.53440000239,0.503125
5.53460000239,0.503125
5.53480000239,0.503125
5.53500000239,0.4875
5.53520000239,0.503125
5.53540000239,0.503125
5.53560000239,0.51875
5.53580000239,0.51875
5.53600000239,0.4875
5.53620000239,0.51875
5.53640000239,0.51875
5.53660000239,0.503125
5.53680000239,0.51875
5.53700000239,0.51875
5.53720000239,0.51875
5.53740000239,0.51875
5.53760000239,0.51875
5.53780000239,0.51875
5.53800000239,0.51875
5.53820000239,0.51875
5.53840000239,0.534375
5.53860000239,0.534375
5.53880000239,0.503125
5.53900000239,0.534375
5.53920000239,0.534375
5.53940000239,0.51875
5.53960000239,0.51875
5.53980000239,0.534375
5.54000000239,0.51875
5.54020000239,0.51875
5.54040000239,0.51875
5.54060000239,0.534375
5.54080000239,0.534375
5.54100000239,0.534375
5.54120000239,0.51875
5.54140000239,0.51875
5.54160000239,0.51875
5.54180000239,0.51875
5.54200000239,0.534375
5.54220000239,0.51875
5.54240000239,0.55
5.54260000239,0.534375
5.54280000239,0.534375
5.54300000239,0.55
5.54320000239,0.51875
5.54340000239,0.534375
5.54360000239,0.534375
5.54380000239,0.55
5.54400000239,0.534375
5.54420000239,0.55
5.54440000239,0.534375
5.54460000239,0.55
5.54480000239,0.55
5.54500000239,0.55
5.54520000239,0.534375
5.54540000239,0.55
5.54560000239,0.55
5.54580000239,0.565625
5.54600000239,0.55
5.54620000239,0.55
5.54640000239,0.534375
5.54660000239,0.55
5.54680000239,0.55
5.54700000239,0.534375
5.54720000239,0.55
5.54740000239,0.55
5.54760000239,0.55
5.54780000239,0.565625
5.54800000239,0.55
5.54820000239,0.565625
5.54840000239,0.55
5.54860000239,0.55
5.54880000239,0.55
5.54900000239,0.55
5.54920000239,0.565625
5.54940000239,0.565625
5.54960000239,0.534375
5.54980000239,0.565625
5.55000000239,0.565625
5.55020000239,0.565625
5.55040000239,0.55
5.55060000239,0.565625
5.55080000239,0.565625
5.55100000239,0.565625
5.55120000239,0.58125
5.55140000239,0.565625
5.55160000239,0.565625
5.55180000239,0.565625
5.55200000239,0.58125
5.55220000239,0.565625
5.55240000239,0.565625
5.55260000239,0.58125
5.55280000239,0.565625
5.55300000239,0.58125
5.55320000239,0.55
5.55340000239,0.565625
5.55360000239,0.55
5.55380000239,0.565625
5.55400000239,0.58125
5.55420000239,0.565625
5.55440000239,0.58125
5.55460000239,0.565625
5.55480000239,0.58125
5.55500000239,0.58125
5.55520000239,0.596875
5.55540000239,0.58125
5.55560000239,0.596875
5.55580000239,0.58125
5.55600000239,0.58125
5.55620000239,0.58125
5.55640000239,0.58125
5.55660000239,0.596875
5.55680000239,0.596875
5.55700000239,0.58125
5.55720000239,0.58125
5.55740000239,0.58125
5.55760000239,0.58125
5.55780000239,0.58125
5.55800000239,0.596875
5.55820000239,0.596875
5.55840000239,0.58125
5.55860000239,0.596875
5.55880000239,0.58125
5.55900000239,0.596875
5.55920000239,0.596875
5.55940000239,0.596875
5.55960000239,0.596875
5.55980000239,0.6125
5.56000000239,0.596875
5.56020000239,0.596875
5.56040000239,0.596875
5.56060000239,0.6125
5.56080000239,0.596875
5.56100000239,0.596875
5.56120000239,0.596875
5.56140000239,0.628125
5.56160000239,0.6125
5.56180000239,0.596875
5.56200000239,0.596875
5.56220000239,0.6125
5.56240000239,0.6125
5.56260000239,0.6125
5.56280000239,0.6125
5.56300000239,0.6125
5.56320000239,0.6125
5.56340000239,0.596875
5.56360000239,0.628125
5.56380000239,0.6125
5.56400000239,0.628125
5.56420000239,0.628125
5.56440000239,0.628125
5.56460000239,0.6125
5.56480000239,0.6125
5.56500000239,0.628125
5.56520000239,0.628125
5.56540000239,0.6125
5.56560000239,0.6125
5.56580000239,0.6125
5.56600000239,0.628125
5.56620000239,0.628125
5.56640000239,0.6125
5.56660000239,0.628125
5.56680000239,0.596875
5.56700000239,0.64375
5.56720000239,0.628125
5.56740000239,0.64375
5.56760000239,0.628125
5.56780000239,0.64375
5.56800000239,0.64375
5.56820000239,0.64375
5.56840000239,0.64375
5.56860000239,0.64375
5.56880000239,0.64375
5.56900000239,0.628125
5.56920000239,0.64375
5.56940000239,0.64375
5.56960000239,0.64375
5.56980000239,0.64375
5.57000000239,0.64375
5.57020000239,0.64375
5.57040000239,0.64375
5.57060000239,0.64375
5.57080000239,0.659375
5.57100000239,0.64375
5.57120000239,0.64375
5.57140000239,0.64375
5.57160000239,0.659375
5.57180000239,0.64375
5.57200000239,0.659375
5.57220000239,0.659375
5.57240000239,0.659375
5.57260000239,0.659375
5.57280000239,0.659375
5.57300000239,0.659375
5.57320000239,0.64375
5.57340000239,0.659375
5.57360000239,0.659375
5.57380000239,0.659375
5.57400000239,0.675
5.57420000239,0.675
5.57440000239,0.675
5.57460000239,0.675
5.57480000239,0.675
5.57500000239,0.675
5.57520000239,0.675
5.57540000239,0.675
5.57560000239,0.675
5.57580000239,0.675
5.57600000239,0.675
5.57620000239,0.690625
5.57640000239,0.675
5.57660000239,0.675
5.57680000239,0.675
5.57700000239,0.690625
5.57720000239,0.675
5.57740000239,0.675
5.57760000239,0.690625
5.57780000239,0.690625
5.57800000239,0.690625
5.57820000239,0.675
5.57840000239,0.690625
5.57860000239,0.690625
5.57880000239,0.675
5.57900000239,0.70625
5.57920000239,0.690625
5.57940000239,0.70625
5.57960000239,0.690625
5.57980000239,0.70625
5.58000000239,0.690625
5.58020000239,0.690625
5.58040000239,0.690625
5.58060000239,0.690625
5.58080000239,0.70625
5.58100000239,0.690625
5.58120000239,0.70625
5.58140000239,0.70625
5.58160000239,0.721875
5.58180000239,0.690625
5.58200000239,0.70625
5.58220000239,0.70625
5.58240000239,0.721875
5.58260000239,0.70625
5.58280000239,0.721875
5.58300000239,0.70625
5.58320000239,0.721875
5.58340000239,0.7375
5.58360000239,0.721875
5.58380000239,0.70625
5.58400000239,0.721875
5.58420000239,0.721875
5.58440000239,0.70625
5.58460000239,0.721875
5.58480000239,0.7375
5.58500000239,0.721875
5.58520000239,0.721875
5.58540000239,0.7375
5.58560000239,0.721875
5.58580000239,0.7375
5.58600000239,0.7375
5.58620000239,0.721875
5.58640000239,0.721875
5.58660000239,0.721875
5.58680000239,0.7375
5.58700000239,0.721875
5.58720000239,0.721875
5.58740000239,0.7375
5.58760000239,0.7375
5.58780000239,0.7375
5.58800000239,0.7375
5.58820000239,0.753125
5.58840000239,0.7375
5.58860000239,0.7375
5.58880000239,0.7375
5.58900000239,0.7375
5.58920000239,0.753125
5.58940000239,0.753125
5.58960000239,0.753125
5.58980000239,0.76875
5.59000000239,0.753125
5.59020000239,0.76875
5.59040000239,0.76875
5.59060000239,0.76875
5.59080000239,0.753125
5.59100000239,0.753125
5.59120000239,0.753125
5.59140000239,0.753125
5.59160000239,0.753125
5.59180000239,0.753125
5.59200000239,0.76875
5.59220000239,0.753125
5.59240000239,0.76875
5.59260000239,0.76875
5.59280000239,0.76875
5.59300000239,0.753125
5.59320000239,0.76875
5.59340000239,0.76875
5.59360000239,0.76875
5.59380000239,0.76875
5.59400000239,0.76875
5.59420000239,0.76875
5.59440000239,0.784375
5.59460000239,0.784375
5.59480000239,0.784375
5.59500000239,0.76875
5.59520000239,0.784375
5.59540000239,0.784375
5.59560000239,0.76875
5.59580000239,0.784375
5.59600000239,0.784375
5.59620000239,0.76875
5.59640000239,0.784375
5.59660000239,0.784375
5.59680000239,0.76875
5.59700000239,0.76875
5.59720000239,0.784375
5.59740000239,0.784375
5.59760000239,0.784375
5.59780000239,0.784375
5.59800000239,0.784375
5.59820000239,0.784375
5.59840000239,0.784375
5.59860000239,0.784375
5.59880000239,0.8
5.59900000239,0.8
5.59920000239,0.8
5.59940000239,0.8
5.59960000239,0.8
5.59980000239,0.8
5.60000000239,0.815625
5.60020000239,0.815625
5.60040000239,0.8
5.60060000239,0.8
5.60080000239,0.815625
5.60100000239,0.815625
5.60120000239,0.8
5.60140000239,0.8
5.60160000239,0.815625
5.60180000239,0.815625
5.60200000239,0.815625
5.60220000239,0.815625
5.60240000239,0.815625
5.60260000239,0.8
5.60280000239,0.815625
5.60300000239,0.815625
5.60320000239,0.815625
5.60340000239,0.815625
5.60360000239,0.8
5.60380000239,0.815625
5.60400000239,0.815625
5.60420000239,0.815625
5.60440000239,0.815625
5.60460000239,0.815625
5.60480000239,0.8
5.60500000239,0.815625
5.60520000239,0.83125
5.60540000239,0.815625
5.60560000239,0.815625
5.60580000239,0.815625
5.60600000239,0.83125
5.60620000239,0.815625
5.60640000239,0.83125
5.60660000239,0.846875
5.60680000239,0.83125
5.60700000239,0.83125
5.60720000239,0.83125
5.60740000239,0.815625
5.60760000239,0.83125
5.60780000239,0.83125
5.60800000239,0.83125
5.60820000239,0.846875
5.60840000239,0.83125
5.60860000239,0.846875
5.60880000239,0.83125
5.60900000239,0.8625
5.60920000239,0.846875
5.60940000239,0.846875
5.60960000239,0.846875
5.60980000239,0.846875
5.61000000239,0.83125
5.61020000239,0.8625
5.61040000239,0.846875
5.61060000239,0.8625
5.61080000239,0.846875
5.61100000239,0.8625
5.61120000239,0.8625
5.61140000239,0.846875
5.61160000239,0.846875
5.61180000239,0.846875
5.61200000239,0.8625
5.61220000239,0.846875
5.61240000239,0.8625
5.61260000239,0.8625
5.61280000239,0.878125
5.61300000239,0.878125
5.61320000239,0.846875
5.61340000239,0.846875
5.61360000239,0.8625
5.61380000239,0.8625
5.61400000239,0.8625
5.61420000239,0.8625
5.61440000239,0.83125
5.61460000239,0.846875
5.61480000239,0.878125
5.61500000239,0.878125
5.61520000239,0.8625
5.61540000239,0.878125
5.61560000239,0.878125
5.61580000239,0.878125
5.61600000239,0.878125
5.61620000239,0.878125
5.61640000239,0.878125
5.61660000239,0.878125
5.61680000239,0.8625
5.61700000239,0.8625
5.61720000239,0.878125
5.61740000239,0.878125
5.61760000239,0.878125
5.61780000239,0.878125
5.61800000239,0.8625
5.61820000239,0.878125
5.61840000239,0.89375
5.61860000239,0.878125
5.61880000239,0.878125
5.61900000239,0.878125
5.61920000239,0.878125
5.61940000239,0.89375
5.61960000239,0.89375
5.61980000239,0.909375
5.62000000239,0.89375
5.62020000239,0.89375
5.62040000239,0.89375
5.62060000239,0.89375
5.62080000239,0.909375
5.62100000239,0.909375
5.62120000239,0.89375
5.62140000239,0.89375
5.62160000239,0.89375
5.62180000239,0.909375
5.62200000239,0.909375
5.62220000239,0.909375
5.62240000239,0.909375
5.62260000239,0.909375
5.62280000239,0.89375
5.62300000239,0.89375
5.62320000239,0.909375
5.62340000239,0.89375
5.62360000239,0.89375
5.62380000239,0.89375
5.62400000239,0.909375
5.62420000239,0.909375
5.62440000239,0.909375
5.62460000239,0.909375
5.62480000239,0.925
5.62500000239,0.925
5.62520000239,0.909375
5.62540000239,0.909375
5.62560000239,0.909375
5.62580000239,0.925
5.62600000239,0.909375
5.62620000239,0.909375
5.62640000239,0.925
5.62660000239,0.925
5.62680000239,0.925
5.62700000239,0.909375
5.62720000239,0.940625
5.62740000239,0.940625
5.62760000239,0.925
5.62780000239,0.940625
5.62800000239,0.925
5.62820000239,0.925
5.62840000239,0.925
5.62860000239,0.925
5.62880000239,0.940625
5.62900000239,0.940625
5.62920000239,0.940625
5.62940000239,0.940625
5.62960000239,0.940625
5.62980000239,0.940625
5.63000000239,0.925
5.63020000239,0.940625
5.63040000239,0.940625
5.63060000239,0.940625
5.63080000239,0.940625
5.63100000239,0.940625
5.63120000239,0.940625
5.63140000239,0.940625
5.63160000239,0.940625
5.63180000239,0.940625
5.63200000239,0.95625
5.63220000239,0.940625
5.63240000239,0.940625
5.63260000239,0.940625
5.63280000239,0.95625
5.63300000239,0.940625
5.63320000239,0.95625
5.63340000239,0.95625
5.63360000239,0.95625
5.63380000239,0.940625
5.63400000239,0.95625
5.63420000239,0.95625
5.63440000239,0.95625
5.63460000239,0.95625
5.63480000239,0.940625
5.63500000239,0.95625
5.63520000239,0.95625
5.63540000239,0.95625
5.63560000239,0.971875
5.63580000239,0.971875
5.63600000239,0.95625
5.63620000239,0.971875
5.63640000239,0.971875
5.63660000239,0.9875
5.63680000239,0.95625
5.63700000239,0.95625
5.63720000239,0.971875
5.63740000239,0.971875
5.63760000239,0.971875
5.63780000239,0.9875
5.63800000239,0.971875
5.63820000239,0.971875
5.63840000239,0.9875
5.63860000239,0.971875
5.63880000239,0.95625
5.63900000239,0.971875
5.63920000239,0.9875
5.63940000239,0.9875
5.63960000239,0.9875
5.63980000239,0.9875
5.64000000239,0.9875
5.64020000239,0.9875
5.64040000239,0.9875
5.64060000239,0.9875
5.64080000239,0.9875
5.64100000239,0.9875
5.64120000239,0.9875
5.64140000239,0.9875
5.64160000239,1.00312
5.64180000239,0.9875
5.64200000239,0.9875
5.64220000239,0.9875
5.64240000239,1.00312
5.64260000239,1.00312
5.64280000239,1.00312
5.64300000239,1.00312
5.64320000239,1.00312
5.64340000239,0.9875
5.64360000239,0.9875
5.64380000239,1.00312
5.64400000239,1.01875
5.64420000239,1.00312
5.64440000239,1.01875
5.64460000239,1.00312
5.64480000239,1.00312
5.64500000239,1.00312
5.64520000239,1.00312
5.64540000239,1.00312
5.64560000239,1.00312
5.64580000239,1.01875
5.64600000239,1.01875
5.64620000239,1.01875
5.64640000239,1.01875
5.64660000239,1.01875
5.64680000239,1.00312
5.64700000239,1.01875
5.64720000239,1.01875
5.64740000239,1.01875
5.64760000239,1.03437
5.64780000239,1.01875
5.64800000239,1.01875
5.64820000239,1.01875
5.64840000239,1.05
5.64860000239,1.01875
5.64880000239,1.01875
5.64900000239,1.03437
5.64920000239,1.03437
5.64940000239,1.03437
5.64960000239,1.03437
5.64980000239,1.05
5.65000000239,1.03437
5.65020000239,1.03437
5.65040000239,1.03437
5.65060000239,1.03437
5.65080000239,1.03437
5.65100000239,1.05
5.65120000239,1.03437
5.65140000239,1.06562
5.65160000239,1.05
5.65180000239,1.06562
5.65200000239,1.06562
5.65220000239,1.05
5.65240000239,1.06562
5.65260000239,1.05
5.65280000239,1.05
5.65300000239,1.05
5.65320000239,1.05
5.65340000239,1.06562
5.65360000239,1.05
5.65380000239,1.06562
5.65400000239,1.05
5.65420000239,1.06562
5.65440000239,1.06562
5.65460000239,1.06562
5.65480000239,1.08125
5.65500000239,1.06562
5.65520000239,1.08125
5.65540000239,1.06562
5.65560000239,1.08125
5.65580000239,1.06562
5.65600000239,1.08125
5.65620000239,1.08125
5.65640000239,1.09687
5.65660000239,1.08125
5.65680000239,1.08125
5.65700000239,1.08125
5.65720000239,1.08125
5.65740000239,1.08125
5.65760000239,1.09687
5.65780000239,1.08125
5.65800000239,1.09687
5.65820000239,1.08125
5.65840000239,1.08125
5.65860000239,1.08125
5.65880000239,1.1125
5.65900000239,1.09687
5.65920000239,1.09687
5.65940000239,1.1125
5.65960000239,1.09687
5.65980000239,1.1125
5.66000000239,1.09687
5.66020000239,1.12812
5.66040000239,1.1125
5.66060000239,1.1125
5.66080000239,1.1125
5.66100000239,1.12812
5.66120000239,1.1125
5.66140000239,1.12812
5.66160000239,1.1125
5.66180000239,1.1125
5.66200000239,1.09687
5.66220000239,1.12812
5.66240000239,1.12812
5.66260000239,1.1125
5.66280000239,1.12812
5.66300000239,1.12812
5.66320000239,1.12812
5.66340000239,1.14375
5.66360000239,1.12812
5.66380000239,1.12812
5.66400000239,1.12812
5.66420000239,1.12812
5.66440000239,1.14375
5.66460000239,1.12812
5.66480000239,1.14375
5.66500000239,1.12812
5.66520000239,1.14375
5.66540000239,1.14375
5.66560000239,1.14375
5.66580000239,1.15937
5.66600000239,1.15937
5.66620000239,1.15937
5.66640000239,1.15937
5.66660000239,1.15937
5.66680000239,1.15937
5.66700000239,1.15937
5.66720000239,1.15937
5.66740000239,1.15937
5.66760000239,1.15937
5.66780000239,1.15937
5.66800000239,1.175
5.66820000239,1.15937
5.66840000239,1.15937
5.66860000239,1.15937
5.66880000239,1.175
5.66900000239,1.175
5.66920000239,1.175
5.66940000239,1.175
5.66960000239,1.20625
5.66980000239,1.175
5.67000000239,1.20625
5.67020000239,1.19062
5.67040000239,1.20625
5.67060000239,1.20625
5.67080000239,1.20625
5.67100000239,1.19062
5.67120000239,1.20625
5.67140000239,1.19062
5.67160000239,1.19062
5.67180000239,1.20625
5.67200000239,1.22187
5.67220000239,1.20625
5.67240000239,1.20625
5.67260000239,1.20625
5.67280000239,1.20625
5.67300000239,1.20625
5.67320000239,1.20625
5.67340000239,1.22187
5.67360000239,1.20625
5.67380000239,1.20625
5.67400000239,1.22187
5.67420000239,1.22187
5.67440000239,1.22187
5.67460000239,1.22187
5.67480000239,1.22187
5.67500000239,1.22187
5.67520000239,1.2375
5.67540000239,1.2375
5.67560000239,1.25312
5.67580000239,1.25312
5.67600000239,1.25312
5.67620000239,1.2375
5.67640000239,1.2375
5.67660000239,1.25312
5.67680000239,1.25312
5.67700000239,1.25312
5.67720000239,1.25312
5.67740000239,1.2375
5.67760000239,1.2375
5.67780000239,1.25312
5.67800000239,1.26875
5.67820000239,1.26875
5.67840000239,1.25312
5.67860000239,1.25312
5.67880000239,1.25312
5.67900000239,1.25312
5.67920000239,1.26875
5.67940000239,1.28437
5.67960000239,1.28437
5.67980000239,1.3
5.68000000239,1.28437
5.68020000239,1.28437
5.68040000239,1.28437
5.68060000239,1.28437
5.68080000239,1.28437
5.68100000239,1.28437
5.68120000239,1.3
5.68140000239,1.3
5.68160000239,1.28437
5.68180000239,1.28437
5.68200000239,1.28437
5.68220000239,1.3
5.68240000239,1.31562
5.68260000239,1.3
5.68280000239,1.3
5.68300000239,1.28437
5.68320000239,1.3
5.68340000239,1.31562
5.68360000239,1.31562
5.68380000239,1.33125
5.68400000239,1.3
5.68420000239,1.31562
5.68440000239,1.31562
5.68460000239,1.31562
5.68480000239,1.33125
5.68500000239,1.33125
5.68520000239,1.33125
5.68540000239,1.31562
5.68560000239,1.31562
5.68580000239,1.33125
5.68600000239,1.33125
5.68620000239,1.34687
5.68640000239,1.34687
5.68660000239,1.34687
5.68680000239,1.34687
5.68700000239,1.33125
5.68720000239,1.34687
5.68740000239,1.3625
5.68760000239,1.34687
5.68780000239,1.3625
5.68800000239,1.34687
5.68820000239,1.3625
5.68840000239,1.37812
5.68860000239,1.3625
5.68880000239,1.37812
5.68900000239,1.37812
5.68920000239,1.3625
5.68940000239,1.37812
5.68960000239,1.37812
5.68980000239,1.3625
5.69000000239,1.37812
5.69020000239,1.37812
5.69040000239,1.37812
5.69060000239,1.39375
5.69080000239,1.37812
5.69100000239,1.37812
5.69120000239,1.37812
5.69140000239,1.39375
5.69160000239,1.40937
5.69180000239,1.39375
5.69200000239,1.40937
5.69220000239,1.40937
5.69240000239,1.39375
5.69260000239,1.40937
5.69280000239,1.40937
5.69300000239,1.40937
5.69320000239,1.39375
5.69340000239,1.40937
5.69360000239,1.40937
5.69380000239,1.425
5.69400000239,1.425
5.69420000239,1.425
5.69440000239,1.425
5.69460000239,1.425
5.69480000239,1.425
5.69500000239,1.44062
5.69520000239,1.44062
5.69540000239,1.44062
5.69560000239,1.45625
5.69580000239,1.44062
5.69600000239,1.425
5.69620000239,1.44062
5.69640000239,1.44062
5.69660000239,1.44062
5.69680000239,1.45625
5.69700000239,1.44062
5.69720000239,1.45625
5.69740000239,1.45625
5.69760000239,1.45625
5.69780000239,1.45625
5.69800000239,1.45625
5.69820000239,1.45625
5.69840000239,1.47187
5.69860000239,1.45625
5.69880000239,1.4875
5.69900000239,1.47187
5.69920000239,1.47187
5.69940000239,1.4875
5.69960000239,1.50312
5.69980000239,1.4875
5.70000000239,1.4875
5.70020000239,1.4875
5.70040000239,1.4875
5.70060000239,1.50312
5.70080000239,1.50312
5.70100000239,1.50312
5.70120000239,1.50312
5.70140000239,1.50312
5.70160000239,1.50312
5.70180000239,1.50312
5.70200000239,1.51875
5.70220000239,1.50312
5.70240000239,1.51875
5.70260000239,1.51875
5.70280000239,1.53437
5.70300000239,1.53437
5.70320000239,1.51875
5.70340000239,1.53437
5.70360000239,1.51875
5.70380000239,1.53437
5.70400000239,1.53437
5.70420000239,1.53437
5.70440000239,1.55
5.70460000239,1.53437
5.70480000239,1.53437
5.70500000239,1.53437
5.70520000239,1.55
5.70540000239,1.55
5.70560000239,1.53437
5.70580000239,1.55
5.70600000239,1.55
5.70620000239,1.53437
5.70640000239,1.56562
5.70660000239,1.56562
5.70680000239,1.56562
5.70700000239,1.56562
5.70720000239,1.56562
5.70740000239,1.58125
5.70760000239,1.56562
5.70780000239,1.56562
5.70800000239,1.58125
5.70820000239,1.58125
5.70840000239,1.58125
5.70860000239,1.59687
5.70880000239,1.59687
5.70900000239,1.59687
5.70920000239,1.6125
5.70940000239,1.59687
5.70960000239,1.59687
5.70980000239,1.6125
5.71000000239,1.6125
5.71020000239,1.59687
5.71040000239,1.6125
5.71060000239,1.62812
5.71080000239,1.62812
5.71100000239,1.6125
5.71120000239,1.62812
5.71140000239,1.6125
5.71160000239,1.6125
5.71180000239,1.6125
5.71200000239,1.6125
5.71220000239,1.62812
5.71240000239,1.62812
5.71260000239,1.64375
5.71280000239,1.62812
5.71300000239,1.64375
5.71320000239,1.62812
5.71340000239,1.64375
5.71360000239,1.62812
5.71380000239,1.64375
5.71400000239,1.64375
5.71420000239,1.64375
5.71440000239,1.65937
5.71460000239,1.64375
5.71480000239,1.65937
5.71500000239,1.65937
5.71520000239,1.675
5.71540000239,1.675
5.71560000239,1.675
5.71580000239,1.675
5.71600000239,1.69062
5.71620000239,1.69062
5.71640000239,1.69062
5.71660000239,1.69062
5.71680000239,1.675
5.71700000239,1.69062
5.71720000239,1.69062
5.71740000239,1.69062
5.71760000239,1.70625
5.71780000239,1.70625
5.71800000239,1.72187
5.71820000239,1.72187
5.71840000239,1.69062
5.71860000239,1.69062
5.71880000239,1.69062
5.71900000239,1.70625
5.71920000239,1.70625
5.71940000239,1.72187
5.71960000239,1.72187
5.71980000239,1.72187
5.72000000239,1.7375
5.72020000239,1.72187
5.72040000239,1.72187
5.72060000239,1.7375
5.72080000239,1.7375
5.72100000239,1.72187
5.72120000239,1.75312
5.72140000239,1.72187
5.72160000239,1.7375
5.72180000239,1.7375
5.72200000239,1.75312
5.72220000239,1.75312
5.72240000239,1.75312
5.72260000239,1.75312
5.72280000239,1.75312
5.72300000239,1.76875
5.72320000239,1.75312
5.72340000239,1.76875
5.72360000239,1.7375
5.72380000239,1.76875
5.72400000239,1.75312
5.72420000239,1.76875
5.72440000239,1.78437
5.72460000239,1.76875
5.72480000239,1.76875
5.72500000239,1.76875
5.72520000239,1.76875
5.72540000239,1.76875
5.72560000239,1.76875
5.72580000239,1.76875
5.72600000239,1.78437
5.72620000239,1.78437
5.72640000239,1.78437
5.72660000239,1.78437
5.72680000239,1.8
5.72700000239,1.78437
5.72720000239,1.8
5.72740000239,1.8
5.72760000239,1.8
5.72780000239,1.8
5.72800000239,1.78437
5.72820000239,1.8
5.72840000239,1.8
5.72860000239,1.81562
5.72880000239,1.81562
5.72900000239,1.81562
5.72920000239,1.81562
5.72940000239,1.81562
5.72960000239,1.81562
5.72980000239,1.81562
5.73000000239,1.81562
5.73020000239,1.84687
5.73040000239,1.81562
5.73060000239,1.81562
5.73080000239,1.81562
5.73100000239,1.83125
5.73120000239,1.83125
5.73140000239,1.83125
5.73160000239,1.83125
5.73180000239,1.83125
5.73200000239,1.83125
5.73220000239,1.84687
5.73240000239,1.83125
5.73260000239,1.83125
5.73280000239,1.83125
5.73300000239,1.84687
5.73320000239,1.84687
5.73340000239,1.84687
5.73360000239,1.84687
5.73380000239,1.84687
5.73400000239,1.83125
5.73420000239,1.87812
5.73440000239,1.84687
5.73460000239,1.8625
5.73480000239,1.87812
5.73500000239,1.8625
5.73520000239,1.8625
5.73540000239,1.84687
5.73560000239,1.87812
5.73580000239,1.8625
5.73600000239,1.8625
5.73620000239,1.8625
5.73640000239,1.87812
5.73660000239,1.87812
5.73680000239,1.87812
5.73700000239,1.87812
5.73720000239,1.87812
5.73740000239,1.89375
5.73760000239,1.87812
5.73780000239,1.87812
5.73800000239,1.89375
5.73820000239,1.87812
5.73840000239,1.89375
5.73860000239,1.87812
5.73880000239,1.87812
5.73900000239,1.87812
5.73920000239,1.87812
5.73940000239,1.89375
5.73960000239,1.87812
5.73980000239,1.89375
5.74000000239,1.89375
5.74020000239,1.87812
5.74040000239,1.90937
5.74060000239,1.89375
5.74080000239,1.89375
5.74100000239,1.89375
5.74120000239,1.89375
5.74140000239,1.89375
5.74160000239,1.89375
5.74180000239,1.89375
5.74200000239,1.89375
5.74220000239,1.90937
5.74240000239,1.89375
5.74260000239,1.90937
5.74280000239,1.89375
5.74300000239,1.89375
5.74320000239,1.90937
5.74340000239,1.90937
5.74360000239,1.90937
5.74380000239,1.925
5.74400000239,1.90937
5.74420000239,1.90937
5.74440000239,1.90937
5.74460000239,1.90937
5.74480000239,1.90937
5.74500000239,1.90937
5.74520000239,1.90937
5.74540000239,1.90937
5.74560000239,1.89375
5.74580000239,1.90937
5.74600000239,1.925
5.74620000239,1.90937
5.74640000239,1.925
5.74660000239,1.925
5.74680000239,1.90937
5.74700000239,1.90937
5.74720000239,1.90937
5.74740000239,1.89375
5.74760000239,1.90937
5.74780000239,1.89375
5.74800000239,1.90937
5.74820000239,1.90937
5.74840000239,1.90937
5.74860000239,1.90937
5.74880000239,1.89375
5.74900000239,1.90937
5.74920000239,1.90937
5.74940000239,1.90937
5.74960000239,1.89375
5.74980000239,1.90937
5.75000000239,1.89375
5.75020000239,1.89375
5.75040000239,1.87812
5.75060000239,1.89375
5.75080000239,1.90937
5.75100000239,1.89375
5.75120000239,1.90937
5.75140000239,1.90937
5.75160000239,1.90937
5.75180000239,1.89375
5.75200000239,1.89375
5.75220000239,1.89375
5.75240000239,1.89375
5.75260000239,1.87812
5.75280000239,1.89375
5.75300000239,1.87812
5.75320000239,1.89375
5.75340000239,1.89375
5.75360000239,1.89375
5.75380000239,1.89375
5.75400000239,1.87812
5.75420000239,1.87812
5.75440000239,1.89375
5.75460000239,1.90937
5.75480000239,1.90937
5.75500000239,1.89375
5.75520000239,1.89375
5.75540000239,1.89375
5.75560000239,1.87812
5.75580000239,1.87812
5.75600000239,1.87812
5.75620000239,1.87812
5.75640000239,1.8625
5.75660000239,1.89375
5.75680000239,1.89375
5.75700000239,1.8625
5.75720000239,1.8625
5.75740000239,1.87812
5.75760000239,1.8625
5.75780000239,1.8625
5.75800000239,1.8625
5.75820000239,1.84687
5.75840000239,1.87812
5.75860000239,1.8625
5.75880000239,1.8625
5.75900000239,1.8625
5.75920000239,1.8625
5.75940000239,1.8625
5.75960000239,1.84687
5.75980000239,1.84687
5.76000000239,1.84687
5.76020000239,1.84687
5.76040000239,1.83125
5.76060000239,1.83125
5.76080000239,1.83125
5.76100000239,1.84687
5.76120000239,1.83125
5.76140000239,1.83125
5.76160000239,1.83125
5.76180000239,1.83125
5.76200000239,1.83125
5.76220000239,1.81562
5.76240000239,1.83125
5.76260000239,1.81562
5.76280000239,1.81562
5.76300000239,1.81562
5.76320000239,1.81562
5.76340000239,1.8
5.76360000239,1.8
5.76380000239,1.81562
5.76400000239,1.81562
5.76420000239,1.81562
5.76440000239,1.8
5.76460000239,1.78437
5.76480000239,1.83125
5.76500000239,1.81562
5.76520000239,1.81562
5.76540000239,1.8
5.76560000239,1.78437
5.76580000239,1.8
5.76600000239,1.8
5.76620000239,1.8
5.76640000239,1.8
5.76660000239,1.8
5.76680000239,1.78437
5.76700000239,1.76875
5.76720000239,1.78437
5.76740000239,1.78437
5.76760000239,1.8
5.76780000239,1.78437
5.76800000239,1.76875
5.76820000239,1.76875
5.76840000239,1.78437
5.76860000239,1.75312
5.76880000239,1.76875
5.76900000239,1.76875
5.76920000239,1.76875
5.76940000239,1.76875
5.76960000239,1.75312
5.76980000239,1.7375
5.77000000239,1.75312
5.77020000239,1.7375
5.77040000239,1.7375
5.77060000239,1.7375
5.77080000239,1.7375
5.77100000239,1.7375
5.77120000239,1.7375
5.77140000239,1.7375
5.77160000239,1.7375
5.77180000239,1.72187
5.77200000239,1.7375
5.77220000239,1.70625
5.77240000239,1.72187
5.77260000239,1.70625
5.77280000239,1.70625
5.77300000239,1.72187
5.77320000239,1.69062
5.77340000239,1.70625
5.77360000239,1.72187
5.77380000239,1.69062
5.77400000239,1.72187
5.77420000239,1.70625
5.77440000239,1.70625
5.77460000239,1.70625
5.77480000239,1.70625
5.77500000239,1.70625
5.77520000239,1.69062
5.77540000239,1.69062
5.77560000239,1.675
5.77580000239,1.675
5.77600000239,1.69062
5.77620000239,1.675
5.77640000239,1.65937
5.77660000239,1.675
5.77680000239,1.65937
5.77700000239,1.65937
5.77720000239,1.64375
5.77740000239,1.65937
5.77760000239,1.64375
5.77780000239,1.64375
5.77800000239,1.65937
5.77820000239,1.64375
5.77840000239,1.62812
5.77860000239,1.64375
5.77880000239,1.64375
5.77900000239,1.62812
5.77920000239,1.6125
5.77940000239,1.62812
5.77960000239,1.62812
5.77980000239,1.62812
5.78000000239,1.59687
5.78020000239,1.6125
5.78040000239,1.59687
5.78060000239,1.59687
5.78080000239,1.59687
5.78100000239,1.59687
5.78120000239,1.59687
5.78140000239,1.58125
5.78160000239,1.58125
5.78180000239,1.59687
5.78200000239,1.58125
5.78220000239,1.58125
5.78240000239,1.56562
5.78260000239,1.58125
5.78280000239,1.56562
5.78300000239,1.56562
5.78320000239,1.56562
5.78340000239,1.55
5.78360000239,1.56562
5.78380000239,1.53437
5.78400000239,1.55
5.78420000239,1.56562
5.78440000239,1.56562
5.78460000239,1.55
5.78480000239,1.55
5.78500000239,1.55
5.78520000239,1.53437
5.78540000239,1.55
5.78560000239,1.55
5.78580000239,1.53437
5.78600000239,1.51875
5.78620000239,1.53437
5.78640000239,1.53437
5.78660000239,1.51875
5.78680000239,1.51875
5.78700000239,1.51875
5.78720000239,1.51875
5.78740000239,1.51875
5.78760000239,1.4875
5.78780000239,1.50312
5.78800000239,1.4875
5.78820000239,1.4875
5.78840000239,1.47187
5.78860000239,1.47187
5.78880000239,1.47187
5.78900000239,1.47187
5.78920000239,1.47187
5.78940000239,1.47187
5.78960000239,1.45625
5.78980000239,1.45625
5.79000000239,1.45625
5.79020000239,1.45625
5.79040000239,1.44062
5.79060000239,1.44062
5.79080000239,1.44062
5.79100000239,1.44062
5.79120000239,1.425
5.79140000239,1.425
5.79160000239,1.425
5.79180000239,1.425
5.79200000239,1.40937
5.79220000239,1.40937
5.79240000239,1.40937
5.79260000239,1.40937
5.79280000239,1.40937
5.79300000239,1.40937
5.79320000239,1.40937
5.79340000239,1.39375
5.79360000239,1.40937
5.79380000239,1.40937
5.79400000239,1.39375
5.79420000239,1.39375
5.79440000239,1.39375
5.79460000239,1.39375
5.79480000239,1.37812
5.79500000239,1.37812
5.79520000239,1.3625
5.79540000239,1.3625
5.79560000239,1.34687
5.79580000239,1.3625
5.79600000239,1.34687
5.79620000239,1.3625
5.79640000239,1.34687
5.79660000239,1.34687
5.79680000239,1.34687
5.79700000239,1.34687
5.79720000239,1.33125
5.79740000239,1.33125
5.79760000239,1.33125
5.79780000239,1.31562
5.79800000239,1.33125
5.79820000239,1.31562
5.79840000239,1.3
5.79860000239,1.31562
5.79880000239,1.3
5.79900000239,1.26875
5.79920000239,1.28437
5.79940000239,1.28437
5.79960000239,1.28437
5.79980000239,1.26875
5.80000000239,1.26875
5.80020000239,1.26875
5.80040000239,1.25312
5.80060000239,1.26875
5.80080000239,1.2375
5.80100000239,1.25312
5.80120000239,1.2375
5.80140000239,1.2375
5.80160000239,1.25312
5.80180000239,1.22187
5.80200000239,1.2375
5.80220000239,1.22187
5.80240000239,1.20625
5.80260000239,1.22187
5.80280000239,1.22187
5.80300000239,1.22187
5.80320000239,1.22187
5.80340000239,1.22187
5.80360000239,1.20625
5.80380000239,1.20625
5.80400000239,1.19062
5.80420000239,1.20625
5.80440000239,1.19062
5.80460000239,1.19062
5.80480000239,1.19062
5.80500000239,1.175
5.80520000239,1.175
5.80540000239,1.175
5.80560000239,1.175
5.80580000239,1.175
5.80600000239,1.15937
5.80620000239,1.175
5.80640000239,1.15937
5.80660000239,1.15937
5.80680000239,1.15937
5.80700000239,1.15937
5.80720000239,1.15937
5.80740000239,1.14375
5.80760000239,1.14375
5.80780000239,1.12812
5.80800000239,1.1125
5.80820000239,1.12812
5.80840000239,1.09687
5.80860000239,1.1125
5.80880000239,1.09687
5.80900000239,1.09687
5.80920000239,1.09687
5.80940000239,1.09687
5.80960000239,1.09687
5.80980000239,1.1125
5.81000000239,1.09687
5.81020000239,1.06562
5.81040000239,1.06562
5.81060000239,1.06562
5.81080000239,1.06562
5.81100000239,1.06562
5.81120000239,1.05
5.81140000239,1.05
5.81160000239,1.05
5.81180000239,1.05
5.81200000239,1.03437
5.81220000239,1.03437
5.81240000239,1.05
5.81260000239,1.01875
5.81280000239,1.03437
5.81300000239,1.01875
5.81320000239,1.01875
5.81340000239,1.01875
5.81360000239,1.01875
5.81380000239,1.01875
5.81400000239,1.00312
5.81420000239,1.00312
5.81440000239,1.00312
5.81460000239,0.9875
5.81480000239,1.00312
5.81500000239,1.00312
5.81520000239,0.9875
5.81540000239,0.9875
5.81560000239,0.971875
5.81580000239,0.971875
5.81600000239,0.95625
5.81620000239,0.971875
5.81640000239,0.95625
5.81660000239,0.971875
5.81680000239,0.971875
5.81700000239,0.95625
5.81720000239,0.95625
5.81740000239,0.940625
5.81760000239,0.971875
5.81780000239,0.95625
5.81800000239,0.940625
5.81820000239,0.925
5.81840000239,0.925
5.81860000239,0.925
5.81880000239,0.909375
5.81900000239,0.940625
5.81920000239,0.909375
5.81940000239,0.909375
5.81960000239,0.925
5.81980000239,0.89375
5.82000000239,0.909375
5.82020000239,0.89375
5.82040000239,0.89375
5.82060000239,0.878125
5.82080000239,0.878125
5.82100000239,0.89375
5.82120000239,0.878125
5.82140000239,0.878125
5.82160000239,0.8625
5.82180000239,0.8625
5.82200000239,0.878125
5.82220000239,0.8625
5.82240000239,0.846875
5.82260000239,0.8625
5.82280000239,0.83125
5.82300000239,0.8625
5.82320000239,0.846875
5.82340000239,0.8625
5.82360000239,0.83125
5.82380000239,0.83125
5.82400000239,0.846875
5.82420000239,0.846875
5.82440000239,0.83125
5.82460000239,0.83125
5.82480000239,0.846875
5.82500000239,0.83125
5.82520000239,0.815625
5.82540000239,0.815625
5.82560000239,0.846875
5.82580000239,0.815625
5.82600000239,0.83125
5.82620000239,0.8
5.82640000239,0.8
5.82660000239,0.8
5.82680000239,0.8
5.82700000239,0.8
5.82720000239,0.8
5.82740000239,0.8
5.82760000239,0.784375
5.82780000239,0.784375
5.82800000239,0.784375
5.82820000239,0.76875
5.82840000239,0.784375
5.82860000239,0.76875
5.82880000239,0.76875
5.82900000239,0.753125
5.82920000239,0.76875
5.82940000239,0.7375
5.82960000239,0.753125
5.82980000239,0.753125
5.83000000239,0.7375
5.83020000239,0.7375
5.83040000239,0.7375
5.83060000239,0.721875
5.83080000239,0.721875
5.83100000239,0.7375
5.83120000239,0.721875
5.83140000239,0.721875
5.83160000239,0.721875
5.83180000239,0.721875
5.83200000239,0.721875
5.83220000239,0.70625
5.83240000239,0.721875
5.83260000239,0.690625
5.83280000239,0.70625
5.83300000239,0.70625
5.83320000239,0.690625
5.83340000239,0.690625
5.83360000239,0.675
5.83380000239,0.675
5.83400000239,0.690625
5.83420000239,0.690625
5.83440000239,0.675
5.83460000239,0.675
5.83480000239,0.659375
5.83500000239,0.659375
5.83520000239,0.659375
5.83540000239,0.659375
5.83560000239,0.64375
5.83580000239,0.64375
5.83600000239,0.659375
5.83620000239,0.659375
5.83640000239,0.64375
5.83660000239,0.64375
5.83680000239,0.659375
5.83700000239,0.659375
5.83720000239,0.64375
5.83740000239,0.64375
5.83760000239,0.628125
5.83780000239,0.628125
5.83800000239,0.6125
5.83820000239,0.628125
5.83840000239,0.628125
5.83860000239,0.628125
5.83880000239,0.6125
5.83900000239,0.6125
5.83920000239,0.6125
5.83940000239,0.6125
5.83960000239,0.6125
5.83980000239,0.58125
5.84000000239,0.596875
5.84020000239,0.596875
5.84040000239,0.58125
5.84060000239,0.58125
5.84080000239,0.596875
5.84100000239,0.596875
5.84120000239,0.58125
5.84140000239,0.58125
5.84160000239,0.58125
5.84180000239,0.565625
5.84200000239,0.58125
5.84220000239,0.58125
5.84240000239,0.565625
5.84260000239,0.565625
5.84280000239,0.565625
5.84300000239,0.58125
5.84320000239,0.565625
5.84340000239,0.55
5.84360000239,0.565625
5.84380000239,0.565625
5.84400000239,0.534375
5.84420000239,0.55
5.84440000239,0.55
5.84460000239,0.55
5.84480000239,0.534375
5.84500000239,0.55
5.84520000239,0.55
5.84540000239,0.55
5.84560000239,0.55
5.84580000239,0.534375
5.84600000239,0.534375
5.84620000239,0.55
5.84640000239,0.55
5.84660000239,0.534375
5.84680000239,0.534375
5.84700000239,0.55
5.84720000239,0.51875
5.84740000239,0.534375
5.84760000239,0.534375
5.84780000239,0.51875
5.84800000239,0.51875
5.84820000239,0.51875
5.84840000239,0.503125
5.84860000239,0.51875
5.84880000239,0.51875
5.84900000239,0.503125
5.84920000239,0.503125
5.84940000239,0.503125
5.84960000239,0.4875
5.84980000239,0.4875
5.85000000239,0.4875
5.85020000239,0.471875
5.85040000239,0.471875
5.85060000239,0.4875
5.85080000239,0.471875
5.85100000239,0.4875
5.85120000239,0.471875
5.85140000239,0.471875
5.85160000239,0.471875
5.85180000239,0.471875
5.85200000239,0.45625
5.85220000239,0.4875
5.85240000239,0.4875
5.85260000239,0.471875
5.85280000239,0.471875
5.85300000239,0.4875
5.85320000239,0.471875
5.85340000239,0.471875
5.85360000239,0.471875
5.85380000239,0.45625
5.85400000239,0.45625
5.85420000239,0.471875
5.85440000239,0.45625
5.85460000239,0.440625
5.85480000239,0.45625
5.85500000239,0.45625
5.85520000239,0.45625
5.85540000239,0.45625
5.85560000239,0.440625
5.85580000239,0.440625
5.85600000239,0.440625
5.85620000239,0.440625
5.85640000239,0.440625
5.85660000239,0.440625
5.85680000239,0.425
5.85700000239,0.440625
5.85720000239,0.440625
5.85740000239,0.440625
5.85760000239,0.440625
5.85780000239,0.440625
5.85800000239,0.440625
5.85820000239,0.425
5.85840000239,0.425
5.85860000239,0.425
5.85880000239,0.409375
5.85900000239,0.425
5.85920000239,0.409375
5.85940000239,0.409375
5.85960000239,0.409375
5.85980000239,0.409375
5.86000000239,0.39375
5.86020000239,0.409375
5.86040000239,0.39375
5.86060000239,0.378125
5.86080000239,0.409375
5.86100000239,0.378125
5.86120000239,0.39375
5.86140000239,0.378125
5.86160000239,0.39375
5.86180000239,0.378125
5.86200000239,0.39375
5.86220000239,0.39375
5.86240000239,0.39375
5.86260000239,0.39375
5.86280000239,0.39375
5.86300000239,0.378125
5.86320000239,0.378125
5.86340000239,0.39375
5.86360000239,0.378125
5.86380000239,0.378125
5.86400000239,0.378125
5.86420000239,0.378125
5.86440000239,0.378125
5.86460000239,0.378125
5.86480000239,0.378125
5.86500000239,0.3625
5.86520000239,0.3625
5.86540000239,0.3625
5.86560000239,0.378125
5.86580000239,0.3625
5.86600000239,0.3625
5.86620000239,0.3625
5.86640000239,0.3625
5.86660000239,0.3625
5.86680000239,0.378125
5.86700000239,0.346875
5.86720000239,0.3625
5.86740000239,0.346875
5.86760000239,0.3625
5.86780000239,0.346875
5.86800000239,0.346875
5.86820000239,0.346875
5.86840000239,0.346875
5.86860000239,0.346875
5.86880000239,0.346875
5.86900000239,0.346875
5.86920000239,0.346875
5.86940000239,0.346875
5.86960000239,0.33125
5.86980000239,0.33125
5.87000000239,0.33125
5.87020000239,0.315625
5.87040000239,0.315625
5.87060000239,0.33125
5.87080000239,0.315625
5.87100000239,0.315625
5.87120000239,0.315625
5.87140000239,0.33125
5.87160000239,0.315625
5.87180000239,0.33125
5.87200000239,0.315625
5.87220000239,0.315625
5.87240000239,0.315625
5.87260000239,0.3
5.87280000239,0.315625
5.87300000239,0.315625
5.87320000239,0.315625
5.87340000239,0.33125
5.87360000239,0.315625
5.87380000239,0.315625
5.87400000239,0.315625
5.87420000239,0.315625
5.87440000239,0.315625
5.87460000239,0.3
5.87480000239,0.3
5.87500000239,0.3
5.87520000239,0.3
5.87540000239,0.3
5.87560000239,0.3
5.87580000239,0.3
5.87600000239,0.3
5.87620000239,0.284375
5.87640000239,0.3
5.87660000239,0.284375
5.87680000239,0.3
5.87700000239,0.3
5.87720000239,0.284375
5.87740000239,0.3
5.87760000239,0.284375
5.87780000239,0.26875
5.87800000239,0.3
5.87820000239,0.284375
5.87840000239,0.284375
5.87860000239,0.284375
5.87880000239,0.26875
5.87900000239,0.284375
5.87920000239,0.284375
5.87940000239,0.284375
5.87960000239,0.284375
5.87980000239,0.26875
5.88000000239,0.26875
5.88020000239,0.26875
5.88040000239,0.26875
5.88060000239,0.26875
5.88080000239,0.26875
5.88100000239,0.26875
5.88120000239,0.253125
5.88140000239,0.253125
5.88160000239,0.26875
5.88180000239,0.26875
5.88200000239,0.26875
5.88220000239,0.26875
5.88240000239,0.2375
5.88260000239,0.253125
5.88280000239,0.253125
5.88300000239,0.26875
5.88320000239,0.253125
5.88340000239,0.253125
5.88360000239,0.253125
5.88380000239,0.26875
5.88400000239,0.253125
5.88420000239,0.253125
5.88440000239,0.2375
5.88460000239,0.2375
5.88480000239,0.2375
5.88500000239,0.2375
5.88520000239,0.2375
5.88540000239,0.253125
5.88560000239,0.2375
5.88580000239,0.2375
5.88600000239,0.253125
5.88620000239,0.2375
5.88640000239,0.253125
5.88660000239,0.253125
5.88680000239,0.253125
5.88700000239,0.2375
5.88720000239,0.253125
5.88740000239,0.2375
5.88760000239,0.221875
5.88780000239,0.221875
5.88800000239,0.2375
5.88820000239,0.221875
5.88840000239,0.2375
5.88860000239,0.221875
5.88880000239,0.221875
5.88900000239,0.221875
5.88920000239,0.2375
5.88940000239,0.2375
5.88960000239,0.20625
5.88980000239,0.221875
5.89000000239,0.221875
5.89020000239,0.221875
5.89040000239,0.221875
5.89060000239,0.221875
5.89080000239,0.221875
5.89100000239,0.20625
5.89120000239,0.221875
5.89140000239,0.221875
5.89160000239,0.20625
5.89180000239,0.221875
5.89200000239,0.221875
5.89220000239,0.221875
5.89240000239,0.20625
5.89260000239,0.221875
5.89280000239,0.221875
5.89300000239,0.221875
5.89320000239,0.221875
5.89340000239,0.20625
5.89360000239,0.190625
5.89380000239,0.20625
5.89400000239,0.221875
5.89420000239,0.20625
5.89440000239,0.190625
5.89460000239,0.20625
5.89480000239,0.20625
5.89500000239,0.20625
5.89520000239,0.190625
5.89540000239,0.20625
5.89560000239,0.20625
5.89580000239,0.20625
5.89600000239,0.190625
5.89620000239,0.190625
5.89640000239,0.20625
5.89660000239,0.190625
5.89680000239,0.20625
5.89700000239,0.190625
5.89720000239,0.20625
5.89740000239,0.20625
5.89760000239,0.20625
5.89780000239,0.190625
5.89800000239,0.190625
5.89820000239,0.20625
5.89840000239,0.190625
5.89860000239,0.190625
5.89880000239,0.190625
5.89900000239,0.190625
5.89920000239,0.190625
5.89940000239,0.190625
5.89960000239,0.175
5.89980000239,0.190625
5.90000000239,0.175
5.90020000239,0.190625
5.90040000239,0.175
5.90060000239,0.175
5.90080000239,0.175
5.90100000239,0.175
5.90120000239,0.190625
5.90140000239,0.190625
5.90160000239,0.20625
5.90180000239,0.175
5.90200000239,0.175
5.90220000239,0.175
5.90240000239,0.190625
5.90260000239,0.175
5.90280000239,0.190625
5.90300000239,0.175
5.90320000239,0.175
5.90340000239,0.175
5.90360000239,0.190625
5.90380000239,0.175
5.90400000239,0.159375
5.90420000239,0.159375
5.90440000239,0.175
5.90460000239,0.175
5.90480000239,0.175
5.90500000239,0.159375
5.90520000239,0.159375
5.90540000239,0.175
5.90560000239,0.190625
5.90580000239,0.159375
5.90600000239,0.175
5.90620000239,0.175
5.90640000239,0.159375
5.90660000239,0.159375
5.90680000239,0.175
5.90700000239,0.159375
5.90720000239,0.175
5.90740000239,0.14375
5.90760000239,0.159375
5.90780000239,0.159375
5.90800000239,0.159375
5.90820000239,0.159375
5.90840000239,0.159375
5.90860000239,0.159375
5.90880000239,0.14375
5.90900000239,0.159375
5.90920000239,0.175
5.90940000239,0.159375
5.90960000239,0.159375
5.90980000239,0.159375
5.91000000239,0.159375
5.91020000239,0.14375
5.91040000239,0.159375
5.91060000239,0.14375
5.91080000239,0.159375
5.91100000239,0.159375
5.91120000239,0.14375
5.91140000239,0.14375
5.91160000239,0.14375
5.91180000239,0.14375
5.91200000239,0.128125
5.91220000239,0.159375
5.91240000239,0.14375
5.91260000239,0.128125
5.91280000239,0.159375
5.91300000239,0.14375
5.91320000239,0.159375
5.91340000239,0.14375
5.91360000239,0.14375
5.91380000239,0.128125
5.91400000239,0.14375
5.91420000239,0.14375
5.91440000239,0.14375
5.91460000239,0.128125
5.91480000239,0.14375
5.91500000239,0.128125
5.91520000239,0.128125
5.91540000239,0.128125
5.91560000239,0.128125
5.91580000239,0.14375
5.91600000239,0.128125
5.91620000239,0.128125
5.91640000239,0.14375
5.91660000239,0.14375
5.91680000239,0.14375
5.91700000239,0.14375
5.91720000239,0.14375
5.91740000239,0.128125
5.91760000239,0.14375
5.91780000239,0.128125
5.91800000239,0.128125
5.91820000239,0.128125
5.91840000239,0.14375
5.91860000239,0.128125
5.91880000239,0.128125
5.91900000239,0.128125
5.91920000239,0.128125
5.91940000239,0.128125
5.91960000239,0.128125
5.91980000239,0.14375
5.92000000239,0.1125
5.92020000239,0.14375
5.92040000239,0.128125
5.92060000239,0.128125
5.92080000239,0.128125
5.92100000239,0.128125
5.92120000239,0.128125
5.92140000239,0.1125
5.92160000239,0.1125
5.92180000239,0.1125
5.92200000239,0.128125
5.92220000239,0.128125
5.92240000239,0.1125
5.92260000239,0.128125
5.92280000239,0.1125
5.92300000239,0.128125
5.92320000239,0.1125
5.92340000239,0.1125
5.92360000239,0.1125
5.92380000239,0.1125
5.92400000239,0.1125
5.92420000239,0.128125
5.92440000239,0.1125
5.92460000239,0.128125
5.92480000239,0.128125
5.92500000239,0.128125
5.92520000239,0.1125
5.92540000239,0.1125
5.92560000239,0.128125
5.92580000239,0.1125
5.92600000239,0.1125
5.92620000239,0.1125
5.92640000239,0.1125
5.92660000239,0.1125
5.92680000239,0.1125
5.92700000239,0.1125
5.92720000239,0.128125
5.92740000239,0.096875
5.92760000239,0.1125
5.92780000239,0.1125
5.92800000239,0.096875
5.92820000239,0.1125
5.92840000239,0.1125
5.92860000239,0.1125
5.92880000239,0.1125
5.92900000239,0.1125
5.92920000239,0.096875
5.92940000239,0.128125
5.92960000239,0.096875
5.92980000239,0.1125
5.93000000239,0.1125
5.93020000239,0.096875
5.93040000239,0.096875
5.93060000239,0.096875
5.93080000239,0.096875
5.93100000239,0.1125
5.93120000239,0.1125
5.93140000239,0.1125
5.93160000239,0.1125
5.93180000239,0.096875
5.93200000239,0.096875
5.93220000239,0.08125
5.93240000239,0.096875
5.93260000239,0.096875
5.93280000239,0.096875
5.93300000239,0.1125
5.93320000239,0.096875
5.93340000239,0.08125
5.93360000239,0.1125
5.93380000239,0.08125
5.93400000239,0.096875
5.93420000239,0.08125
5.93440000239,0.096875
5.93460000239,0.096875
5.93480000239,0.096875
5.93500000239,0.096875
5.93520000239,0.1125
5.93540000239,0.096875
5.93560000239,0.096875
5.93580000239,0.096875
5.93600000239,0.096875
5.93620000239,0.096875
5.93640000239,0.08125
5.93660000239,0.096875
5.93680000239,0.096875
5.93700000239,0.08125
5.93720000239,0.1125
5.93740000239,0.096875
5.93760000239,0.096875
5.93780000239,0.096875
5.93800000239,0.096875
5.93820000239,0.096875
5.93840000239,0.096875
5.93860000239,0.096875
5.93880000239,0.08125
5.93900000239,0.08125
5.93920000239,0.096875
5.93940000239,0.096875
5.93960000239,0.065625
5.93980000239,0.096875
5.94000000239,0.096875
5.94020000239,0.08125
5.94040000239,0.08125
5.94060000239,0.08125
5.94080000239,0.096875
5.94100000239,0.065625
5.94120000239,0.096875
5.94140000239,0.065625
5.94160000239,0.08125
5.94180000239,0.08125
5.94200000239,0.08125
5.94220000239,0.065625
5.94240000239,0.08125
5.94260000239,0.08125
5.94280000239,0.08125
5.94300000239,0.08125
5.94320000239,0.08125
5.94340000239,0.065625
5.94360000239,0.08125
5.94380000239,0.096875
5.94400000239,0.08125
5.94420000239,0.065625
5.94440000239,0.065625
5.94460000239,0.08125
5.94480000239,0.065625
5.94500000239,0.08125
5.94520000239,0.065625
5.94540000239,0.065625
5.94560000239,0.08125
5.94580000239,0.08125
5.94600000239,0.065625
5.94620000239,0.08125
5.94640000239,0.08125
5.94660000239,0.065625
5.94680000239,0.065625
5.94700000239,0.065625
5.94720000239,0.065625
5.94740000239,0.065625
5.94760000239,0.08125
5.94780000239,0.065625
5.94800000239,0.065625
5.94820000239,0.08125
5.94840000239,0.065625
5.94860000239,0.065625
5.94880000239,0.05
5.94900000239,0.08125
5.94920000239,0.05
5.94940000239,0.05
5.94960000239,0.065625
5.94980000239,0.065625
5.95000000239,0.065625
5.95020000239,0.065625
5.95040000239,0.08125
5.95060000239,0.065625
5.95080000239,0.08125
5.95100000239,0.065625
5.95120000239,0.065625
5.95140000239,0.065625
5.95160000239,0.065625
5.95180000239,0.065625
5.95200000239,0.065625
5.95220000239,0.065625
5.95240000239,0.065625
5.95260000239,0.05
5.95280000239,0.05
5.95300000239,0.05
5.95320000239,0.065625
5.95340000239,0.065625
5.95360000239,0.05
5.95380000239,0.065625
5.95400000239,0.065625
5.95420000239,0.065625
5.95440000239,0.05
5.95460000239,0.065625
5.95480000239,0.065625
5.95500000239,0.05
5.95520000239,0.05
5.95540000239,0.065625
5.95560000239,0.05
5.95580000239,0.065625
5.95600000239,0.065625
5.95620000239,0.065625
5.95640000239,0.065625
5.95660000239,0.05
5.95680000239,0.05
5.95700000239,0.065625
5.95720000239,0.05
5.95740000239,0.05
5.95760000239,0.034375
5.95780000239,0.05
5.95800000239,0.05
5.95820000239,0.05
5.95840000239,0.05
5.95860000239,0.05
5.95880000239,0.05
5.95900000239,0.034375
5.95920000239,0.034375
5.95940000239,0.065625
5.95960000239,0.05
5.95980000239,0.05
5.96000000239,0.05
5.96020000239,0.034375
5.96040000239,0.05
5.96060000239,0.05
5.96080000239,0.05
5.96100000239,0.065625
5.96120000239,0.065625
5.96140000239,0.034375
5.96160000239,0.05
5.96180000239,0.065625
5.96200000239,0.05
5.96220000239,0.05
5.96240000239,0.05
5.96260000239,0.034375
5.96280000239,0.05
5.96300000239,0.05
5.96320000239,0.05
5.96340000239,0.034375
5.96360000239,0.065625
5.96380000239,0.05
5.96400000239,0.05
5.96420000239,0.05
5.96440000239,0.065625
5.96460000239,0.05
5.96480000239,0.05
5.96500000239,0.065625
5.96520000239,0.034375
5.96540000239,0.05
5.96560000239,0.05
5.96580000239,0.034375
5.96600000239,0.034375
5.96620000239,0.05
5.96640000239,0.05
5.96660000239,0.034375
5.96680000239,0.05
5.96700000239,0.065625
5.96720000239,0.05
5.96740000239,0.034375
5.96760000239,0.034375
5.96780000239,0.05
5.96800000239,0.034375
5.96820000239,0.05
5.96840000239,0.05
5.96860000239,0.034375
5.96880000239,0.034375
5.96900000239,0.01875
5.96920000239,0.034375
5.96940000239,0.05
5.96960000239,0.034375
5.96980000239,0.034375
5.97000000239,0.034375
5.97020000239,0.05
5.97040000239,0.05
5.97060000239,0.034375
5.97080000239,0.05
5.97100000239,0.034375
5.97120000239,0.034375
5.97140000239,0.05
5.97160000239,0.034375
5.97180000239,0.01875
5.97200000239,0.034375
5.97220000239,0.05
5.97240000239,0.05
5.97260000239,0.05
5.97280000239,0.034375
5.97300000239,0.034375
5.97320000239,0.034375
5.97340000239,0.05
5.97360000239,0.034375
5.97380000239,0.034375
5.97400000239,0.034375
5.97420000239,0.05
5.97440000239,0.05
5.97460000239,0.034375
5.97480000239,0.034375
5.97500000239,0.034375
5.97520000239,0.034375
5.97540000239,0.034375
5.97560000239,0.034375
5.97580000239,0.05
5.97600000239,0.034375
5.97620000239,0.05
5.97640000239,0.034375
5.97660000239,0.034375
5.97680000239,0.034375
5.97700000239,0.034375
5.97720000239,0.034375
5.97740000239,0.034375
5.97760000239,0.034375
5.97780000239,0.01875
5.97800000239,0.034375
5.97820000239,0.034375
5.97840000239,0.034375
5.97860000239,0.01875
5.97880000239,0.01875
5.97900000239,0.05
5.97920000239,0.034375
5.97940000239,0.01875
5.97960000239,0.034375
5.97980000239,0.034375
5.98000000239,0.034375
5.98020000239,0.034375
5.98040000239,0.034375
5.98060000239,0.034375
5.98080000239,0.01875
5.98100000239,0.034375
5.98120000239,0.034375
5.98140000239,0.034375
5.98160000239,0.034375
5.98180000239,0.01875
5.98200000239,0.034375
5.98220000239,0.00312495
5.98240000239,0.034375
5.98260000239,0.034375
5.98280000239,0.01875
5.98300000239,0.01875
5.98320000239,0.01875
5.98340000239,0.01875
5.98360000239,0.034375
5.98380000239,0.034375
5.98400000239,0.01875
5.98420000239,0.034375
5.98440000239,0.01875
5.98460000239,0.034375
5.98480000239,0.034375
5.98500000239,0.01875
5.98520000239,0.034375
5.98540000239,0.01875
5.98560000239,0.05
5.98580000239,0.01875
5.98600000239,0.00312495
5.98620000239,0.034375
5.98640000239,0.01875
5.98660000239,0.01875
5.98680000239,0.01875
5.98700000239,0.01875
5.98720000239,0.034375
5.98740000239,0.01875
5.98760000239,0.01875
5.98780000239,0.034375
5.98800000239,0.00312495
5.98820000239,0.01875
5.98840000239,0.01875
5.98860000239,0.034375
5.98880000239,0.01875
5.98900000239,0.01875
5.98920000239,0.01875
5.98940000239,0.01875
5.98960000239,0.00312495
5.98980000239,0.01875
5.99000000239,0.01875
5.99020000239,0.01875
5.99040000239,0.00312495
5.99060000239,0.01875
5.99080000239,0.01875
5.99100000239,0.00312495
5.99120000239,0.01875
5.99140000239,0.034375
5.99160000239,0.034375
5.99180000239,0.01875
5.99200000239,0.034375
5.99220000239,0.01875
5.99240000239,0.01875
5.99260000239,0.01875
5.99280000239,0.01875
5.99300000239,0.01875
5.99320000239,0.00312495
5.99340000239,0.01875
5.99360000239,0.034375
5.99380000239,0.01875
5.99400000239,0.00312495
5.99420000239,-0.0125
5.99440000239,0.00312495
5.99460000239,0.01875
5.99480000239,0.01875
5.99500000239,0.01875
5.99520000239,0.034375
5.99540000239,0.01875
5.99560000239,0.01875
5.99580000239,0.01875
5.99600000239,0.01875
5.99620000239,0.00312495
5.99640000239,0.01875
5.99660000239,0.01875
5.99680000239,0.034375
5.99700000239,0.01875
5.99720000239,0.00312495
5.99740000239,0.00312495
5.99760000239,0.00312495
5.99780000239,0.00312495
5.99800000239,0.01875
5.99820000239,0.00312495
5.99840000239,0.00312495
5.99860000239,0.00312495
5.99880000239,0.00312495
5.99900000239,0.01875
5.99920000239,0.00312495
5.99940000239,0.00312495
5.99960000239,0.01875
5.99980000239,0.01875
6.00000000239,0.01875
6.00020000239,0.00312495
6.00040000239,0.01875
6.00060000239,0.01875
6.00080000239,0.00312495
6.00100000239,0.00312495
6.00120000239,0.01875
6.00140000239,0.00312495
6.00160000239,0.01875
6.00180000239,0.01875
6.00200000239,0.00312495
6.00220000239,0.00312495
6.00240000239,0.00312495
6.00260000239,0.00312495
6.00280000239,0.00312495
6.00300000239,0.01875
6.00320000239,0.00312495
6.00340000239,0.00312495
6.00360000239,0.00312495
6.00380000239,0.00312495
6.00400000239,-0.0125
6.00420000239,0.01875
6.00440000239,0.01875
6.00460000239,0.01875
6.00480000239,0.01875
6.00500000239,0.00312495
6.00520000239,0.00312495
6.00540000239,0.00312495
6.00560000239,0.00312495
6.00580000239,0.00312495
6.00600000239,0.00312495
6.00620000239,0.00312495
6.00640000239,-0.0125
6.00660000239,0.00312495
6.00680000239,0.01875
6.00700000239,0.00312495
6.00720000239,0.00312495
6.00740000239,0.01875
6.00760000239,0.00312495
6.00780000239,0.00312495
6.00800000239,0.00312495
6.00820000239,0.00312495
6.00840000239,0.00312495
6.00860000239,0.00312495
6.00880000239,0.00312495
6.00900000239,0.00312495
6.00920000239,0.00312495
6.00940000239,0.00312495
6.00960000239,0.00312495
6.00980000239,0.00312495
6.01000000239,0.00312495
6.01020000239,0.00312495
6.01040000239,0.00312495
6.01060000239,0.00312495
6.01080000239,0.00312495
6.01100000239,-0.0125
6.01120000239,0.01875
6.01140000239,0.00312495
6.01160000239,0.00312495
6.01180000239,0.01875
6.01200000239,0.01875
6.01220000239,0.00312495
6.01240000239,-0.0125
6.01260000239,0.00312495
6.01280000239,0.00312495
6.01300000239,0.01875
6.01320000239,0.00312495
6.01340000239,0.00312495
6.01360000239,0.00312495
6.01380000239,-0.0125
6.01400000239,0.00312495
6.01420000239,0.01875
6.01440000239,0.00312495
6.01460000239,0.00312495
6.01480000239,0.01875
6.01500000239,0.00312495
6.01520000239,0.00312495
6.01540000239,0.00312495
6.01560000239,-0.0125
6.01580000239,0.00312495
6.01600000239,0.00312495
6.01620000239,-0.0125
6.01640000239,-0.0125
6.01660000239,-0.0125
6.01680000239,-0.0125
6.01700000239,0.00312495
6.01720000239,-0.0125
6.01740000239,0.00312495
6.01760000239,0.00312495
6.01780000239,0.00312495
6.01800000239,0.00312495
6.01820000239,0.00312495
6.01840000239,-0.0125
6.01860000239,-0.0125
6.01880000239,0.00312495
6.01900000239,-0.0125
6.01920000239,0.01875
6.01940000239,0.00312495
6.01960000239,0.00312495
6.01980000239,0.00312495
6.02000000239,-0.0125
6.02020000239,-0.0125
6.02040000239,0.00312495
6.02060000239,-0.0125
6.02080000239,0.00312495
6.02100000239,-0.0125
6.02120000239,0.00312495
6.02140000239,0.00312495
6.02160000239,0.00312495
6.02180000239,0.00312495
6.02200000239,0.00312495
6.02220000239,0.00312495
6.02240000239,0.00312495
6.02260000239,0.00312495
6.02280000239,0.00312495
6.02300000239,0.01875
6.02320000239,-0.0125
6.02340000239,-0.0125
6.02360000239,0.00312495
6.02380000239,-0.0125
6.02400000239,-0.0125
6.02420000239,0.00312495
6.02440000239,0.00312495
6.02460000239,0.00312495
6.02480000239,-0.0125
6.02500000239,0.00312495
6.02520000239,0.00312495
6.02540000239,0.00312495
6.02560000239,0.00312495
6.02580000239,0.00312495
6.02600000239,0.00312495
6.02620000239,0.01875
6.02640000239,0.00312495
6.02660000239,0.01875
6.02680000239,0.00312495
6.02700000239,-0.0125
6.02720000239,-0.0125
6.02740000239,-0.0125
6.02760000239,-0.0125
6.02780000239,0.00312495
6.02800000239,0.00312495
6.02820000239,-0.0125
6.02840000239,-0.0125
6.02860000239,-0.0125
6.02880000239,-0.0125
6.02900000239,-0.0125
6.02920000239,0.00312495
6.02940000239,0.00312495
6.02960000239,0.00312495
6.02980000239,0.00312495
6.03000000239,0.00312495
6.03020000239,0.00312495
6.03040000239,-0.0125
6.03060000239,-0.0125
6.03080000239,-0.0125
6.03100000239,-0.0125
6.03120000239,0.00312495
6.03140000239,0.00312495
6.03160000239,0.00312495
6.03180000239,-0.0125
6.03200000239,0.00312495
6.03220000239,-0.0125
6.03240000239,0.00312495
6.03260000239,-0.0125
6.03280000239,0.00312495
6.03300000239,-0.0125
6.03320000239,-0.0125
6.03340000239,-0.0125
6.03360000239,-0.0125
6.03380000239,-0.028125
6.03400000239,0.00312495
6.03420000239,-0.0125
6.03440000239,0.00312495
6.03460000239,0.00312495
6.03480000239,-0.0125
6.03500000239,0.00312495
6.03520000239,-0.0125
6.03540000239,-0.0125
6.03560000239,0.00312495
6.03580000239,-0.0125
6.03600000239,-0.0125
6.03620000239,0.00312495
6.03640000239,0.00312495
6.03660000239,-0.028125
6.03680000239,-0.0125
6.03700000239,0.00312495
6.03720000239,0.00312495
6.03740000239,-0.0125
6.03760000239,-0.028125
6.03780000239,0.00312495
6.03800000239,-0.028125
6.03820000239,0.00312495
6.03840000239,0.00312495
6.03860000239,-0.0125
6.03880000239,-0.0125
6.03900000239,0.00312495
6.03920000239,-0.0125
6.03940000239,-0.0125
6.03960000239,-0.0125
6.03980000239,-0.0125
6.04000000239,0.00312495
6.04020000239,-0.0125
6.04040000239,0.00312495
6.04060000239,-0.0125
6.04080000239,-0.0125
6.04100000239,0.00312495
6.04120000239,-0.0125
6.04140000239,-0.0125
6.04160000239,0.00312495
6.04180000239,-0.0125
6.04200000239,-0.0125
6.04220000239,0.00312495
6.04240000239,-0.0125
6.04260000239,-0.028125
6.04280000239,0.00312495
6.04300000239,-0.0125
6.04320000239,0.00312495
6.04340000239,-0.0125
6.04360000239,0.00312495
6.04380000239,-0.0125
6.04400000239,0.00312495
6.04420000239,-0.0125
6.04440000239,-0.0125
6.04460000239,0.00312495
6.04480000239,-0.028125
6.04500000239,-0.0125
6.04520000239,0.00312495
6.04540000239,0.00312495
6.04560000239,-0.028125
6.04580000239,0.00312495
6.04600000239,-0.0125
6.04620000239,-0.0125
6.04640000239,-0.028125
6.04660000239,-0.028125
6.04680000239,-0.0125
6.04700000239,-0.0125
6.04720000239,-0.0125
6.04740000239,-0.0125
6.04760000239,-0.028125
6.04780000239,0.00312495
6.04800000239,-0.0125
6.04820000239,0.00312495
6.04840000239,-0.0125
6.04860000239,-0.0125
6.04880000239,0.00312495
6.04900000239,-0.0125
6.04920000239,-0.0125
6.04940000239,-0.0125
6.04960000239,-0.0125
6.04980000239,-0.0125
6.05000000239,0.00312495
6.05020000239,0.00312495
6.05040000239,-0.0125
6.05060000239,-0.0125
6.05080000239,0.00312495
6.05100000239,-0.0125
6.05120000239,-0.0125
6.05140000239,0.00312495
6.05160000239,0.00312495
6.05180000239,-0.028125
6.05200000239,-0.0125
6.05220000239,-0.0125
6.05240000239,-0.0125
6.05260000239,-0.0125
6.05280000239,-0.028125
6.05300000239,-0.028125
6.05320000239,-0.0125
6.05340000239,-0.0125
6.05360000239,-0.0125
6.05380000239,0.00312495
6.05400000239,0.00312495
6.05420000239,-0.0125
6.05440000239,-0.04375
6.05460000239,-0.0125
6.05480000239,-0.0125
6.05500000239,-0.0125
6.05520000239,-0.028125
6.05540000239,-0.028125
6.05560000239,-0.0125
6.05580000239,-0.028125
6.05600000239,-0.0125
6.05620000239,-0.0125
6.05640000239,-0.028125
6.05660000239,-0.0125
6.05680000239,-0.028125
6.05700000239,-0.0125
6.05720000239,-0.0125
6.05740000239,-0.0125
6.05760000239,-0.028125
6.05780000239,-0.0125
6.05800000239,-0.0125
6.05820000239,-0.0125
6.05840000239,-0.028125
6.05860000239,-0.0125
6.05880000239,-0.028125
6.05900000239,-0.0125
6.05920000239,-0.0125
6.05940000239,-0.028125
6.05960000239,-0.0125
6.05980000239,-0.0125
6.06000000239,-0.0125
6.06020000239,-0.0125
6.06040000239,-0.028125
6.06060000239,-0.028125
6.06080000239,-0.028125
6.06100000239,-0.0125
6.06120000239,-0.0125
6.06140000239,-0.028125
6.06160000239,-0.028125
6.06180000239,-0.028125
6.06200000239,-0.0125
6.06220000239,-0.0125
6.06240000239,-0.0125
6.06260000239,-0.0125
6.06280000239,-0.0125
6.06300000239,-0.04375
6.06320000239,-0.028125
6.06340000239,-0.028125
6.06360000239,-0.0125
6.06380000239,-0.0125
6.06400000239,-0.0125
6.06420000239,-0.028125
6.06440000239,-0.028125
6.06460000239,-0.0125
6.06480000239,-0.0125
6.06500000239,-0.028125
6.06520000239,-0.0125
6.06540000239,-0.028125
6.06560000239,-0.028125
6.06580000239,-0.028125
6.06600000239,-0.028125
6.06620000239,-0.0125
6.06640000239,-0.028125
6.06660000239,-0.028125
6.06680000239,-0.028125
6.06700000239,-0.0125
6.06720000239,-0.028125
6.06740000239,-0.028125
6.06760000239,-0.028125
6.06780000239,-0.0125
6.06800000239,-0.028125
6.06820000239,-0.028125
6.06840000239,-0.0125
6.06860000239,-0.0125
6.06880000239,-0.0125
6.06900000239,-0.0125
6.06920000239,-0.028125
6.06940000239,-0.028125
6.06960000239,-0.028125
6.06980000239,-0.0125
6.07000000239,-0.028125
6.07020000239,-0.028125
6.07040000239,-0.0125
6.07060000239,-0.0125
6.07080000239,-0.028125
6.07100000239,-0.028125
6.07120000239,-0.028125
6.07140000239,-0.028125
6.07160000239,-0.028125
6.07180000239,-0.028125
6.07200000239,-0.0125
6.07220000239,-0.028125
6.07240000239,-0.028125
6.07260000239,-0.028125
6.07280000239,-0.028125
6.07300000239,-0.0125
6.07320000239,-0.0125
6.07340000239,-0.0125
6.07360000239,-0.028125
6.07380000239,-0.028125
6.07400000239,-0.0125
6.07420000239,-0.028125
6.07440000239,-0.0125
6.07460000239,-0.0125
6.07480000239,-0.0125
6.07500000239,-0.028125
6.07520000239,-0.0125
6.07540000239,-0.028125
6.07560000239,0.00312495
6.07580000239,-0.028125
6.07600000239,-0.0125
6.07620000239,-0.0125
6.07640000239,-0.0125
6.07660000239,-0.0125
6.07680000239,0.00312495
6.07700000239,-0.028125
6.07720000239,-0.028125
6.07740000239,-0.028125
6.07760000239,-0.028125
6.07780000239,-0.028125
6.07800000239,-0.0125
6.07820000239,-0.028125
6.07840000239,-0.0125
6.07860000239,-0.0125
6.07880000239,-0.028125
6.07900000239,-0.028125
6.07920000239,-0.028125
6.07940000239,0.00312495
6.07960000239,-0.028125
6.07980000239,-0.04375
6.08000000239,-0.0125
6.08020000239,-0.028125
6.08040000239,-0.028125
6.08060000239,-0.028125
6.08080000239,-0.0125
6.08100000239,-0.028125
6.08120000239,-0.0125
6.08140000239,-0.028125
6.08160000239,-0.0125
6.08180000239,-0.028125
6.08200000239,-0.028125
6.08220000239,-0.0125
6.08240000239,-0.028125
6.08260000239,-0.028125
6.08280000239,-0.028125
6.08300000239,-0.028125
6.08320000239,-0.028125
6.08340000239,-0.028125
6.08360000239,-0.0125
6.08380000239,-0.028125
6.08400000239,-0.0125
6.08420000239,-0.04375
6.08440000239,-0.028125
6.08460000239,-0.04375
6.08480000239,-0.04375
6.08500000239,-0.028125
6.08520000239,-0.028125
6.08540000239,-0.0125
6.08560000239,-0.0125
6.08580000239,-0.0125
6.08600000239,-0.028125
6.08620000239,-0.0125
6.08640000239,-0.028125
6.08660000239,-0.0125
6.08680000239,-0.028125
6.08700000239,-0.0125
6.08720000239,-0.028125
6.08740000239,-0.0125
6.08760000239,-0.0125
6.08780000239,-0.0125
6.08800000239,-0.028125
6.08820000239,-0.0125
6.08840000239,-0.028125
6.08860000239,-0.028125
6.08880000239,-0.028125
6.08900000239,-0.0125
6.08920000239,-0.028125
6.08940000239,-0.028125
6.08960000239,-0.028125
6.08980000239,-0.028125
6.09000000239,-0.028125
6.09020000239,-0.028125
6.09040000239,-0.04375
6.09060000239,-0.028125
6.09080000239,-0.028125
6.09100000239,-0.028125
6.09120000239,-0.028125
6.09140000239,-0.0125
6.09160000239,-0.028125
6.09180000239,-0.028125
6.09200000239,-0.028125
6.09220000239,-0.028125
6.09240000239,-0.028125
6.09260000239,-0.04375
6.09280000239,-0.028125
6.09300000239,-0.028125
6.09320000239,-0.0125
6.09340000239,-0.028125
6.09360000239,-0.0125
6.09380000239,-0.028125
6.09400000239,-0.028125
6.09420000239,-0.028125
6.09440000239,-0.028125
6.09460000239,-0.028125
6.09480000239,-0.028125
6.09500000239,-0.028125
6.09520000239,-0.028125
6.09540000239,-0.04375
6.09560000239,-0.028125
6.09580000239,-0.028125
6.09600000239,-0.04375
6.09620000239,-0.028125
6.09640000239,-0.028125
6.09660000239,-0.0125
6.09680000239,-0.028125
6.09700000239,-0.028125
6.09720000239,-0.04375
6.09740000239,-0.0125
6.09760000239,-0.028125
6.09780000239,-0.028125
6.09800000239,-0.0125
6.09820000239,-0.028125
6.09840000239,-0.028125
6.09860000239,-0.028125
6.09880000239,-0.04375
6.09900000239,-0.04375
6.09920000239,-0.028125
6.09940000239,-0.028125
6.09960000239,-0.028125
6.09980000239,-0.0125
6.10000000239,-0.04375
6.10020000239,-0.0125
6.10040000239,-0.028125
6.10060000239,-0.028125
6.10080000239,-0.04375
6.10100000239,-0.028125
6.10120000239,-0.028125
6.10140000239,-0.0125
6.10160000239,-0.04375
6.10180000239,-0.0125
6.10200000239,-0.028125
6.10220000239,-0.028125
6.10240000239,-0.028125
6.10260000239,-0.028125
6.10280000239,-0.04375
6.10300000239,-0.028125
6.10320000239,-0.028125
6.10340000239,-0.0125
6.10360000239,-0.028125
6.10380000239,-0.028125
6.10400000239,-0.04375
6.10420000239,-0.028125
6.10440000239,-0.028125
6.10460000239,-0.028125
6.10480000239,-0.028125
6.10500000239,-0.028125
6.10520000239,-0.028125
6.10540000239,-0.028125
6.10560000239,-0.028125
6.10580000239,-0.028125
6.10600000239,-0.04375
6.10620000239,-0.04375
6.10640000239,-0.0125
6.10660000239,-0.028125
6.10680000239,-0.028125
6.10700000239,-0.04375
6.10720000239,-0.04375
6.10740000239,-0.04375
6.10760000239,-0.028125
6.10780000239,-0.028125
6.10800000239,-0.028125
6.10820000239,-0.0125
6.10840000239,-0.028125
6.10860000239,-0.04375
6.10880000239,-0.028125
6.10900000239,-0.04375
6.10920000239,-0.04375
6.10940000239,-0.028125
6.10960000239,-0.028125
6.10980000239,-0.028125
6.11000000239,-0.028125
6.11020000239,-0.028125
6.11040000239,-0.04375
6.11060000239,-0.028125
6.11080000239,-0.028125
6.11100000239,-0.028125
6.11120000239,-0.028125
6.11140000239,-0.028125
6.11160000239,-0.028125
6.11180000239,-0.0125
6.11200000239,-0.0125
6.11220000239,-0.0125
6.11240000239,-0.028125
6.11260000239,-0.0125
6.11280000239,-0.028125
6.11300000239,-0.028125
6.11320000239,-0.0125
6.11340000239,-0.0125
6.11360000239,-0.028125
6.11380000239,-0.0125
6.11400000239,-0.028125
6.11420000239,-0.04375
6.11440000239,-0.028125
6.11460000239,-0.04375
6.11480000239,-0.028125
6.11500000239,-0.028125
6.11520000239,-0.028125
6.11540000239,-0.028125
6.11560000239,-0.028125
6.11580000239,-0.028125
6.11600000239,-0.028125
6.11620000239,-0.028125
6.11640000239,-0.028125
6.11660000239,-0.028125
6.11680000239,-0.028125
6.11700000239,-0.04375
6.11720000239,-0.0125
6.11740000239,-0.0125
6.11760000239,-0.04375
6.11780000239,-0.028125
6.11800000239,-0.028125
6.11820000239,-0.028125
6.11840000239,-0.04375
6.11860000239,-0.028125
6.11880000239,-0.028125
6.11900000239,-0.028125
6.11920000239,-0.028125
6.11940000239,-0.028125
6.11960000239,-0.028125
6.11980000239,-0.028125
6.12000000239,-0.04375
6.12020000239,-0.028125
6.12040000239,-0.028125
6.12060000239,-0.028125
6.12080000239,-0.04375
6.12100000239,-0.028125
6.12120000239,-0.028125
6.12140000239,-0.028125
6.12160000239,-0.04375
6.12180000239,-0.028125
6.12200000239,-0.028125
6.12220000239,-0.028125
6.12240000239,-0.028125
6.12260000239,-0.028125
6.12280000239,-0.028125
6.12300000239,-0.04375
6.12320000239,-0.028125
6.12340000239,-0.04375
6.12360000239,-0.028125
6.12380000239,-0.04375
6.12400000239,-0.028125
6.12420000239,-0.028125
6.12440000239,-0.04375
6.12460000239,-0.028125
6.12480000239,-0.028125
6.12500000239,-0.04375
6.12520000239,-0.028125
6.12540000239,-0.0125
6.12560000239,-0.028125
6.12580000239,-0.04375
6.12600000239,-0.028125
6.12620000239,-0.04375
6.12640000239,-0.028125
6.12660000239,-0.028125
6.12680000239,-0.04375
6.12700000239,-0.028125
6.12720000239,-0.028125
6.12740000239,-0.04375
6.12760000239,-0.028125
6.12780000239,-0.028125
6.12800000239,-0.028125
6.12820000239,-0.04375
6.12840000239,-0.028125
6.12860000239,-0.04375
6.12880000239,-0.04375
6.12900000239,-0.028125
6.12920000239,-0.028125
6.12940000239,-0.028125
6.12960000239,-0.04375
6.12980000239,-0.028125
6.13000000239,-0.04375
6.13020000239,-0.028125
6.13040000239,-0.028125
6.13060000239,-0.0125
6.13080000239,-0.028125
6.13100000239,-0.028125
6.13120000239,-0.028125
6.13140000239,-0.028125
6.13160000239,-0.028125
6.13180000239,-0.028125
6.13200000239,-0.028125
6.13220000239,-0.04375
6.13240000239,-0.04375
6.13260000239,-0.028125
6.13280000239,-0.04375
6.13300000239,-0.04375
6.13320000239,-0.028125
6.13340000239,-0.028125
6.13360000239,-0.04375
6.13380000239,-0.028125
6.13400000239,-0.028125
6.13420000239,-0.04375
6.13440000239,-0.0125
6.13460000239,-0.028125
6.13480000239,-0.04375
6.13500000239,-0.028125
6.13520000239,-0.028125
6.13540000239,-0.04375
6.13560000239,-0.028125
6.13580000239,-0.04375
6.13600000239,-0.04375
6.13620000239,-0.04375
6.13640000239,-0.04375
6.13660000239,-0.04375
6.13680000239,-0.028125
6.13700000239,-0.04375
6.13720000239,-0.04375
6.13740000239,-0.028125
6.13760000239,-0.04375
6.13780000239,-0.028125
6.13800000239,-0.04375
6.13820000239,-0.04375
6.13840000239,-0.028125
6.13860000239,-0.028125
6.13880000239,-0.028125
6.13900000239,-0.04375
6.13920000239,-0.028125
6.13940000239,-0.028125
6.13960000239,-0.04375
6.13980000239,-0.028125
6.14000000239,-0.028125
6.14020000239,-0.04375
6.14040000239,-0.028125
6.14060000239,-0.028125
6.14080000239,-0.028125
6.14100000239,-0.028125
6.14120000239,-0.028125
6.14140000239,-0.028125
6.14160000239,-0.028125
6.14180000239,-0.0125
6.14200000239,-0.0125
6.14220000239,-0.059375
6.14240000239,-0.04375
6.14260000239,-0.04375
6.14280000239,-0.04375
6.14300000239,-0.028125
6.14320000239,-0.028125
6.14340000239,-0.04375
6.14360000239,-0.028125
6.14380000239,-0.04375
6.14400000239,-0.0125
6.14420000239,-0.04375
6.14440000239,-0.028125
6.14460000239,-0.028125
6.14480000239,-0.028125
6.14500000239,-0.028125
6.14520000239,-0.028125
6.14540000239,-0.0125
6.14560000239,-0.059375
6.14580000239,-0.028125
6.14600000239,-0.028125
6.14620000239,-0.028125
6.14640000239,-0.028125
6.14660000239,-0.04375
6.14680000239,-0.028125
6.14700000239,-0.04375
6.14720000239,-0.04375
6.14740000239,-0.028125
6.14760000239,-0.028125
6.14780000239,-0.04375
6.14800000239,-0.04375
6.14820000239,-0.04375
6.14840000239,-0.04375
6.14860000239,-0.04375
6.14880000239,-0.059375
6.14900000239,-0.04375
6.14920000239,-0.028125
6.14940000239,-0.059375
6.14960000239,-0.028125
6.14980000239,-0.028125
6.15000000239,-0.04375
6.15020000239,-0.04375
6.15040000239,-0.04375
6.15060000239,-0.04375
6.15080000239,-0.04375
6.15100000239,-0.04375
6.15120000239,-0.04375
6.15140000239,-0.04375
6.15160000239,-0.028125
6.15180000239,-0.028125
6.15200000239,-0.04375
6.15220000239,-0.028125
6.15240000239,-0.04375
6.15260000239,-0.028125
6.15280000239,-0.04375
6.15300000239,-0.04375
6.15320000239,-0.04375
6.15340000239,-0.028125
6.15360000239,-0.04375
6.15380000239,-0.04375
6.15400000239,-0.028125
6.15420000239,-0.028125
6.15440000239,-0.028125
6.15460000239,-0.04375
6.15480000239,-0.04375
6.15500000239,-0.028125
6.15520000239,-0.028125
6.15540000239,-0.028125
6.15560000239,-0.028125
6.15580000239,-0.028125
6.15600000239,-0.04375
6.15620000239,-0.04375
6.15640000239,-0.028125
6.15660000239,-0.04375
6.15680000239,-0.028125
6.15700000239,-0.04375
6.15720000239,-0.04375
6.15740000239,-0.028125
6.15760000239,-0.028125
6.15780000239,-0.04375
6.15800000239,-0.028125
6.15820000239,-0.04375
6.15840000239,-0.028125
6.15860000239,-0.04375
6.15880000239,-0.028125
6.15900000239,-0.04375
6.15920000239,-0.059375
6.15940000239,-0.04375
6.15960000239,-0.028125
6.15980000239,-0.04375
6.16000000239,-0.028125
6.16020000239,-0.028125
6.16040000239,-0.028125
6.16060000239,-0.059375
6.16080000239,-0.028125
6.16100000239,-0.028125
6.16120000239,-0.04375
6.16140000239,-0.028125
6.16160000239,-0.028125
6.16180000239,-0.04375
6.16200000239,-0.04375
6.16220000239,-0.028125
6.16240000239,-0.04375
6.16260000239,-0.04375
6.16280000239,-0.028125
6.16300000239,-0.04375
6.16320000239,-0.04375
6.16340000239,-0.04375
6.16360000239,-0.04375
6.16380000239,-0.04375
6.16400000239,-0.04375
6.16420000239,-0.04375
6.16440000239,-0.04375
6.16460000239,-0.04375
6.16480000239,-0.04375
6.16500000239,-0.04375
6.16520000239,-0.04375
6.16540000239,-0.04375
6.16560000239,-0.04375
6.16580000239,-0.04375
6.16600000239,-0.04375
6.16620000239,-0.04375
6.16640000239,-0.04375
6.16660000239,-0.028125
6.16680000239,-0.04375
6.16700000239,-0.028125
6.16720000239,-0.04375
6.16740000239,-0.04375
6.16760000239,-0.028125
6.16780000239,-0.04375
6.16800000239,-0.028125
6.16820000239,-0.04375
6.16840000239,-0.04375
6.16860000239,-0.04375
6.16880000239,-0.028125
6.16900000239,-0.028125
6.16920000239,-0.028125
6.16940000239,-0.04375
6.16960000239,-0.028125
6.16980000239,-0.04375
6.17000000239,-0.028125
6.17020000239,-0.028125
6.17040000239,-0.04375
6.17060000239,-0.04375
6.17080000239,-0.04375
6.17100000239,-0.028125
6.17120000239,-0.028125
6.17140000239,-0.028125
6.17160000239,-0.04375
6.17180000239,-0.04375
6.17200000239,-0.04375
6.17220000239,-0.028125
6.17240000239,-0.028125
6.17260000239,-0.04375
6.17280000239,-0.028125
6.17300000239,-0.028125
6.17320000239,-0.028125
6.17340000239,-0.04375
6.17360000239,-0.028125
6.17380000239,-0.028125
6.17400000239,-0.028125
6.17420000239,-0.04375
6.17440000239,-0.04375
6.17460000239,-0.028125
6.17480000239,-0.04375
6.17500000239,-0.028125
6.17520000239,-0.04375
6.17540000239,-0.04375
6.17560000239,-0.04375
6.17580000239,-0.04375
6.17600000239,-0.04375
6.17620000239,-0.0125
6.17640000239,-0.04375
6.17660000239,-0.028125
6.17680000239,-0.04375
6.17700000239,-0.028125
6.17720000239,-0.04375
6.17740000239,-0.028125
6.17760000239,-0.028125
6.17780000239,-0.04375
6.17800000239,-0.028125
6.17820000239,-0.04375
6.17840000239,-0.04375
6.17860000239,-0.04375
6.17880000239,-0.04375
6.17900000239,-0.028125
6.17920000239,-0.04375
6.17940000239,-0.059375
6.17960000239,-0.028125
6.17980000239,-0.04375
6.18000000239,-0.04375
6.18020000239,-0.04375
6.18040000239,-0.04375
6.18060000239,-0.059375
6.18080000239,-0.04375
6.18100000239,-0.04375
6.18120000239,-0.0125
6.18140000239,-0.059375
6.18160000239,-0.028125
6.18180000239,-0.04375
6.18200000239,-0.04375
6.18220000239,-0.028125
6.18240000239,-0.04375
6.18260000239,-0.04375
6.18280000239,-0.028125
6.18300000239,-0.04375
6.18320000239,-0.04375
6.18340000239,-0.028125
6.18360000239,-0.04375
6.18380000239,-0.04375
6.18400000239,-0.04375
6.18420000239,-0.028125
6.18440000239,-0.04375
6.18460000239,-0.04375
6.18480000239,-0.04375
6.18500000239,-0.059375
6.18520000239,-0.04375
6.18540000239,-0.04375
6.18560000239,-0.028125
6.18580000239,-0.028125
6.18600000239,-0.04375
6.18620000239,-0.04375
6.18640000239,-0.028125
6.18660000239,-0.028125
6.18680000239,-0.04375
6.18700000239,-0.04375
6.18720000239,-0.028125
6.18740000239,-0.04375
6.18760000239,-0.04375
6.18780000239,-0.059375
6.18800000239,-0.028125
6.18820000239,-0.04375
6.18840000239,-0.04375
6.18860000239,-0.04375
6.18880000239,-0.028125
6.18900000239,-0.028125
6.18920000239,-0.04375
6.18940000239,-0.028125
6.18960000239,-0.028125
6.18980000239,-0.04375
6.19000000239,-0.04375
6.19020000239,-0.04375
6.19040000239,-0.04375
6.19060000239,-0.04375
6.19080000239,-0.028125
6.19100000239,-0.04375
6.19120000239,-0.028125
6.19140000239,-0.028125
6.19160000239,-0.04375
6.19180000239,-0.04375
6.19200000239,-0.04375
6.19220000239,-0.04375
6.19240000239,-0.04375
6.19260000239,-0.028125
6.19280000239,-0.04375
6.19300000239,-0.028125
6.19320000239,-0.04375
6.19340000239,-0.04375
6.19360000239,-0.04375
6.19380000239,-0.04375
6.19400000239,-0.04375
6.19420000239,-0.04375
6.19440000239,-0.028125
6.19460000239,-0.028125
6.19480000239,-0.04375
6.19500000239,-0.059375
6.19520000239,-0.028125
6.19540000239,-0.04375
6.19560000239,-0.059375
6.19580000239,-0.059375
6.19600000239,-0.04375
6.19620000239,-0.04375
6.19640000239,-0.059375
6.19660000239,-0.028125
6.19680000239,-0.04375
6.19700000239,-0.028125
6.19720000239,-0.04375
6.19740000239,-0.04375
6.19760000239,-0.04375
6.19780000239,-0.04375
6.19800000239,-0.04375
6.19820000239,-0.04375
6.19840000239,-0.028125
6.19860000239,-0.04375
6.19880000239,-0.04375
6.19900000239,-0.04375
6.19920000239,-0.04375
6.19940000239,-0.04375
6.19960000239,-0.028125
6.19980000239,-0.04375
6.20000000239,-0.059375
6.20020000239,-0.059375
6.20040000239,-0.04375
6.20060000239,-0.04375
6.20080000239,-0.04375
6.20100000239,-0.04375
6.20120000239,-0.04375
6.20140000239,-0.04375
6.20160000239,-0.059375
6.20180000239,-0.028125
6.20200000239,-0.04375
6.20220000239,-0.04375
6.20240000239,-0.04375
6.20260000239,-0.04375
6.20280000239,-0.04375
6.20300000239,-0.04375
6.20320000239,-0.04375
6.20340000239,-0.028125
6.20360000239,-0.04375
6.20380000239,-0.04375
6.20400000239,-0.04375
6.20420000239,-0.04375
6.20440000239,-0.028125
6.20460000239,-0.04375
6.20480000239,-0.04375
6.20500000239,-0.04375
6.20520000239,-0.028125
6.20540000239,-0.028125
6.20560000239,-0.04375
6.20580000239,-0.04375
6.20600000239,-0.04375
6.20620000239,-0.04375
6.20640000239,-0.04375
6.20660000239,-0.04375
6.20680000239,-0.028125
6.20700000239,-0.04375
6.20720000239,-0.04375
6.20740000239,-0.04375
6.20760000239,-0.04375
6.20780000239,-0.04375
6.20800000239,-0.04375
6.20820000239,-0.04375
6.20840000239,-0.028125
6.20860000239,-0.04375
6.20880000239,-0.04375
6.20900000239,-0.04375
6.20920000239,-0.04375
6.20940000239,-0.028125
6.20960000239,-0.028125
6.20980000239,-0.04375
6.21000000239,-0.04375
6.21020000239,-0.04375
6.21040000239,-0.04375
6.21060000239,-0.028125
6.21080000239,-0.04375
6.21100000239,-0.04375
6.21120000239,-0.028125
6.21140000239,-0.028125
6.21160000239,-0.04375
6.21180000239,-0.04375
6.21200000239,-0.028125
6.21220000239,-0.04375
6.21240000239,-0.04375
6.21260000239,-0.04375
6.21280000239,-0.059375
6.21300000239,-0.04375
6.21320000239,-0.04375
6.21340000239,-0.04375
6.21360000239,-0.028125
6.21380000239,-0.04375
6.21400000239,-0.04375
6.21420000239,-0.059375
6.21440000239,-0.04375
6.21460000239,-0.028125
6.21480000239,-0.04375
6.21500000239,-0.04375
6.21520000239,-0.059375
6.21540000239,-0.04375
6.21560000239,-0.04375
6.21580000239,-0.04375
6.21600000239,-0.04375
6.21620000239,-0.04375
6.21640000239,-0.04375
6.21660000239,-0.04375
6.21680000239,-0.028125
6.21700000239,-0.04375
6.21720000239,-0.04375
6.21740000239,-0.04375
6.21760000239,-0.028125
6.21780000239,-0.059375
6.21800000239,-0.04375
6.21820000239,-0.04375
6.21840000239,-0.04375
6.21860000239,-0.028125
6.21880000239,-0.059375
6.21900000239,-0.028125
6.21920000239,-0.04375
6.21940000239,-0.04375
6.21960000239,-0.04375
6.21980000239,-0.04375
6.22000000239,-0.04375
6.22020000239,-0.04375
6.22040000239,-0.04375
6.22060000239,-0.0125
6.22080000239,-0.04375
6.22100000239,-0.04375
6.22120000239,-0.059375
6.22140000239,-0.059375
6.22160000239,-0.04375
6.22180000239,-0.04375
6.22200000239,-0.04375
6.22220000239,-0.04375
6.22240000239,-0.04375
6.22260000239,-0.04375
6.22280000239,-0.028125
6.22300000239,-0.04375
6.22320000239,-0.04375
6.22340000239,-0.04375
6.22360000239,-0.04375
6.22380000239,-0.028125
6.22400000239,-0.04375
6.22420000239,-0.04375
6.22440000239,-0.04375
6.22460000239,-0.04375
6.22480000239,-0.04375
6.22500000239,-0.04375
6.22520000239,-0.059375
6.22540000239,-0.028125
6.22560000239,-0.04375
6.22580000239,-0.059375
6.22600000239,-0.059375
6.22620000239,-0.04375
6.22640000239,-0.04375
6.22660000239,-0.04375
6.22680000239,-0.028125
6.22700000239,-0.04375
6.22720000239,-0.059375
6.22740000239,-0.04375
6.22760000239,-0.04375
6.22780000239,-0.04375
6.22800000239,-0.059375
6.22820000239,-0.04375
6.22840000239,-0.04375
6.22860000239,-0.04375
6.22880000239,-0.028125
6.22900000239,-0.04375
6.22920000239,-0.04375
6.22940000239,-0.04375
6.22960000239,-0.04375
6.22980000239,-0.04375
6.23000000239,-0.028125
6.23020000239,-0.04375
6.23040000239,-0.028125
6.23060000239,-0.028125
6.23080000239,-0.04375
6.23100000239,-0.04375
6.23120000239,-0.04375
6.23140000239,-0.04375
6.23160000239,-0.04375
6.23180000239,-0.059375
6.23200000239,-0.04375
6.23220000239,-0.04375
6.23240000239,-0.04375
6.23260000239,-0.028125
6.23280000239,-0.04375
6.23300000239,-0.059375
6.23320000239,-0.04375
6.23340000239,-0.04375
6.23360000239,-0.04375
6.23380000239,-0.04375
6.23400000239,-0.04375
6.23420000239,-0.028125
6.23440000239,-0.028125
6.23460000239,-0.04375
6.23480000239,-0.04375
6.23500000239,-0.04375
6.23520000239,-0.04375
6.23540000239,-0.04375
6.23560000239,-0.04375
6.23580000239,-0.04375
6.23600000239,-0.059375
6.23620000239,-0.04375
6.23640000239,-0.04375
6.23660000239,-0.04375
6.23680000239,-0.04375
6.23700000239,-0.04375
6.23720000239,-0.04375
6.23740000239,-0.04375
6.23760000239,-0.04375
6.23780000239,-0.04375
6.23800000239,-0.04375
6.23820000239,-0.028125
6.23840000239,-0.04375
6.23860000239,-0.04375
6.23880000239,-0.059375
6.23900000239,-0.04375
6.23920000239,-0.04375
6.23940000239,-0.04375
6.23960000239,-0.04375
6.23980000239,-0.04375
6.24000000239,-0.04375
6.24020000239,-0.04375
6.24040000239,-0.04375
6.24060000239,-0.04375
6.24080000239,-0.059375
6.24100000239,-0.059375
6.24120000239,-0.04375
6.24140000239,-0.04375
6.24160000239,-0.059375
6.24180000239,-0.04375
6.24200000239,-0.04375
6.24220000239,-0.04375
6.24240000239,-0.04375
6.24260000239,-0.04375
6.24280000239,-0.04375
6.24300000239,-0.04375
6.24320000239,-0.04375
6.24340000239,-0.04375
6.24360000239,-0.028125
6.24380000239,-0.04375
6.24400000239,-0.028125
6.24420000239,-0.059375
6.24440000239,-0.04375
6.24460000239,-0.04375
6.24480000239,-0.059375
6.24500000239,-0.04375
6.24520000239,-0.028125
6.24540000239,-0.04375
6.24560000239,-0.04375
6.24580000239,-0.059375
6.24600000239,-0.059375
6.24620000239,-0.059375
6.24640000239,-0.04375
6.24660000239,-0.04375
6.24680000239,-0.04375
6.24700000239,-0.04375
6.24720000239,-0.04375
6.24740000239,-0.04375
6.24760000239,-0.028125
6.24780000239,-0.04375
6.24800000239,-0.04375
6.24820000239,-0.04375
6.24840000239,-0.059375
6.24860000239,-0.059375
6.24880000239,-0.059375
6.24900000239,-0.04375
6.24920000239,-0.04375
6.24940000239,-0.04375
6.24960000239,-0.059375
6.24980000239,-0.059375
6.25000000239,-0.028125
6.25020000239,-0.04375
6.25040000239,-0.059375
6.25060000239,-0.04375
6.25080000239,-0.04375
6.25100000239,-0.059375
6.25120000239,-0.04375
6.25140000239,-0.04375
6.25160000239,-0.04375
6.25180000239,-0.04375
6.25200000239,-0.04375
6.25220000239,-0.04375
6.25240000239,-0.04375
6.25260000239,-0.059375
6.25280000239,-0.04375
6.25300000239,-0.028125
6.25320000239,-0.04375
6.25340000239,-0.028125
6.25360000239,-0.04375
6.25380000239,-0.04375
6.25400000239,-0.04375
6.25420000239,-0.04375
6.25440000239,-0.059375
6.25460000239,-0.04375
6.25480000239,-0.059375
6.25500000239,-0.04375
6.25520000239,-0.04375
6.25540000239,-0.04375
6.25560000239,-0.04375
6.25580000239,-0.04375
6.25600000239,-0.04375
6.25620000239,-0.04375
6.25640000239,-0.04375
6.25660000239,-0.04375
6.25680000239,-0.04375
6.25700000239,-0.028125
6.25720000239,-0.04375
6.25740000239,-0.04375
6.25760000239,-0.04375
6.25780000239,-0.04375
6.25800000239,-0.04375
6.25820000239,-0.04375
6.25840000239,-0.04375
6.25860000239,-0.059375
6.25880000239,-0.04375
6.25900000239,-0.059375
6.25920000239,-0.059375
6.25940000239,-0.059375
6.25960000239,-0.059375
6.25980000239,-0.04375
6.26000000239,-0.04375
6.26020000239,-0.04375
6.26040000239,-0.04375
6.26060000239,-0.028125
6.26080000239,-0.04375
6.26100000239,-0.04375
6.26120000239,-0.059375
6.26140000239,-0.04375
6.26160000239,-0.04375
6.26180000239,-0.04375
6.26200000239,-0.028125
6.26220000239,-0.04375
6.26240000239,-0.04375
6.26260000239,-0.04375
6.26280000239,-0.04375
6.26300000239,-0.04375
6.26320000239,-0.04375
6.26340000239,-0.04375
6.26360000239,-0.04375
6.26380000239,-0.04375
6.26400000239,-0.04375
6.26420000239,-0.04375
6.26440000239,-0.04375
6.26460000239,-0.04375
6.26480000239,-0.059375
6.26500000239,-0.04375
6.26520000239,-0.059375
6.26540000239,-0.059375
6.26560000239,-0.028125
6.26580000239,-0.04375
6.26600000239,-0.04375
6.26620000239,-0.04375
6.26640000239,-0.04375
6.26660000239,-0.04375
6.26680000239,-0.04375
6.26700000239,-0.059375
6.26720000239,-0.059375
6.26740000239,-0.04375
6.26760000239,-0.04375
6.26780000239,-0.04375
6.26800000239,-0.04375
6.26820000239,-0.04375
6.26840000239,-0.059375
6.26860000239,-0.04375
6.26880000239,-0.04375
6.26900000239,-0.04375
6.26920000239,-0.04375
6.26940000239,-0.059375
6.26960000239,-0.04375
6.26980000239,-0.059375
6.27000000239,-0.059375
6.27020000239,-0.059375
6.27040000239,-0.04375
6.27060000239,-0.04375
6.27080000239,-0.04375
6.27100000239,-0.059375
6.27120000239,-0.04375
6.27140000239,-0.04375
6.27160000239,-0.059375
6.27180000239,-0.059375
6.27200000239,-0.04375
6.27220000239,-0.04375
6.27240000239,-0.04375
6.27260000239,-0.04375
6.27280000239,-0.059375
6.27300000239,-0.028125
6.27320000239,-0.059375
6.27340000239,-0.04375
6.27360000239,-0.04375
6.27380000239,-0.028125
6.27400000239,-0.04375
6.27420000239,-0.04375
6.27440000239,-0.04375
6.27460000239,-0.04375
6.27480000239,-0.04375
6.27500000239,-0.04375
6.27520000239,-0.04375
6.27540000239,-0.04375
6.27560000239,-0.04375
6.27580000239,-0.059375
6.27600000239,-0.04375
6.27620000239,-0.04375
6.27640000239,-0.059375
6.27660000239,-0.04375
6.27680000239,-0.04375
6.27700000239,-0.059375
6.27720000239,-0.028125
6.27740000239,-0.04375
6.27760000239,-0.059375
6.27780000239,-0.059375
6.27800000239,-0.04375
6.27820000239,-0.059375
6.27840000239,-0.04375
6.27860000239,-0.059375
6.27880000239,-0.04375
6.27900000239,-0.059375
6.27920000239,-0.028125
6.27940000239,-0.04375
6.27960000239,-0.04375
6.27980000239,-0.04375
6.28000000239,-0.04375
6.28020000239,-0.04375
6.28040000239,-0.059375
6.28060000239,-0.04375
6.28080000239,-0.04375
6.28100000239,-0.04375
6.28120000239,-0.04375
6.28140000239,-0.04375
6.28160000239,-0.028125
6.28180000239,-0.04375
6.28200000239,-0.04375
6.28220000239,-0.028125
6.28240000239,-0.059375
6.28260000239,-0.04375
6.28280000239,-0.04375
6.28300000239,-0.028125
6.28320000239,-0.04375
6.28340000239,-0.059375
6.28360000239,-0.04375
6.28380000239,-0.04375
6.28400000239,-0.04375
6.28420000239,-0.059375
6.28440000239,-0.04375
6.28460000239,-0.059375
6.28480000239,-0.059375
6.28500000239,-0.04375
6.28520000239,-0.04375
6.28540000239,-0.059375
6.28560000239,-0.059375
6.28580000239,-0.04375
6.28600000239,-0.04375
6.28620000239,-0.04375
6.28640000239,-0.059375
6.28660000239,-0.04375
6.28680000239,-0.059375
6.28700000239,-0.04375
6.28720000239,-0.059375
6.28740000239,-0.04375
6.28760000239,-0.04375
6.28780000239,-0.059375
6.28800000239,-0.04375
6.28820000239,-0.04375
6.28840000239,-0.04375
6.28860000239,-0.04375
6.28880000239,-0.059375
6.28900000239,-0.04375
6.28920000239,-0.04375
6.28940000239,-0.04375
6.28960000239,-0.04375
6.28980000239,-0.04375
6.29000000239,-0.04375
6.29020000239,-0.04375
6.29040000239,-0.028125
6.29060000239,-0.04375
6.29080000239,-0.04375
6.29100000239,-0.059375
6.29120000239,-0.059375
6.29140000239,-0.04375
6.29160000239,-0.04375
6.29180000239,-0.04375
6.29200000239,-0.059375
6.29220000239,-0.059375
6.29240000239,-0.04375
6.29260000239,-0.04375
6.29280000239,-0.04375
6.29300000239,-0.04375
6.29320000239,-0.059375
6.29340000239,-0.04375
6.29360000239,-0.059375
6.29380000239,-0.059375
6.29400000239,-0.059375
6.29420000239,-0.028125
6.29440000239,-0.059375
6.29460000239,-0.028125
6.29480000239,-0.04375
6.29500000239,-0.04375
6.29520000239,-0.04375
6.29540000239,-0.04375
6.29560000239,-0.04375
6.29580000239,-0.04375
6.29600000239,-0.059375
6.29620000239,-0.04375
6.29640000239,-0.059375
6.29660000239,-0.04375
6.29680000239,-0.059375
6.29700000239,-0.059375
6.29720000239,-0.059375
6.29740000239,-0.04375
6.29760000239,-0.04375
6.29780000239,-0.04375
6.29800000239,-0.04375
6.29820000239,-0.028125
6.29840000239,-0.04375
6.29860000239,-0.04375
6.29880000239,-0.059375
6.29900000239,-0.04375
6.29920000239,-0.04375
6.29940000239,-0.04375
6.29960000239,-0.059375
6.29980000239,-0.04375
6.30000000239,-0.04375
6.30020000239,-0.059375
6.30040000239,-0.059375
6.30060000239,-0.059375
6.30080000239,-0.04375
6.30100000239,-0.059375
6.30120000239,-0.059375
6.30140000239,-0.059375
6.30160000239,-0.04375
6.30180000239,-0.04375
6.30200000239,-0.04375
6.30220000239,-0.04375
6.30240000239,-0.059375
6.30260000239,-0.04375
6.30280000239,-0.04375
6.30300000239,-0.04375
6.30320000239,-0.059375
6.30340000239,-0.059375
6.30360000239,-0.059375
6.30380000239,-0.04375
6.30400000239,-0.04375
6.30420000239,-0.04375
6.30440000239,-0.04375
6.30460000239,-0.04375
6.30480000239,-0.059375
6.30500000239,-0.059375
6.30520000239,-0.04375
6.30540000239,-0.04375
6.30560000239,-0.028125
6.30580000239,-0.059375
6.30600000239,-0.04375
6.30620000239,-0.04375
6.30640000239,-0.04375
6.30660000239,-0.04375
6.30680000239,-0.028125
6.30700000239,-0.059375
6.30720000239,-0.04375
6.30740000239,-0.04375
6.30760000239,-0.059375
6.30780000239,-0.059375
6.30800000239,-0.04375
6.30820000239,-0.04375
6.30840000239,-0.04375
6.30860000239,-0.028125
6.30880000239,-0.04375
6.30900000239,-0.04375
6.30920000239,-0.059375
6.30940000239,-0.04375
6.30960000239,-0.04375
6.30980000239,-0.04375
6.31000000239,-0.059375
6.31020000239,-0.04375
6.31040000239,-0.028125
6.31060000239,-0.04375
6.31080000239,-0.04375
6.31100000239,-0.04375
6.31120000239,-0.04375
6.31140000239,-0.059375
6.31160000239,-0.028125
6.31180000239,-0.04375
6.31200000239,-0.04375
6.31220000239,-0.059375
6.31240000239,-0.04375
6.31260000239,-0.059375
6.31280000239,-0.04375
6.31300000239,-0.04375
6.31320000239,-0.04375
6.31340000239,-0.04375
6.31360000239,-0.028125
6.31380000239,-0.04375
6.31400000239,-0.04375
6.31420000239,-0.04375
6.31440000239,-0.04375
6.31460000239,-0.059375
6.31480000239,-0.04375
6.31500000239,-0.04375
6.31520000239,-0.04375
6.31540000239,-0.04375
6.31560000239,-0.028125
6.31580000239,-0.04375
6.31600000239,-0.059375
6.31620000239,-0.059375
6.31640000239,-0.04375
6.31660000239,-0.028125
6.31680000239,-0.04375
6.31700000239,-0.059375
6.31720000239,-0.04375
6.31740000239,-0.028125
6.31760000239,-0.04375
6.31780000239,-0.028125
6.31800000239,-0.028125
6.31820000239,-0.04375
6.31840000239,-0.059375
6.31860000239,-0.04375
6.31880000239,-0.04375
6.31900000239,-0.04375
6.31920000239,-0.04375
6.31940000239,-0.059375
6.31960000239,-0.04375
6.31980000239,-0.059375
6.32000000239,-0.04375
6.32020000239,-0.059375
6.32040000239,-0.04375
6.32060000239,-0.04375
6.32080000239,-0.04375
6.32100000239,-0.04375
6.32120000239,-0.059375
6.32140000239,-0.04375
6.32160000239,-0.04375
6.32180000239,-0.04375
6.32200000239,-0.04375
6.32220000239,-0.04375
6.32240000239,-0.04375
6.32260000239,-0.059375
6.32280000239,-0.059375
6.32300000239,-0.028125
6.32320000239,-0.04375
6.32340000239,-0.059375
6.32360000239,-0.028125
6.32380000239,-0.04375
6.32400000239,-0.04375
6.32420000239,-0.04375
6.32440000239,-0.04375
6.32460000239,-0.059375
6.32480000239,-0.059375
6.32500000239,-0.04375
6.32520000239,-0.04375
6.32540000239,-0.04375
6.32560000239,-0.04375
6.32580000239,-0.04375
6.32600000239,-0.04375
6.32620000239,-0.059375
6.32640000239,-0.059375
6.32660000239,-0.04375
6.32680000239,-0.028125
6.32700000239,-0.028125
6.32720000239,-0.059375
6.32740000239,-0.04375
6.32760000239,-0.04375
6.32780000239,-0.028125
6.32800000239,-0.04375
6.32820000239,-0.04375
6.32840000239,-0.04375
6.32860000239,-0.04375
6.32880000239,-0.04375
6.32900000239,-0.04375
6.32920000239,-0.028125
6.32940000239,-0.04375
6.32960000239,-0.028125
6.32980000239,-0.059375
6.33000000239,-0.028125
6.33020000239,-0.059375
6.33040000239,-0.059375
6.33060000239,-0.04375
6.33080000239,-0.059375
6.33100000239,-0.04375
6.33120000239,-0.04375
6.33140000239,-0.04375
6.33160000239,-0.04375
6.33180000239,-0.04375
6.33200000239,-0.059375
6.33220000239,-0.04375
6.33240000239,-0.04375
6.33260000239,-0.028125
6.33280000239,-0.059375
6.33300000239,-0.04375
6.33320000239,-0.04375
6.33340000239,-0.04375
6.33360000239,-0.04375
6.33380000239,-0.04375
6.33400000239,-0.04375
6.33420000239,-0.075
6.33440000239,-0.04375
6.33460000239,-0.04375
6.33480000239,-0.028125
6.33500000239,-0.04375
6.33520000239,-0.04375
6.33540000239,-0.04375
6.33560000239,-0.04375
6.33580000239,-0.04375
6.33600000239,-0.04375
6.33620000239,-0.04375
6.33640000239,-0.04375
6.33660000239,-0.059375
6.33680000239,-0.04375
6.33700000239,-0.04375
6.33720000239,-0.028125
6.33740000239,-0.059375
6.33760000239,-0.04375
6.33780000239,-0.04375
6.33800000239,-0.059375
6.33820000239,-0.04375
6.33840000239,-0.04375
6.33860000239,-0.04375
6.33880000239,-0.059375
6.33900000239,-0.04375
6.33920000239,-0.028125
6.33940000239,-0.04375
6.33960000239,-0.04375
6.33980000239,-0.04375
6.34000000239,-0.04375
6.34020000239,-0.059375
6.34040000239,-0.059375
6.34060000239,-0.059375
6.34080000239,-0.04375
6.34100000239,-0.028125
6.34120000239,-0.075
6.34140000239,-0.059375
6.34160000239,-0.04375
6.34180000239,-0.059375
6.34200000239,-0.04375
6.34220000239,-0.04375
6.34240000239,-0.04375
6.34260000239,-0.04375
6.34280000239,-0.059375
6.34300000239,-0.028125
6.34320000239,-0.04375
6.34340000239,-0.059375
6.34360000239,-0.059375
6.34380000239,-0.028125
6.34400000239,-0.04375
6.34420000239,-0.04375
6.34440000239,-0.04375
6.34460000239,-0.04375
6.34480000239,-0.04375
6.34500000239,-0.059375
6.34520000239,-0.04375
6.34540000239,-0.04375
6.34560000239,-0.059375
6.34580000239,-0.04375
6.34600000239,-0.04375
6.34620000239,-0.04375
6.34640000239,-0.028125
6.34660000239,-0.04375
6.34680000239,-0.04375
6.34700000239,-0.059375
6.34720000239,-0.04375
6.34740000239,-0.059375
6.34760000239,-0.04375
6.34780000239,-0.04375
6.34800000239,-0.04375
6.34820000239,-0.04375
6.34840000239,-0.04375
6.34860000239,-0.04375
6.34880000239,-0.059375
6.34900000239,-0.059375
6.34920000239,-0.04375
6.34940000239,-0.04375
6.34960000239,-0.04375
6.34980000239,-0.04375
6.35000000239,-0.04375
6.35020000239,-0.059375
6.35040000239,-0.04375
6.35060000239,-0.059375
6.35080000239,-0.04375
6.35100000239,-0.059375
6.35120000239,-0.04375
6.35140000239,-0.04375
6.35160000239,-0.04375
6.35180000239,-0.04375
6.35200000239,-0.028125
6.35220000239,-0.04375
6.35240000239,-0.059375
6.35260000239,-0.04375
6.35280000239,-0.059375
6.35300000239,-0.04375
6.35320000239,-0.04375
6.35340000239,-0.04375
6.35360000239,-0.059375
6.35380000239,-0.04375
6.35400000239,-0.059375
6.35420000239,-0.059375
6.35440000239,-0.059375
6.35460000239,-0.059375
6.35480000239,-0.04375
6.35500000239,-0.04375
6.35520000239,-0.059375
6.35540000239,-0.04375
6.35560000239,-0.04375
6.35580000239,-0.059375
6.35600000239,-0.059375
6.35620000239,-0.059375
6.35640000239,-0.04375
6.35660000239,-0.059375
6.35680000239,-0.04375
6.35700000239,-0.059375
6.35720000239,-0.04375
6.35740000239,-0.059375
6.35760000239,-0.028125
6.35780000239,-0.04375
6.35800000239,-0.04375
6.35820000239,-0.04375
6.35840000239,-0.04375
6.35860000239,-0.04375
6.35880000239,-0.04375
6.35900000239,-0.04375
6.35920000239,-0.04375
6.35940000239,-0.04375
6.35960000239,-0.04375
6.35980000239,-0.04375
6.36000000239,-0.059375
6.36020000239,-0.059375
6.36040000239,-0.04375
6.36060000239,-0.028125
6.36080000239,-0.028125
6.36100000239,-0.04375
6.36120000239,-0.04375
6.36140000239,-0.04375
6.36160000239,-0.04375
6.36180000239,-0.04375
6.36200000239,-0.04375
6.36220000239,-0.059375
6.36240000239,-0.04375
6.36260000239,-0.059375
6.36280000239,-0.059375
6.36300000239,-0.04375
6.36320000239,-0.028125
6.36340000239,-0.04375
6.36360000239,-0.059375
6.36380000239,-0.059375
6.36400000239,-0.04375
6.36420000239,-0.04375
6.36440000239,-0.04375
6.36460000239,-0.04375
6.36480000239,-0.04375
6.36500000239,-0.04375
6.36520000239,-0.04375
6.36540000239,-0.028125
6.36560000239,-0.04375
6.36580000239,-0.04375
6.36600000239,-0.059375
6.36620000239,-0.04375
6.36640000239,-0.04375
6.36660000239,-0.059375
6.36680000239,-0.028125
6.36700000239,-0.075
6.36720000239,-0.059375
6.36740000239,-0.04375
6.36760000239,-0.028125
6.36780000239,-0.059375
6.36800000239,-0.04375
6.36820000239,-0.04375
6.36840000239,-0.04375
6.36860000239,-0.04375
6.36880000239,-0.04375
6.36900000239,-0.059375
6.36920000239,-0.04375
6.36940000239,-0.04375
6.36960000239,-0.04375
6.36980000239,-0.04375
6.37000000239,-0.059375
6.37020000239,-0.04375
6.37040000239,-0.04375
6.37060000239,-0.028125
6.37080000239,-0.028125
6.37100000239,-0.059375
6.37120000239,-0.04375
6.37140000239,-0.04375
6.37160000239,-0.04375
6.37180000239,-0.059375
6.37200000239,-0.059375
6.37220000239,-0.04375
6.37240000239,-0.04375
6.37260000239,-0.075
6.37280000239,-0.04375
6.37300000239,-0.04375
6.37320000239,-0.04375
6.37340000239,-0.04375
6.37360000239,-0.04375
6.37380000239,-0.028125
6.37400000239,-0.04375
6.37420000239,-0.04375
6.37440000239,-0.059375
6.37460000239,-0.04375
6.37480000239,-0.059375
6.37500000239,-0.059375
6.37520000239,-0.04375
6.37540000239,-0.04375
6.37560000239,-0.04375
6.37580000239,-0.04375
6.37600000239,-0.04375
6.37620000239,-0.04375
6.37640000239,-0.059375
6.37660000239,-0.059375
6.37680000239,-0.04375
6.37700000239,-0.04375
6.37720000239,-0.04375
6.37740000239,-0.04375
6.37760000239,-0.059375
6.37780000239,-0.04375
6.37800000239,-0.059375
6.37820000239,-0.04375
6.37840000239,-0.059375
6.37860000239,-0.059375
6.37880000239,-0.04375
6.37900000239,-0.059375
6.37920000239,-0.04375
6.37940000239,-0.059375
6.37960000239,-0.028125
6.37980000239,-0.04375
6.38000000239,-0.04375
6.38020000239,-0.04375
6.38040000239,-0.04375
6.38060000239,-0.04375
6.38080000239,-0.04375
6.38100000239,-0.059375
6.38120000239,-0.04375
6.38140000239,-0.059375
6.38160000239,-0.059375
6.38180000239,-0.04375
6.38200000239,-0.04375
6.38220000239,-0.04375
6.38240000239,-0.059375
6.38260000239,-0.04375
6.38280000239,-0.04375
6.38300000239,-0.04375
6.38320000239,-0.04375
6.38340000239,-0.04375
6.38360000239,-0.04375
6.38380000239,-0.059375
6.38400000239,-0.04375
6.38420000239,-0.04375
6.38440000239,-0.04375
6.38460000239,-0.059375
6.38480000239,-0.059375
6.38500000239,-0.059375
6.38520000239,-0.04375
6.38540000239,-0.04375
6.38560000239,-0.04375
6.38580000239,-0.028125
6.38600000239,-0.059375
6.38620000239,-0.04375
6.38640000239,-0.04375
6.38660000239,-0.04375
6.38680000239,-0.04375
6.38700000239,-0.04375
6.38720000239,-0.04375
6.38740000239,-0.059375
6.38760000239,-0.059375
6.38780000239,-0.04375
6.38800000239,-0.04375
6.38820000239,-0.04375
6.38840000239,-0.059375
6.38860000239,-0.04375
6.38880000239,-0.04375
6.38900000239,-0.04375
6.38920000239,-0.04375
6.38940000239,-0.04375
6.38960000239,-0.059375
6.38980000239,-0.04375
6.39000000239,-0.059375
6.39020000239,-0.059375
6.39040000239,-0.04375
6.39060000239,-0.04375
6.39080000239,-0.059375
6.39100000239,-0.04375
6.39120000239,-0.04375
6.39140000239,-0.04375
6.39160000239,-0.059375
6.39180000239,-0.04375
6.39200000239,-0.04375
6.39220000239,-0.04375
6.39240000239,-0.04375
6.39260000239,-0.04375
6.39280000239,-0.04375
6.39300000239,-0.04375
6.39320000239,-0.028125
6.39340000239,-0.028125
6.39360000239,-0.04375
6.39380000239,-0.059375
6.39400000239,-0.04375
6.39420000239,-0.028125
6.39440000239,-0.04375
6.39460000239,-0.04375
6.39480000239,-0.04375
6.39500000239,-0.059375
6.39520000239,-0.028125
6.39540000239,-0.04375
6.39560000239,-0.059375
6.39580000239,-0.04375
6.39600000239,-0.04375
6.39620000239,-0.04375
6.39640000239,-0.04375
6.39660000239,-0.059375
6.39680000239,-0.059375
6.39700000239,-0.04375
6.39720000239,-0.059375
6.39740000239,-0.04375
6.39760000239,-0.059375
6.39780000239,-0.04375
6.39800000239,-0.04375
6.39820000239,-0.028125
6.39840000239,-0.059375
6.39860000239,-0.04375
6.39880000239,-0.04375
6.39900000239,-0.04375
6.39920000239,-0.059375
6.39940000239,-0.059375
6.39960000239,-0.04375
6.39980000239,-0.059375
6.40000000239,-0.059375
6.40020000239,-0.059375
6.40040000239,-0.04375
6.40060000239,-0.04375
6.40080000239,-0.04375
6.40100000239,-0.04375
6.40120000239,-0.059375
6.40140000239,-0.04375
6.40160000239,-0.04375
6.40180000239,-0.04375
6.40200000239,-0.04375
6.40220000239,-0.028125
6.40240000239,-0.04375
6.40260000239,-0.04375
6.40280000239,-0.04375
6.40300000239,-0.028125
6.40320000239,-0.059375
6.40340000239,-0.059375
6.40360000239,-0.04375
6.40380000239,-0.04375
6.40400000239,-0.04375
6.40420000239,-0.04375
6.40440000239,-0.059375
6.40460000239,-0.04375
6.40480000239,-0.059375
6.40500000239,-0.04375
6.40520000239,-0.04375
6.40540000239,-0.059375
6.40560000239,-0.04375
6.40580000239,-0.04375
6.40600000239,-0.04375
6.40620000239,-0.04375
6.40640000239,-0.04375
6.40660000239,-0.04375
6.40680000239,-0.04375
6.40700000239,-0.04375
6.40720000239,-0.059375
6.40740000239,-0.04375
6.40760000239,-0.04375
6.40780000239,-0.04375
6.40800000239,-0.04375
6.40820000239,-0.04375
6.40840000239,-0.04375
6.40860000239,-0.04375
6.40880000239,-0.04375
6.40900000239,-0.04375
6.40920000239,-0.04375
6.40940000239,-0.028125
6.40960000239,-0.059375
6.40980000239,-0.04375
6.41000000239,-0.04375
6.41020000239,-0.04375
6.41040000239,-0.04375
6.41060000239,-0.04375
6.41080000239,-0.04375
6.41100000239,-0.04375
6.41120000239,-0.059375
6.41140000239,-0.04375
6.41160000239,-0.028125
6.41180000239,-0.04375
6.41200000239,-0.059375
6.41220000239,-0.059375
6.41240000239,-0.04375
6.41260000239,-0.04375
6.41280000239,-0.04375
6.41300000239,-0.04375
6.41320000239,-0.028125
6.41340000239,-0.059375
6.41360000239,-0.04375
6.41380000239,-0.059375
6.41400000239,-0.028125
6.41420000239,-0.04375
6.41440000239,-0.04375
6.41460000239,-0.04375
6.41480000239,-0.04375
6.41500000239,-0.04375
6.41520000239,-0.04375
6.41540000239,-0.059375
6.41560000239,-0.04375
6.41580000239,-0.04375
6.41600000239,-0.028125
6.41620000239,-0.04375
6.41640000239,-0.059375
6.41660000239,-0.04375
6.41680000239,-0.04375
6.41700000239,-0.04375
6.41720000239,-0.04375
6.41740000239,-0.059375
6.41760000239,-0.04375
6.41780000239,-0.04375
6.41800000239,-0.04375
6.41820000239,-0.028125
6.41840000239,-0.04375
6.41860000239,-0.04375
6.41880000239,-0.04375
6.41900000239,-0.059375
6.41920000239,-0.059375
6.41940000239,-0.04375
6.41960000239,-0.04375
6.41980000239,-0.04375
6.42000000239,-0.04375
6.42020000239,-0.028125
6.42040000239,-0.04375
6.42060000239,-0.059375
6.42080000239,-0.04375
6.42100000239,-0.059375
6.42120000239,-0.028125
6.42140000239,-0.059375
6.42160000239,-0.059375
6.42180000239,-0.028125
6.42200000239,-0.059375
6.42220000239,-0.059375
6.42240000239,-0.04375
6.42260000239,-0.04375
6.42280000239,-0.04375
6.42300000239,-0.04375
6.42320000239,-0.059375
6.42340000239,-0.04375
6.42360000239,-0.04375
6.42380000239,-0.04375
6.42400000239,-0.04375
6.42420000239,-0.028125
6.42440000239,-0.04375
6.42460000239,-0.04375
6.42480000239,-0.04375
6.42500000239,-0.028125
6.42520000239,-0.04375
6.42540000239,-0.04375
6.42560000239,-0.059375
6.42580000239,-0.04375
6.42600000239,-0.04375
6.42620000239,-0.04375
6.42640000239,-0.04375
6.42660000239,-0.04375
6.42680000239,-0.04375
6.42700000239,-0.04375
6.42720000239,-0.04375
6.42740000239,-0.028125
6.42760000239,-0.04375
6.42780000239,-0.04375
6.42800000239,-0.059375
6.42820000239,-0.04375
6.42840000239,-0.04375
6.42860000239,-0.04375
6.42880000239,-0.04375
6.42900000239,-0.028125
6.42920000239,-0.04375
6.42940000239,-0.04375
6.42960000239,-0.04375
6.42980000239,-0.059375
6.43000000239,-0.04375
6.43020000239,-0.059375
6.43040000239,-0.04375
6.43060000239,-0.04375
6.43080000239,-0.04375
6.43100000239,-0.04375
6.43120000239,-0.04375
6.43140000239,-0.04375
6.43160000239,-0.04375
6.43180000239,-0.059375
6.43200000239,-0.059375
6.43220000239,-0.04375
6.43240000239,-0.04375
6.43260000239,-0.04375
6.43280000239,-0.04375
6.43300000239,-0.059375
6.43320000239,-0.04375
6.43340000239,-0.04375
6.43360000239,-0.059375
6.43380000239,-0.04375
6.43400000239,-0.059375
6.43420000239,-0.028125
6.43440000239,-0.04375
6.43460000239,-0.04375
6.43480000239,-0.04375
6.43500000239,-0.04375
6.43520000239,-0.059375
6.43540000239,-0.028125
6.43560000239,-0.059375
6.43580000239,-0.04375
6.43600000239,-0.04375
6.43620000239,-0.04375
6.43640000239,-0.059375
6.43660000239,-0.04375
6.43680000239,-0.04375
6.43700000239,-0.04375
6.43720000239,-0.04375
6.43740000239,-0.04375
6.43760000239,-0.028125
6.43780000239,-0.028125
6.43800000239,-0.028125
6.43820000239,-0.04375
6.43840000239,-0.04375
6.43860000239,-0.028125
6.43880000239,-0.04375
6.43900000239,-0.04375
6.43920000239,-0.04375
6.43940000239,-0.059375
6.43960000239,-0.04375
6.43980000239,-0.04375
6.44000000239,-0.04375
6.44020000239,-0.04375
6.44040000239,-0.04375
6.44060000239,-0.04375
6.44080000239,-0.04375
6.44100000239,-0.04375
6.44120000239,-0.04375
6.44140000239,-0.04375
6.44160000239,-0.04375
6.44180000239,-0.04375
6.44200000239,-0.028125
6.44220000239,-0.04375
6.44240000239,-0.04375
6.44260000239,-0.059375
6.44280000239,-0.04375
6.44300000239,-0.04375
6.44320000239,-0.04375
6.44340000239,-0.04375
6.44360000239,-0.059375
6.44380000239,-0.04375
6.44400000239,-0.04375
6.44420000239,-0.04375
6.44440000239,-0.04375
6.44460000239,-0.04375
6.44480000239,-0.028125
6.44500000239,-0.04375
6.44520000239,-0.028125
6.44540000239,-0.028125
6.44560000239,-0.04375
6.44580000239,-0.04375
6.44600000239,-0.04375
6.44620000239,-0.04375
6.44640000239,-0.059375
6.44660000239,-0.04375
6.44680000239,-0.059375
6.44700000239,-0.04375
6.44720000239,-0.04375
6.44740000239,-0.04375
6.44760000239,-0.04375
6.44780000239,-0.059375
6.44800000239,-0.059375
6.44820000239,-0.059375
6.44840000239,-0.059375
6.44860000239,-0.04375
6.44880000239,-0.04375
6.44900000239,-0.059375
6.44920000239,-0.04375
6.44940000239,-0.04375
6.44960000239,-0.04375
6.44980000239,-0.059375
6.45000000239,-0.04375
6.45020000239,-0.04375
6.45040000239,-0.04375
6.45060000239,-0.059375
6.45080000239,-0.04375
6.45100000239,-0.04375
6.45120000239,-0.04375
6.45140000239,-0.028125
6.45160000239,-0.04375
6.45180000239,-0.04375
6.45200000239,-0.059375
6.45220000239,-0.059375
6.45240000239,-0.028125
6.45260000239,-0.04375
6.45280000239,-0.028125
6.45300000239,-0.028125
6.45320000239,-0.04375
6.45340000239,-0.04375
6.45360000239,-0.04375
6.45380000239,-0.04375
6.45400000239,-0.04375
6.45420000239,-0.028125
6.45440000239,-0.059375
6.45460000239,-0.04375
6.45480000239,-0.04375
6.45500000239,-0.059375
6.45520000239,-0.04375
6.45540000239,-0.028125
6.45560000239,-0.028125
6.45580000239,-0.04375
6.45600000239,-0.028125
6.45620000239,-0.059375
6.45640000239,-0.04375
6.45660000239,-0.04375
6.45680000239,-0.028125
6.45700000239,-0.04375
6.45720000239,-0.04375
6.45740000239,-0.059375
6.45760000239,-0.04375
6.45780000239,-0.04375
6.45800000239,-0.059375
6.45820000239,-0.04375
6.45840000239,-0.04375
6.45860000239,-0.059375
6.45880000239,-0.04375
6.45900000239,-0.04375
6.45920000239,-0.04375
6.45940000239,-0.028125
6.45960000239,-0.04375
6.45980000239,-0.04375
6.46000000239,-0.04375
6.46020000239,-0.04375
6.46040000239,-0.059375
6.46060000239,-0.04375
6.46080000239,-0.04375
6.46100000239,-0.028125
6.46120000239,-0.04375
6.46140000239,-0.04375
6.46160000239,-0.059375
6.46180000239,-0.059375
6.46200000239,-0.04375
6.46220000239,-0.028125
6.46240000239,-0.04375
6.46260000239,-0.04375
6.46280000239,-0.028125
6.46300000239,-0.028125
6.46320000239,-0.04375
6.46340000239,-0.04375
6.46360000239,-0.04375
6.46380000239,-0.04375
6.46400000239,-0.04375
6.46420000239,-0.04375
6.46440000239,-0.04375
6.46460000239,-0.04375
6.46480000239,-0.04375
6.46500000239,-0.059375
6.46520000239,-0.04375
6.46540000239,-0.04375
6.46560000239,-0.04375
6.46580000239,-0.059375
6.46600000239,-0.059375
6.46620000239,-0.059375
6.46640000239,-0.04375
6.46660000239,-0.04375
6.46680000239,-0.028125
6.46700000239,-0.04375
6.46720000239,-0.04375
6.46740000239,-0.04375
6.46760000239,-0.04375
6.46780000239,-0.04375
6.46800000239,-0.028125
6.46820000239,-0.04375
6.46840000239,-0.059375
6.46860000239,-0.04375
6.46880000239,-0.04375
6.46900000239,-0.04375
6.46920000239,-0.04375
6.46940000239,-0.059375
6.46960000239,-0.059375
6.46980000239,-0.059375
6.47000000239,-0.04375
6.47020000239,-0.04375
6.47040000239,-0.04375
6.47060000239,-0.04375
6.47080000239,-0.028125
6.47100000239,-0.04375
6.47120000239,-0.04375
6.47140000239,-0.04375
6.47160000239,-0.04375
6.47180000239,-0.028125
6.47200000239,-0.028125
6.47220000239,-0.04375
6.47240000239,-0.04375
6.47260000239,-0.04375
6.47280000239,-0.04375
6.47300000239,-0.059375
6.47320000239,-0.04375
6.47340000239,-0.04375
6.47360000239,-0.04375
6.47380000239,-0.04375
6.47400000239,-0.04375
6.47420000239,-0.04375
6.47440000239,-0.04375
6.47460000239,-0.04375
6.47480000239,-0.04375
6.47500000239,-0.059375
6.47520000239,-0.028125
6.47540000239,-0.028125
6.47560000239,-0.04375
6.47580000239,-0.04375
6.47600000239,-0.059375
6.47620000239,-0.028125
6.47640000239,-0.028125
6.47660000239,-0.04375
6.47680000239,-0.04375
6.47700000239,-0.028125
6.47720000239,-0.04375
6.47740000239,-0.04375
6.47760000239,-0.04375
6.47780000239,-0.04375
6.47800000239,-0.04375
6.47820000239,-0.028125
6.47840000239,-0.04375
6.47860000239,-0.028125
6.47880000239,-0.059375
6.47900000239,-0.059375
6.47920000239,-0.04375
6.47940000239,-0.04375
6.47960000239,-0.04375
6.47980000239,-0.028125
6.48000000239,-0.04375
6.48020000239,-0.059375
6.48040000239,-0.04375
6.48060000239,-0.028125
6.48080000239,-0.028125
6.48100000239,-0.04375
6.48120000239,-0.059375
6.48140000239,-0.028125
6.48160000239,-0.04375
6.48180000239,-0.04375
6.48200000239,-0.04375
6.48220000239,-0.04375
6.48240000239,-0.059375
6.48260000239,-0.04375
6.48280000239,-0.04375
6.48300000239,-0.028125
6.48320000239,-0.04375
6.48340000239,-0.028125
6.48360000239,-0.04375
6.48380000239,-0.04375
6.48400000239,-0.04375
6.48420000239,-0.028125
6.48440000239,-0.059375
6.48460000239,-0.04375
6.48480000239,-0.04375
6.48500000239,-0.04375
6.48520000239,-0.04375
6.48540000239,-0.075
6.48560000239,-0.04375
6.48580000239,-0.059375
6.48600000239,-0.04375
6.48620000239,-0.028125
6.48640000239,-0.04375
6.48660000239,-0.04375
6.48680000239,-0.04375
6.48700000239,-0.04375
6.48720000239,-0.059375
6.48740000239,-0.028125
6.48760000239,-0.028125
6.48780000239,-0.04375
6.48800000239,-0.028125
6.48820000239,-0.028125
6.48840000239,-0.04375
6.48860000239,-0.059375
6.48880000239,-0.04375
6.48900000239,-0.028125
6.48920000239,-0.04375
6.48940000239,-0.028125
6.48960000239,-0.04375
6.48980000239,-0.04375
6.49000000239,-0.028125
6.49020000239,-0.04375
6.49040000239,-0.04375
6.49060000239,-0.028125
6.49080000239,-0.028125
6.49100000239,-0.04375
6.49120000239,-0.04375
6.49140000239,-0.04375
6.49160000239,-0.028125
6.49180000239,-0.04375
6.49200000239,-0.04375
6.49220000239,-0.04375
6.49240000239,-0.04375
6.49260000239,-0.04375
6.49280000239,-0.04375
6.49300000239,-0.04375
6.49320000239,-0.028125
6.49340000239,-0.028125
6.49360000239,-0.04375
6.49380000239,-0.04375
6.49400000239,-0.04375
6.49420000239,-0.028125
6.49440000239,-0.04375
6.49460000239,-0.04375
6.49480000239,-0.059375
6.49500000239,-0.04375
6.49520000239,-0.028125
6.49540000239,-0.04375
6.49560000239,-0.04375
6.49580000239,-0.04375
6.49600000239,-0.059375
6.49620000239,-0.04375
6.49640000239,-0.04375
6.49660000239,-0.04375
6.49680000239,-0.028125
6.49700000239,-0.04375
6.49720000239,-0.04375
6.49740000239,-0.04375
6.49760000239,-0.028125
6.49780000239,-0.04375
6.49800000239,-0.04375
6.49820000239,-0.04375
6.49840000239,-0.04375
6.49860000239,-0.028125
6.49880000239,-0.04375
6.49900000239,-0.04375
6.49920000239,-0.028125
6.49940000239,-0.028125
6.49960000239,-0.04375
6.49980000239,-0.04375
6.50000000239,-0.04375
6.50020000239,-0.04375
6.50040000239,-0.04375
6.50060000239,-0.04375
6.50080000239,-0.028125
6.50100000239,-0.04375
6.50120000239,-0.04375
6.50140000239,-0.04375
6.50160000239,-0.04375
6.50180000239,-0.028125
6.50200000239,-0.028125
6.50220000239,-0.04375
6.50240000239,-0.059375
6.50260000239,-0.04375
6.50280000239,-0.028125
6.50300000239,-0.04375
6.50320000239,-0.028125
6.50340000239,-0.028125
6.50360000239,-0.028125
6.50380000239,-0.028125
6.50400000239,-0.04375
6.50420000239,-0.04375
6.50440000239,-0.04375
6.50460000239,-0.04375
6.50480000239,-0.04375
6.50500000239,-0.04375
6.50520000239,-0.04375
6.50540000239,-0.04375
6.50560000239,-0.04375
6.50580000239,-0.028125
6.50600000239,-0.04375
6.50620000239,-0.04375
6.50640000239,-0.04375
6.50660000239,-0.04375
6.50680000239,-0.04375
6.50700000239,-0.04375
6.50720000239,-0.04375
6.50740000239,-0.028125
6.50760000239,-0.028125
6.50780000239,-0.059375
6.50800000239,-0.04375
6.50820000239,-0.04375
6.50840000239,-0.059375
6.50860000239,-0.028125
6.50880000239,-0.04375
6.50900000239,-0.028125
6.50920000239,-0.04375
6.50940000239,-0.04375
6.50960000239,-0.04375
6.50980000239,-0.04375
6.51000000239,-0.059375
6.51020000239,-0.059375
6.51040000239,-0.04375
6.51060000239,-0.059375
6.51080000239,-0.028125
6.51100000239,-0.04375
6.51120000239,-0.04375
6.51140000239,-0.04375
6.51160000239,-0.028125
6.51180000239,-0.04375
6.51200000239,-0.04375
6.51220000239,-0.04375
6.51240000239,-0.04375
6.51260000239,-0.04375
6.51280000239,-0.04375
6.51300000239,-0.04375
6.51320000239,-0.04375
6.51340000239,-0.04375
6.51360000239,-0.028125
6.51380000239,-0.028125
6.51400000239,-0.04375
6.51420000239,-0.028125
6.51440000239,-0.04375
6.51460000239,-0.04375
6.51480000239,-0.04375
6.51500000239,-0.028125
6.51520000239,-0.04375
6.51540000239,-0.04375
6.51560000239,-0.028125
6.51580000239,-0.04375
6.51600000239,-0.04375
6.51620000239,-0.028125
6.51640000239,-0.04375
6.51660000239,-0.04375
6.51680000239,-0.04375
6.51700000239,-0.04375
6.51720000239,-0.04375
6.51740000239,-0.04375
6.51760000239,-0.04375
6.51780000239,-0.04375
6.51800000239,-0.04375
6.51820000239,-0.04375
6.51840000239,-0.04375
6.51860000239,-0.028125
6.51880000239,-0.04375
6.51900000239,-0.028125
6.51920000239,-0.04375
6.51940000239,-0.04375
6.51960000239,-0.04375
6.51980000239,-0.028125
6.52000000239,-0.028125
6.52020000239,-0.028125
6.52040000239,-0.028125
6.52060000239,-0.04375
6.52080000239,-0.04375
6.52100000239,-0.028125
6.52120000239,-0.04375
6.52140000239,-0.059375
6.52160000239,-0.04375
6.52180000239,-0.028125
6.52200000239,-0.04375
6.52220000239,-0.04375
6.52240000239,-0.04375
6.52260000239,-0.059375
6.52280000239,-0.04375
6.52300000239,-0.059375
6.52320000239,-0.04375
6.52340000239,-0.028125
6.52360000239,-0.04375
6.52380000239,-0.04375
6.52400000239,-0.04375
6.52420000239,-0.04375
6.52440000239,-0.04375
6.52460000239,-0.04375
6.52480000239,-0.04375
6.52500000239,-0.028125
6.52520000239,-0.04375
6.52540000239,-0.04375
6.52560000239,-0.04375
6.52580000239,-0.04375
6.52600000239,-0.04375
6.52620000239,-0.059375
6.52640000239,-0.04375
6.52660000239,-0.04375
6.52680000239,-0.028125
6.52700000239,-0.04375
6.52720000239,-0.04375
6.52740000239,-0.028125
6.52760000239,-0.04375
6.52780000239,-0.04375
6.52800000239,-0.028125
6.52820000239,-0.04375
6.52840000239,-0.028125
6.52860000239,-0.04375
6.52880000239,-0.04375
6.52900000239,-0.028125
6.52920000239,-0.04375
6.52940000239,-0.059375
6.52960000239,-0.04375
6.52980000239,-0.059375
6.53000000239,-0.04375
6.53020000239,-0.04375
6.53040000239,-0.028125
6.53060000239,-0.028125
6.53080000239,-0.028125
6.53100000239,-0.028125
6.53120000239,-0.04375
6.53140000239,-0.04375
6.53160000239,-0.04375
6.53180000239,-0.04375
6.53200000239,-0.028125
6.53220000239,-0.04375
6.53240000239,-0.059375
6.53260000239,-0.04375
6.53280000239,-0.04375
6.53300000239,-0.028125
6.53320000239,-0.028125
6.53340000239,-0.059375
6.53360000239,-0.028125
6.53380000239,-0.04375
6.53400000239,-0.04375
6.53420000239,-0.028125
6.53440000239,-0.04375
6.53460000239,-0.04375
6.53480000239,-0.04375
6.53500000239,-0.028125
6.53520000239,-0.04375
6.53540000239,-0.04375
6.53560000239,-0.028125
6.53580000239,-0.04375
6.53600000239,-0.04375
6.53620000239,-0.04375
6.53640000239,-0.028125
6.53660000239,-0.04375
6.53680000239,-0.04375
6.53700000239,-0.028125
6.53720000239,-0.04375
6.53740000239,-0.028125
6.53760000239,-0.04375
6.53780000239,-0.028125
6.53800000239,-0.028125
6.53820000239,-0.04375
6.53840000239,-0.028125
6.53860000239,-0.04375
6.53880000239,-0.028125
6.53900000239,-0.028125
6.53920000239,-0.059375
6.53940000239,-0.028125
6.53960000239,-0.059375
6.53980000239,-0.04375
6.54000000239,-0.028125
6.54020000239,-0.04375
6.54040000239,-0.04375
6.54060000239,-0.059375
6.54080000239,-0.04375
6.54100000239,-0.0125
6.54120000239,-0.04375
6.54140000239,-0.04375
6.54160000239,-0.028125
6.54180000239,-0.04375
6.54200000239,-0.04375
6.54220000239,-0.028125
6.54240000239,-0.04375
6.54260000239,-0.04375
6.54280000239,-0.028125
6.54300000239,-0.04375
6.54320000239,-0.04375
6.54340000239,-0.028125
6.54360000239,-0.04375
6.54380000239,-0.04375
6.54400000239,-0.028125
6.54420000239,-0.028125
6.54440000239,-0.04375
6.54460000239,-0.028125
6.54480000239,-0.04375
6.54500000239,-0.028125
6.54520000239,-0.04375
6.54540000239,-0.028125
6.54560000239,-0.028125
6.54580000239,-0.04375
6.54600000239,-0.028125
6.54620000239,-0.04375
6.54640000239,-0.04375
6.54660000239,-0.04375
6.54680000239,-0.04375
6.54700000239,-0.04375
6.54720000239,-0.028125
6.54740000239,-0.04375
6.54760000239,-0.028125
6.54780000239,-0.028125
6.54800000239,-0.04375
6.54820000239,-0.028125
6.54840000239,-0.028125
6.54860000239,-0.028125
6.54880000239,-0.0125
6.54900000239,-0.028125
6.54920000239,-0.059375
6.54940000239,-0.04375
6.54960000239,-0.04375
6.54980000239,-0.028125
6.55000000239,-0.04375
6.55020000239,-0.04375
6.55040000239,-0.04375
6.55060000239,-0.04375
6.55080000239,-0.028125
6.55100000239,-0.028125
6.55120000239,-0.028125
6.55140000239,-0.04375
6.55160000239,-0.04375
6.55180000239,-0.028125
6.55200000239,-0.04375
6.55220000239,-0.04375
6.55240000239,-0.04375
6.55260000239,-0.04375
6.55280000239,-0.04375
6.55300000239,-0.028125
6.55320000239,-0.04375
6.55340000239,-0.04375
6.55360000239,-0.028125
6.55380000239,-0.04375
6.55400000239,-0.04375
6.55420000239,-0.04375
6.55440000239,-0.04375
6.55460000239,-0.028125
6.55480000239,-0.04375
6.55500000239,-0.04375
6.55520000239,-0.04375
6.55540000239,-0.028125
6.55560000239,-0.028125
6.55580000239,-0.04375
6.55600000239,-0.028125
6.55620000239,-0.0125
6.55640000239,-0.04375
6.55660000239,-0.04375
6.55680000239,-0.04375
6.55700000239,-0.059375
6.55720000239,-0.04375
6.55740000239,-0.04375
6.55760000239,-0.028125
6.55780000239,-0.028125
6.55800000239,-0.028125
6.55820000239,-0.059375
6.55840000239,-0.04375
6.55860000239,-0.04375
6.55880000239,-0.04375
6.55900000239,-0.04375
6.55920000239,-0.028125
6.55940000239,-0.04375
6.55960000239,-0.028125
6.55980000239,-0.04375
6.56000000239,-0.028125
6.56020000239,-0.028125
6.56040000239,-0.028125
6.56060000239,-0.028125
6.56080000239,-0.028125
6.56100000239,-0.04375
6.56120000239,-0.04375
6.56140000239,-0.028125
6.56160000239,-0.04375
6.56180000239,-0.04375
6.56200000239,-0.04375
6.56220000239,-0.04375
6.56240000239,-0.028125
6.56260000239,-0.04375
6.56280000239,-0.028125
6.56300000239,-0.04375
6.56320000239,-0.028125
6.56340000239,-0.028125
6.56360000239,-0.04375
6.56380000239,-0.04375
6.56400000239,-0.04375
6.56420000239,-0.04375
6.56440000239,-0.028125
6.56460000239,-0.04375
6.56480000239,-0.028125
6.56500000239,-0.028125
6.56520000239,-0.04375
6.56540000239,-0.028125
6.56560000239,-0.0125
6.56580000239,-0.028125
6.56600000239,-0.04375
6.56620000239,-0.028125
6.56640000239,-0.04375
6.56660000239,-0.04375
6.56680000239,-0.028125
6.56700000239,-0.028125
6.56720000239,-0.04375
6.56740000239,-0.028125
6.56760000239,-0.028125
6.56780000239,-0.04375
6.56800000239,-0.04375
6.56820000239,-0.028125
6.56840000239,-0.04375
6.56860000239,-0.0125
6.56880000239,-0.028125
6.56900000239,-0.04375
6.56920000239,-0.04375
6.56940000239,-0.04375
6.56960000239,-0.04375
6.56980000239,-0.028125
6.57000000239,-0.059375
6.57020000239,-0.04375
6.57040000239,-0.04375
6.57060000239,-0.04375
6.57080000239,-0.04375
6.57100000239,-0.028125
6.57120000239,-0.04375
6.57140000239,-0.028125
6.57160000239,-0.04375
6.57180000239,-0.04375
6.57200000239,-0.04375
6.57220000239,-0.04375
6.57240000239,-0.028125
6.57260000239,-0.04375
6.57280000239,-0.04375
6.57300000239,-0.04375
6.57320000239,-0.028125
6.57340000239,-0.028125
6.57360000239,-0.028125
6.57380000239,-0.04375
6.57400000239,-0.028125
6.57420000239,-0.04375
6.57440000239,-0.04375
6.57460000239,-0.04375
6.57480000239,-0.04375
6.57500000239,-0.04375
6.57520000239,-0.028125
6.57540000239,-0.059375
6.57560000239,-0.028125
6.57580000239,-0.028125
6.57600000239,-0.028125
6.57620000239,-0.028125
6.57640000239,-0.028125
6.57660000239,-0.04375
6.57680000239,-0.04375
6.57700000239,-0.04375
6.57720000239,-0.059375
6.57740000239,-0.028125
6.57760000239,-0.028125
6.57780000239,-0.04375
6.57800000239,-0.028125
6.57820000239,-0.028125
6.57840000239,-0.04375
6.57860000239,-0.04375
6.57880000239,-0.04375
6.57900000239,-0.04375
6.57920000239,-0.028125
6.57940000239,-0.028125
6.57960000239,-0.028125
6.57980000239,-0.028125
6.58000000239,-0.028125
6.58020000239,-0.028125
6.58040000239,-0.028125
6.58060000239,-0.028125
6.58080000239,-0.028125
6.58100000239,-0.04375
6.58120000239,-0.04375
6.58140000239,-0.04375
6.58160000239,-0.028125
6.58180000239,-0.028125
6.58200000239,-0.04375
6.58220000239,-0.028125
6.58240000239,-0.04375
6.58260000239,-0.04375
6.58280000239,-0.04375
6.58300000239,-0.04375
6.58320000239,-0.028125
6.58340000239,-0.028125
6.58360000239,-0.028125
6.58380000239,-0.04375
6.58400000239,-0.059375
6.58420000239,-0.028125
6.58440000239,-0.04375
6.58460000239,-0.028125
6.58480000239,-0.028125
6.58500000239,-0.028125
6.58520000239,-0.028125
6.58540000239,-0.0125
6.58560000239,-0.04375
6.58580000239,-0.028125
6.58600000239,-0.028125
6.58620000239,-0.04375
6.58640000239,-0.04375
6.58660000239,-0.028125
6.58680000239,-0.04375
6.58700000239,-0.028125
6.58720000239,-0.028125
6.58740000239,-0.028125
6.58760000239,-0.028125
6.58780000239,-0.028125
6.58800000239,-0.028125
6.58820000239,-0.04375
6.58840000239,-0.028125
6.58860000239,-0.028125
6.58880000239,-0.028125
6.58900000239,-0.028125
6.58920000239,-0.028125
6.58940000239,-0.0125
6.58960000239,-0.028125
6.58980000239,-0.028125
6.59000000239,-0.028125
6.59020000239,-0.028125
6.59040000239,-0.04375
6.59060000239,-0.028125
6.59080000239,-0.04375
6.59100000239,-0.04375
6.59120000239,-0.028125
6.59140000239,-0.0125
6.59160000239,-0.028125
6.59180000239,-0.028125
6.59200000239,-0.028125
6.59220000239,-0.04375
6.59240000239,-0.04375
6.59260000239,-0.028125
6.59280000239,-0.028125
6.59300000239,-0.028125
6.59320000239,-0.04375
6.59340000239,-0.04375
6.59360000239,-0.028125
6.59380000239,-0.028125
6.59400000239,-0.0125
6.59420000239,-0.04375
6.59440000239,-0.028125
6.59460000239,-0.028125
6.59480000239,-0.04375
6.59500000239,-0.028125
6.59520000239,-0.028125
6.59540000239,-0.04375
6.59560000239,-0.04375
6.59580000239,-0.04375
6.59600000239,-0.028125
6.59620000239,-0.04375
6.59640000239,-0.028125
6.59660000239,-0.04375
6.59680000239,-0.028125
6.59700000239,-0.028125
6.59720000239,-0.04375
6.59740000239,-0.028125
6.59760000239,-0.028125
6.59780000239,-0.0125
6.59800000239,-0.0125
6.59820000239,-0.028125
6.59840000239,-0.04375
6.59860000239,-0.028125
6.59880000239,-0.04375
6.59900000239,-0.04375
6.59920000239,-0.028125
6.59940000239,-0.04375
6.59960000239,-0.028125
6.59980000239,-0.028125
6.60000000239,-0.028125
6.60020000239,-0.04375
6.60040000239,-0.028125
6.60060000239,-0.028125
6.60080000239,-0.028125
6.60100000239,-0.028125
6.60120000239,-0.04375
6.60140000239,-0.028125
6.60160000239,-0.028125
6.60180000239,-0.028125
6.60200000239,-0.028125
6.60220000239,-0.028125
6.60240000239,-0.028125
6.60260000239,-0.028125
6.60280000239,-0.028125
6.60300000239,-0.028125
6.60320000239,-0.028125
6.60340000239,-0.04375
6.60360000239,-0.028125
6.60380000239,-0.028125
6.60400000239,-0.04375
6.60420000239,-0.0125
6.60440000239,-0.028125
6.60460000239,-0.028125
6.60480000239,-0.04375
6.60500000239,-0.04375
6.60520000239,-0.04375
6.60540000239,-0.028125
6.60560000239,-0.028125
6.60580000239,-0.028125
6.60600000239,-0.04375
6.60620000239,-0.04375
6.60640000239,-0.028125
6.60660000239,-0.028125
6.60680000239,-0.04375
6.60700000239,-0.04375
6.60720000239,-0.04375
6.60740000239,-0.028125
6.60760000239,-0.028125
6.60780000239,-0.0125
6.60800000239,-0.0125
6.60820000239,-0.028125
6.60840000239,-0.04375
6.60860000239,-0.028125
6.60880000239,-0.028125
6.60900000239,-0.0125
6.60920000239,-0.028125
6.60940000239,-0.028125
6.60960000239,-0.0125
6.60980000239,-0.04375
6.61000000239,-0.04375
6.61020000239,-0.028125
6.61040000239,-0.028125
6.61060000239,-0.04375
6.61080000239,-0.028125
6.61100000239,-0.028125
6.61120000239,-0.028125
6.61140000239,-0.028125
6.61160000239,-0.028125
6.61180000239,-0.028125
6.61200000239,-0.04375
6.61220000239,-0.028125
6.61240000239,-0.028125
6.61260000239,-0.028125
6.61280000239,-0.04375
6.61300000239,-0.028125
6.61320000239,-0.028125
6.61340000239,-0.028125
6.61360000239,-0.028125
6.61380000239,-0.028125
6.61400000239,-0.028125
6.61420000239,-0.028125
6.61440000239,-0.028125
6.61460000239,-0.04375
6.61480000239,-0.04375
6.61500000239,-0.04375
6.61520000239,-0.028125
6.61540000239,-0.028125
6.61560000239,-0.028125
6.61580000239,-0.04375
6.61600000239,-0.028125
6.61620000239,-0.028125
6.61640000239,-0.028125
6.61660000239,-0.028125
6.61680000239,-0.0125
6.61700000239,-0.028125
6.61720000239,-0.04375
6.61740000239,-0.028125
6.61760000239,-0.028125
6.61780000239,-0.028125
6.61800000239,-0.0125
6.61820000239,-0.028125
6.61840000239,-0.0125
6.61860000239,-0.028125
6.61880000239,-0.028125
6.61900000239,-0.028125
6.61920000239,-0.028125
6.61940000239,-0.028125
6.61960000239,-0.028125
6.61980000239,-0.028125
6.62000000239,-0.0125
6.62020000239,-0.028125
6.62040000239,-0.028125
6.62060000239,-0.028125
6.62080000239,-0.028125
6.62100000239,-0.0125
6.62120000239,-0.028125
6.62140000239,-0.028125
6.62160000239,-0.028125
6.62180000239,-0.028125
6.62200000239,-0.0125
6.62220000239,-0.028125
6.62240000239,-0.0125
6.62260000239,-0.0125
6.62280000239,-0.0125
6.62300000239,-0.0125
6.62320000239,-0.04375
6.62340000239,-0.028125
6.62360000239,-0.028125
6.62380000239,-0.04375
6.62400000239,-0.028125
6.62420000239,-0.028125
6.62440000239,-0.028125
6.62460000239,-0.0125
6.62480000239,-0.0125
6.62500000239,-0.028125
6.62520000239,-0.028125
6.62540000239,-0.0125
6.62560000239,-0.0125
6.62580000239,-0.028125
6.62600000239,-0.028125
6.62620000239,-0.028125
6.62640000239,-0.028125
6.62660000239,-0.0125
6.62680000239,-0.0125
6.62700000239,-0.04375
6.62720000239,-0.028125
6.62740000239,-0.04375
6.62760000239,-0.0125
6.62780000239,-0.028125
6.62800000239,-0.028125
6.62820000239,-0.04375
6.62840000239,-0.028125
6.62860000239,-0.0125
6.62880000239,-0.028125
6.62900000239,-0.028125
6.62920000239,-0.028125
6.62940000239,-0.028125
6.62960000239,-0.028125
6.62980000239,-0.028125
6.63000000239,-0.0125
6.63020000239,-0.028125
6.63040000239,-0.028125
6.63060000239,-0.028125
6.63080000239,-0.0125
6.63100000239,-0.028125
6.63120000239,-0.028125
6.63140000239,-0.04375
6.63160000239,-0.028125
6.63180000239,-0.028125
6.63200000239,-0.028125
6.63220000239,-0.028125
6.63240000239,-0.028125
6.63260000239,-0.028125
6.63280000239,-0.028125
6.63300000239,-0.028125
6.63320000239,-0.028125
6.63340000239,-0.0125
6.63360000239,-0.028125
6.63380000239,-0.028125
6.63400000239,-0.028125
6.63420000239,-0.0125
6.63440000239,-0.028125
6.63460000239,-0.028125
6.63480000239,-0.028125
6.63500000239,-0.028125
6.63520000239,-0.028125
6.63540000239,-0.028125
6.63560000239,-0.04375
6.63580000239,-0.028125
6.63600000239,-0.028125
6.63620000239,-0.0125
6.63640000239,-0.0125
6.63660000239,-0.028125
6.63680000239,-0.028125
6.63700000239,-0.028125
6.63720000239,-0.028125
6.63740000239,-0.028125
6.63760000239,-0.028125
6.63780000239,-0.028125
6.63800000239,-0.0125
6.63820000239,-0.028125
6.63840000239,-0.028125
6.63860000239,-0.028125
6.63880000239,-0.04375
6.63900000239,-0.028125
6.63920000239,-0.028125
6.63940000239,-0.0125
6.63960000239,-0.028125
6.63980000239,-0.028125
6.64000000239,-0.028125
6.64020000239,-0.028125
6.64040000239,-0.028125
6.64060000239,-0.028125
6.64080000239,-0.028125
6.64100000239,-0.028125
6.64120000239,-0.0125
6.64140000239,-0.0125
6.64160000239,-0.0125
6.64180000239,-0.028125
6.64200000239,-0.028125
6.64220000239,-0.028125
6.64240000239,-0.028125
6.64260000239,-0.0125
6.64280000239,-0.028125
6.64300000239,-0.028125
6.64320000239,-0.028125
6.64340000239,-0.028125
6.64360000239,-0.028125
6.64380000239,-0.028125
6.64400000239,-0.0125
6.64420000239,-0.028125
6.64440000239,-0.028125
6.64460000239,-0.028125
6.64480000239,-0.0125
6.64500000239,-0.028125
6.64520000239,-0.0125
6.64540000239,-0.028125
6.64560000239,-0.028125
6.64580000239,-0.028125
6.64600000239,-0.04375
6.64620000239,-0.028125
6.64640000239,-0.0125
6.64660000239,-0.0125
6.64680000239,-0.028125
6.64700000239,-0.028125
6.64720000239,-0.0125
6.64740000239,-0.0125
6.64760000239,-0.028125
6.64780000239,-0.028125
6.64800000239,-0.028125
6.64820000239,-0.028125
6.64840000239,-0.0125
6.64860000239,-0.0125
6.64880000239,-0.0125
6.64900000239,-0.0125
6.64920000239,-0.04375
6.64940000239,-0.028125
6.64960000239,-0.028125
6.64980000239,-0.0125
6.65000000239,-0.0125
6.65020000239,-0.028125
6.65040000239,-0.0125
6.65060000239,-0.028125
6.65080000239,-0.0125
6.65100000239,-0.028125
6.65120000239,-0.028125
6.65140000239,-0.0125
6.65160000239,-0.0125
6.65180000239,-0.028125
6.65200000239,-0.028125
6.65220000239,-0.028125
6.65240000239,-0.0125
6.65260000239,-0.0125
6.65280000239,-0.028125
6.65300000239,-0.028125
6.65320000239,-0.028125
6.65340000239,-0.0125
6.65360000239,-0.0125
6.65380000239,-0.028125
6.65400000239,-0.028125
6.65420000239,-0.028125
6.65440000239,-0.028125
6.65460000239,-0.0125
6.65480000239,-0.028125
6.65500000239,-0.0125
6.65520000239,-0.028125
6.65540000239,-0.0125
6.65560000239,-0.028125
6.65580000239,-0.028125
6.65600000239,-0.028125
6.65620000239,-0.028125
6.65640000239,-0.0125
6.65660000239,0.00312495
6.65680000239,-0.0125
6.65700000239,-0.028125
6.65720000239,-0.0125
6.65740000239,-0.0125
6.65760000239,-0.028125
6.65780000239,-0.04375
6.65800000239,-0.0125
6.65820000239,-0.028125
6.65840000239,-0.0125
6.65860000239,-0.028125
6.65880000239,-0.028125
6.65900000239,-0.0125
6.65920000239,-0.028125
6.65940000239,-0.0125
6.65960000239,-0.028125
6.65980000239,-0.0125
6.66000000239,-0.028125
6.66020000239,-0.0125
6.66040000239,-0.028125
6.66060000239,-0.028125
6.66080000239,-0.0125
6.66100000239,-0.028125
6.66120000239,-0.0125
6.66140000239,-0.0125
6.66160000239,-0.0125
6.66180000239,-0.028125
6.66200000239,-0.028125
6.66220000239,-0.0125
6.66240000239,-0.0125
6.66260000239,-0.028125
6.66280000239,-0.028125
6.66300000239,-0.0125
6.66320000239,-0.028125
6.66340000239,-0.028125
6.66360000239,-0.028125
6.66380000239,-0.028125
6.66400000239,-0.0125
6.66420000239,-0.028125
6.66440000239,-0.0125
6.66460000239,-0.028125
6.66480000239,-0.028125
6.66500000239,-0.028125
6.66520000239,-0.0125
6.66540000239,-0.0125
6.66560000239,-0.028125
6.66580000239,-0.0125
6.66600000239,-0.028125
6.66620000239,-0.028125
6.66640000239,-0.0125
6.66660000239,-0.028125
6.66680000239,-0.028125
6.66700000239,-0.028125
6.66720000239,-0.028125
6.66740000239,-0.028125
6.66760000239,-0.0125
6.66780000239,-0.0125
6.66800000239,-0.028125
6.66820000239,-0.0125
6.66840000239,-0.0125
6.66860000239,-0.0125
6.66880000239,-0.028125
6.66900000239,-0.0125
6.66920000239,-0.0125
6.66940000239,-0.028125
6.66960000239,-0.0125
6.66980000239,-0.0125
6.67000000239,-0.0125
6.67020000239,-0.0125
6.67040000239,-0.0125
6.67060000239,-0.028125
6.67080000239,-0.028125
6.67100000239,-0.0125
6.67120000239,-0.028125
6.67140000239,-0.028125
6.67160000239,-0.028125
6.67180000239,-0.028125
6.67200000239,-0.0125
6.67220000239,0.00312495
6.67240000239,-0.028125
6.67260000239,-0.0125
6.67280000239,-0.028125
6.67300000239,-0.028125
6.67320000239,-0.028125
6.67340000239,-0.0125
6.67360000239,-0.0125
6.67380000239,-0.0125
6.67400000239,-0.0125
6.67420000239,-0.028125
6.67440000239,-0.0125
6.67460000239,-0.028125
6.67480000239,-0.0125
6.67500000239,-0.028125
6.67520000239,-0.028125
6.67540000239,-0.028125
6.67560000239,-0.0125
6.67580000239,-0.0125
6.67600000239,-0.028125
6.67620000239,-0.0125
6.67640000239,-0.0125
6.67660000239,-0.028125
6.67680000239,-0.0125
6.67700000239,-0.0125
6.67720000239,0.00312495
6.67740000239,-0.028125
6.67760000239,-0.028125
6.67780000239,-0.0125
6.67800000239,-0.0125
6.67820000239,-0.028125
6.67840000239,-0.0125
6.67860000239,-0.0125
6.67880000239,-0.0125
6.67900000239,-0.028125
6.67920000239,-0.0125
6.67940000239,-0.028125
6.67960000239,-0.028125
6.67980000239,-0.028125
6.68000000239,-0.0125
6.68020000239,-0.028125
6.68040000239,-0.0125
6.68060000239,-0.0125
6.68080000239,-0.0125
6.68100000239,-0.0125
6.68120000239,-0.0125
6.68140000239,-0.0125
6.68160000239,-0.028125
6.68180000239,-0.0125
6.68200000239,-0.028125
6.68220000239,-0.0125
6.68240000239,-0.0125
6.68260000239,-0.028125
6.68280000239,-0.028125
6.68300000239,-0.0125
6.68320000239,-0.0125
6.68340000239,-0.028125
6.68360000239,-0.0125
6.68380000239,-0.0125
6.68400000239,-0.028125
6.68420000239,-0.028125
6.68440000239,-0.0125
6.68460000239,-0.0125
6.68480000239,-0.0125
6.68500000239,-0.028125
6.68520000239,-0.028125
6.68540000239,-0.0125
6.68560000239,-0.0125
6.68580000239,-0.0125
6.68600000239,-0.0125
6.68620000239,-0.0125
6.68640000239,-0.0125
6.68660000239,-0.0125
6.68680000239,0.00312495
6.68700000239,0.00312495
6.68720000239,-0.0125
6.68740000239,-0.0125
6.68760000239,0.00312495
6.68780000239,-0.0125
6.68800000239,-0.0125
6.68820000239,0.00312495
6.68840000239,-0.0125
6.68860000239,-0.0125
6.68880000239,-0.0125
6.68900000239,-0.0125
6.68920000239,0.00312495
6.68940000239,-0.0125
6.68960000239,-0.028125
6.68980000239,-0.0125
6.69000000239,-0.0125
6.69020000239,-0.0125
6.69040000239,-0.0125
6.69060000239,-0.0125
6.69080000239,-0.0125
6.69100000239,-0.0125
6.69120000239,-0.0125
6.69140000239,0.00312495
6.69160000239,-0.0125
6.69180000239,-0.0125
6.69200000239,-0.0125
6.69220000239,-0.0125
6.69240000239,-0.028125
6.69260000239,-0.0125
6.69280000239,-0.0125
6.69300000239,-0.028125
6.69320000239,-0.0125
6.69340000239,-0.0125
6.69360000239,-0.0125
6.69380000239,-0.028125
6.69400000239,-0.0125
6.69420000239,-0.0125
6.69440000239,-0.0125
6.69460000239,-0.0125
6.69480000239,-0.0125
6.69500000239,-0.0125
6.69520000239,-0.0125
6.69540000239,-0.0125
6.69560000239,-0.0125
6.69580000239,-0.028125
6.69600000239,-0.0125
6.69620000239,-0.0125
6.69640000239,-0.0125
6.69660000239,-0.0125
6.69680000239,-0.0125
6.69700000239,-0.028125
6.69720000239,-0.0125
6.69740000239,-0.0125
6.69760000239,-0.0125
6.69780000239,-0.0125
6.69800000239,-0.0125
6.69820000239,0.00312495
6.69840000239,0.00312495
6.69860000239,0.00312495
6.69880000239,-0.0125
6.69900000239,-0.028125
6.69920000239,-0.0125
6.69940000239,-0.0125
6.69960000239,-0.0125
6.69980000239,-0.0125
6.70000000239,-0.0125
6.70020000239,-0.0125
6.70040000239,-0.0125
6.70060000239,-0.0125
6.70080000239,0.00312495
6.70100000239,-0.0125
6.70120000239,-0.0125
6.70140000239,0.00312495
6.70160000239,-0.0125
6.70180000239,-0.0125
6.70200000239,-0.0125
6.70220000239,-0.028125
6.70240000239,-0.0125
6.70260000239,-0.0125
6.70280000239,-0.0125
6.70300000239,-0.0125
6.70320000239,0.00312495
6.70340000239,-0.0125
6.70360000239,-0.0125
6.70380000239,-0.0125
6.70400000239,0.00312495
6.70420000239,-0.0125
6.70440000239,0.00312495
6.70460000239,-0.0125
6.70480000239,-0.0125
6.70500000239,-0.0125
6.70520000239,-0.0125
6.70540000239,-0.0125
6.70560000239,-0.0125
6.70580000239,-0.0125
6.70600000239,-0.0125
6.70620000239,-0.0125
6.70640000239,-0.0125
6.70660000239,-0.0125
6.70680000239,0.00312495
6.70700000239,-0.0125
6.70720000239,-0.0125
6.70740000239,-0.028125
6.70760000239,-0.0125
6.70780000239,0.00312495
6.70800000239,-0.028125
6.70820000239,-0.028125
6.70840000239,0.00312495
6.70860000239,0.00312495
6.70880000239,-0.0125
6.70900000239,0.00312495
6.70920000239,0.00312495
6.70940000239,0.00312495
6.70960000239,-0.0125
6.70980000239,0.00312495
6.71000000239,-0.0125
6.71020000239,-0.0125
6.71040000239,-0.0125
6.71060000239,-0.0125
6.71080000239,-0.0125
6.71100000239,0.00312495
6.71120000239,-0.0125
6.71140000239,-0.0125
6.71160000239,0.00312495
6.71180000239,0.00312495
6.71200000239,-0.0125
6.71220000239,0.01875
6.71240000239,0.00312495
6.71260000239,-0.028125
6.71280000239,-0.0125
6.71300000239,-0.0125
6.71320000239,0.00312495
6.71340000239,-0.0125
6.71360000239,0.00312495
6.71380000239,-0.0125
6.71400000239,-0.0125
6.71420000239,0.00312495
6.71440000239,-0.0125
6.71460000239,-0.0125
6.71480000239,0.00312495
6.71500000239,-0.028125
6.71520000239,0.00312495
6.71540000239,0.01875
6.71560000239,0.00312495
6.71580000239,-0.0125
6.71600000239,-0.0125
6.71620000239,-0.0125
6.71640000239,0.00312495
6.71660000239,-0.0125
6.71680000239,-0.0125
6.71700000239,-0.0125
6.71720000239,-0.0125
6.71740000239,-0.0125
6.71760000239,0.00312495
6.71780000239,0.00312495
6.71800000239,-0.0125
6.71820000239,0.00312495
6.71840000239,-0.028125
6.71860000239,0.00312495
6.71880000239,0.00312495
6.71900000239,0.00312495
6.71920000239,-0.0125
6.71940000239,0.00312495
6.71960000239,0.00312495
6.71980000239,-0.0125
6.72000000239,-0.0125
6.72020000239,-0.0125
6.72040000239,0.00312495
6.72060000239,0.00312495
6.72080000239,0.00312495
6.72100000239,-0.028125
6.72120000239,-0.0125
6.72140000239,0.00312495
6.72160000239,0.00312495
6.72180000239,0.00312495
6.72200000239,-0.028125
6.72220000239,-0.0125
6.72240000239,-0.0125
6.72260000239,0.00312495
6.72280000239,-0.0125
6.72300000239,0.01875
6.72320000239,-0.0125
6.72340000239,0.00312495
6.72360000239,0.00312495
6.72380000239,-0.0125
6.72400000239,0.00312495
6.72420000239,0.00312495
6.72440000239,0.00312495
6.72460000239,0.00312495
6.72480000239,-0.0125
6.72500000239,-0.0125
6.72520000239,-0.0125
6.72540000239,0.00312495
6.72560000239,0.00312495
6.72580000239,0.00312495
6.72600000239,0.00312495
6.72620000239,-0.0125
6.72640000239,0.00312495
6.72660000239,-0.0125
6.72680000239,0.00312495
6.72700000239,-0.0125
6.72720000239,-0.028125
6.72740000239,0.00312495
6.72760000239,0.00312495
6.72780000239,0.00312495
6.72800000239,0.00312495
6.72820000239,0.00312495
6.72840000239,0.00312495
6.72860000239,0.01875
6.72880000239,0.00312495
6.72900000239,0.00312495
6.72920000239,0.00312495
6.72940000239,-0.0125
6.72960000239,0.00312495
6.72980000239,-0.028125
6.73000000239,0.00312495
6.73020000239,-0.0125
6.73040000239,0.00312495
6.73060000239,0.00312495
6.73080000239,0.00312495
6.73100000239,-0.0125
6.73120000239,0.01875
6.73140000239,0.00312495
6.73160000239,-0.0125
6.73180000239,-0.0125
6.73200000239,0.01875
6.73220000239,0.00312495
6.73240000239,0.00312495
6.73260000239,0.00312495
6.73280000239,0.00312495
6.73300000239,0.00312495
6.73320000239,0.00312495
6.73340000239,0.00312495
6.73360000239,0.00312495
6.73380000239,-0.0125
6.73400000239,0.00312495
6.73420000239,0.00312495
6.73440000239,0.00312495
6.73460000239,0.00312495
6.73480000239,0.00312495
6.73500000239,0.00312495
6.73520000239,0.01875
6.73540000239,-0.0125
6.73560000239,-0.0125
6.73580000239,0.00312495
6.73600000239,-0.0125
6.73620000239,0.00312495
6.73640000239,0.00312495
6.73660000239,0.00312495
6.73680000239,0.00312495
6.73700000239,0.01875
6.73720000239,0.00312495
6.73740000239,0.00312495
6.73760000239,0.00312495
6.73780000239,0.00312495
6.73800000239,-0.0125
6.73820000239,-0.0125
6.73840000239,0.00312495
6.73860000239,0.00312495
6.73880000239,0.00312495
6.73900000239,0.00312495
6.73920000239,0.00312495
6.73940000239,0.00312495
6.73960000239,-0.0125
6.73980000239,0.00312495
6.74000000239,0.00312495
6.74020000239,-0.0125
6.74040000239,0.00312495
6.74060000239,0.00312495
6.74080000239,0.00312495
6.74100000239,0.00312495
6.74120000239,0.00312495
6.74140000239,-0.0125
6.74160000239,-0.0125
6.74180000239,0.00312495
6.74200000239,0.00312495
6.74220000239,0.01875
6.74240000239,0.01875
6.74260000239,0.00312495
6.74280000239,0.00312495
6.74300000239,0.00312495
6.74320000239,0.00312495
6.74340000239,0.00312495
6.74360000239,0.00312495
6.74380000239,0.00312495
6.74400000239,0.00312495
6.74420000239,0.01875
6.74440000239,-0.0125
6.74460000239,0.01875
6.74480000239,0.01875
6.74500000239,0.00312495
6.74520000239,0.00312495
6.74540000239,-0.0125
6.74560000239,-0.0125
6.74580000239,-0.0125
6.74600000239,-0.0125
6.74620000239,0.00312495
6.74640000239,0.00312495
6.74660000239,0.00312495
6.74680000239,0.00312495
6.74700000239,0.00312495
6.74720000239,-0.0125
6.74740000239,0.00312495
6.74760000239,0.00312495
6.74780000239,0.00312495
6.74800000239,0.00312495
6.74820000239,0.00312495
6.74840000239,0.00312495
6.74860000239,-0.0125
6.74880000239,0.01875
6.74900000239,0.00312495
6.74920000239,-0.0125
6.74940000239,0.00312495
6.74960000239,0.00312495
6.74980000239,0.00312495
6.75000000239,0.00312495
6.75020000239,0.01875
6.75040000239,0.00312495
6.75060000239,-0.0125
6.75080000239,0.00312495
6.75100000239,0.00312495
6.75120000239,0.00312495
6.75140000239,0.00312495
6.75160000239,0.00312495
6.75180000239,0.00312495
6.75200000239,0.00312495
6.75220000239,0.00312495
6.75240000239,0.00312495
6.75260000239,0.00312495
6.75280000239,0.01875
6.75300000239,0.00312495
6.75320000239,0.00312495
6.75340000239,-0.0125
6.75360000239,-0.0125
6.75380000239,0.01875
6.75400000239,0.00312495
6.75420000239,0.00312495
6.75440000239,0.00312495
6.75460000239,0.00312495
6.75480000239,0.00312495
6.75500000239,0.00312495
6.75520000239,-0.0125
6.75540000239,0.00312495
6.75560000239,0.01875
6.75580000239,0.01875
6.75600000239,-0.0125
6.75620000239,0.00312495
6.75640000239,0.00312495
6.75660000239,0.00312495
6.75680000239,0.00312495
6.75700000239,0.00312495
6.75720000239,0.00312495
6.75740000239,0.00312495
6.75760000239,0.00312495
6.75780000239,0.00312495
6.75800000239,0.00312495
6.75820000239,0.00312495
6.75840000239,0.00312495
6.75860000239,0.01875
6.75880000239,0.00312495
6.75900000239,0.00312495
6.75920000239,0.00312495
6.75940000239,0.00312495
6.75960000239,0.00312495
6.75980000239,0.00312495
6.76000000239,0.01875
6.76020000239,0.01875
6.76040000239,0.00312495
6.76060000239,0.00312495
6.76080000239,0.00312495
6.76100000239,0.00312495
6.76120000239,0.00312495
6.76140000239,0.00312495
6.76160000239,0.00312495
6.76180000239,0.00312495
6.76200000239,0.00312495
6.76220000239,0.00312495
6.76240000239,0.00312495
6.76260000239,0.00312495
6.76280000239,0.00312495
6.76300000239,0.01875
6.76320000239,0.00312495
6.76340000239,0.00312495
6.76360000239,0.00312495
6.76380000239,0.00312495
6.76400000239,0.00312495
6.76420000239,0.01875
6.76440000239,0.00312495
6.76460000239,0.00312495
6.76480000239,0.01875
6.76500000239,0.00312495
6.76520000239,-0.0125
6.76540000239,0.00312495
6.76560000239,0.01875
6.76580000239,0.01875
6.76600000239,0.00312495
6.76620000239,0.00312495
6.76640000239,0.00312495
6.76660000239,0.00312495
6.76680000239,0.01875
6.76700000239,0.00312495
6.76720000239,0.00312495
6.76740000239,0.00312495
6.76760000239,0.00312495
6.76780000239,0.00312495
6.76800000239,0.00312495
6.76820000239,0.00312495
6.76840000239,0.01875
6.76860000239,0.01875
6.76880000239,0.01875
6.76900000239,0.01875
6.76920000239,0.00312495
6.76940000239,0.00312495
6.76960000239,0.00312495
6.76980000239,0.00312495
6.77000000239,0.01875
6.77020000239,0.01875
6.77040000239,0.01875
6.77060000239,0.01875
6.77080000239,0.01875
6.77100000239,0.00312495
6.77120000239,0.034375
6.77140000239,0.01875
6.77160000239,0.00312495
6.77180000239,0.00312495
6.77200000239,0.01875
6.77220000239,0.01875
6.77240000239,0.00312495
6.77260000239,0.01875
6.77280000239,0.00312495
6.77300000239,0.00312495
6.77320000239,0.00312495
6.77340000239,0.034375
6.77360000239,0.00312495
6.77380000239,0.01875
6.77400000239,0.01875
6.77420000239,0.01875
6.77440000239,0.00312495
6.77460000239,0.00312495
6.77480000239,0.01875
6.77500000239,0.01875
6.77520000239,0.01875
6.77540000239,0.00312495
6.77560000239,0.00312495
6.77580000239,0.01875
6.77600000239,0.00312495
6.77620000239,0.01875
6.77640000239,0.00312495
6.77660000239,0.00312495
6.77680000239,0.00312495
6.77700000239,0.00312495
6.77720000239,0.01875
6.77740000239,0.034375
6.77760000239,0.00312495
6.77780000239,0.01875
6.77800000239,0.00312495
6.77820000239,0.00312495
6.77840000239,0.01875
6.77860000239,0.01875
6.77880000239,0.00312495
6.77900000239,0.00312495
6.77920000239,0.01875
6.77940000239,0.01875
6.77960000239,0.01875
6.77980000239,0.01875
6.78000000239,0.00312495
6.78020000239,0.01875
6.78040000239,0.01875
6.78060000239,0.01875
6.78080000239,0.00312495
6.78100000239,0.00312495
6.78120000239,0.01875
6.78140000239,0.01875
6.78160000239,0.00312495
6.78180000239,0.00312495
6.78200000239,0.034375
6.78220000239,0.01875
6.78240000239,0.01875
6.78260000239,0.00312495
6.78280000239,0.01875
6.78300000239,0.00312495
6.78320000239,0.01875
6.78340000239,0.01875
6.78360000239,0.01875
6.78380000239,0.00312495
6.78400000239,0.00312495
6.78420000239,0.01875
6.78440000239,0.01875
6.78460000239,0.01875
6.78480000239,0.00312495
6.78500000239,0.01875
6.78520000239,0.01875
6.78540000239,0.01875
6.78560000239,0.01875
6.78580000239,0.00312495
6.78600000239,0.01875
6.78620000239,0.00312495
6.78640000239,0.01875
6.78660000239,0.01875
6.78680000239,0.00312495
6.78700000239,0.01875
6.78720000239,0.00312495
6.78740000239,0.00312495
6.78760000239,0.01875
6.78780000239,0.01875
6.78800000239,0.00312495
6.78820000239,0.00312495
6.78840000239,0.01875
6.78860000239,0.01875
6.78880000239,0.01875
6.78900000239,0.01875
6.78920000239,0.034375
6.78940000239,0.034375
6.78960000239,0.01875
6.78980000239,0.01875
6.79000000239,0.01875
6.79020000239,0.01875
6.79040000239,0.01875
6.79060000239,0.034375
6.79080000239,0.01875
6.79100000239,0.00312495
6.79120000239,0.00312495
6.79140000239,0.00312495
6.79160000239,0.00312495
6.79180000239,0.01875
6.79200000239,0.01875
6.79220000239,0.00312495
6.79240000239,0.01875
6.79260000239,0.034375
6.79280000239,0.00312495
6.79300000239,0.01875
6.79320000239,0.01875
6.79340000239,0.01875
6.79360000239,0.01875
6.79380000239,0.01875
6.79400000239,0.034375
6.79420000239,0.034375
6.79440000239,0.01875
6.79460000239,0.01875
6.79480000239,0.01875
6.79500000239,0.034375
6.79520000239,0.034375
6.79540000239,0.034375
6.79560000239,0.01875
6.79580000239,0.01875
6.79600000239,0.01875
6.79620000239,0.01875
6.79640000239,0.01875
6.79660000239,0.034375
6.79680000239,0.034375
6.79700000239,0.01875
6.79720000239,0.01875
6.79740000239,0.01875
6.79760000239,0.01875
6.79780000239,0.01875
6.79800000239,0.00312495
6.79820000239,0.01875
6.79840000239,0.034375
6.79860000239,0.01875
6.79880000239,0.01875
6.79900000239,0.01875
6.79920000239,0.01875
6.79940000239,0.01875
6.79960000239,0.034375
6.79980000239,0.034375
6.80000000239,0.034375
6.80020000239,0.01875
6.80040000239,0.034375
6.80060000239,0.01875
6.80080000239,0.01875
6.80100000239,0.01875
6.80120000239,0.01875
6.80140000239,0.01875
6.80160000239,0.034375
6.80180000239,0.01875
6.80200000239,0.034375
6.80220000239,0.01875
6.80240000239,0.034375
6.80260000239,0.01875
6.80280000239,0.034375
6.80300000239,0.034375
6.80320000239,0.01875
6.80340000239,0.01875
6.80360000239,0.01875
6.80380000239,0.01875
6.80400000239,0.034375
6.80420000239,0.034375
6.80440000239,0.034375
6.80460000239,0.034375
6.80480000239,0.034375
6.80500000239,0.034375
6.80520000239,0.01875
6.80540000239,0.034375
6.80560000239,0.01875
6.80580000239,0.01875
6.80600000239,0.01875
6.80620000239,0.034375
6.80640000239,0.01875
6.80660000239,0.01875
6.80680000239,0.034375
6.80700000239,0.01875
6.80720000239,0.01875
6.80740000239,0.01875
6.80760000239,0.034375
6.80780000239,0.034375
6.80800000239,0.034375
6.80820000239,0.034375
6.80840000239,0.034375
6.80860000239,0.034375
6.80880000239,0.034375
6.80900000239,0.01875
6.80920000239,0.034375
6.80940000239,0.034375
6.80960000239,0.01875
6.80980000239,0.034375
6.81000000239,0.01875
6.81020000239,0.01875
6.81040000239,0.01875
6.81060000239,0.01875
6.81080000239,0.034375
6.81100000239,0.01875
6.81120000239,0.034375
6.81140000239,0.01875
6.81160000239,0.01875
6.81180000239,0.034375
6.81200000239,0.034375
6.81220000239,0.034375
6.81240000239,0.05
6.81260000239,0.034375
6.81280000239,0.01875
6.81300000239,0.034375
6.81320000239,0.034375
6.81340000239,0.01875
6.81360000239,0.034375
6.81380000239,0.01875
6.81400000239,0.01875
6.81420000239,0.01875
6.81440000239,0.034375
6.81460000239,0.01875
6.81480000239,0.01875
6.81500000239,0.034375
6.81520000239,0.034375
6.81540000239,0.034375
6.81560000239,0.034375
6.81580000239,0.034375
6.81600000239,0.034375
6.81620000239,0.034375
6.81640000239,0.034375
6.81660000239,0.034375
6.81680000239,0.034375
6.81700000239,0.01875
6.81720000239,0.034375
6.81740000239,0.05
6.81760000239,0.034375
6.81780000239,0.034375
6.81800000239,0.034375
6.81820000239,0.034375
6.81840000239,0.034375
6.81860000239,0.034375
6.81880000239,0.034375
6.81900000239,0.05
6.81920000239,0.01875
6.81940000239,0.01875
6.81960000239,0.034375
6.81980000239,0.034375
6.82000000239,0.034375
6.82020000239,0.034375
6.82040000239,0.034375
6.82060000239,0.034375
6.82080000239,0.05
6.82100000239,0.01875
6.82120000239,0.034375
6.82140000239,0.034375
6.82160000239,0.01875
6.82180000239,0.01875
6.82200000239,0.034375
6.82220000239,0.034375
6.82240000239,0.034375
6.82260000239,0.01875
6.82280000239,0.01875
6.82300000239,0.034375
6.82320000239,0.05
6.82340000239,0.034375
6.82360000239,0.034375
6.82380000239,0.034375
6.82400000239,0.034375
6.82420000239,0.01875
6.82440000239,0.034375
6.82460000239,0.034375
6.82480000239,0.05
6.82500000239,0.034375
6.82520000239,0.034375
6.82540000239,0.05
6.82560000239,0.034375
6.82580000239,0.034375
6.82600000239,0.034375
6.82620000239,0.034375
6.82640000239,0.034375
6.82660000239,0.034375
6.82680000239,0.034375
6.82700000239,0.034375
6.82720000239,0.01875
6.82740000239,0.034375
6.82760000239,0.01875
6.82780000239,0.034375
6.82800000239,0.05
6.82820000239,0.034375
6.82840000239,0.034375
6.82860000239,0.034375
6.82880000239,0.034375
6.82900000239,0.05
6.82920000239,0.05
6.82940000239,0.034375
6.82960000239,0.034375
6.82980000239,0.034375
6.83000000239,0.034375
6.83020000239,0.034375
6.83040000239,0.05
6.83060000239,0.034375
6.83080000239,0.034375
6.83100000239,0.034375
6.83120000239,0.05
6.83140000239,0.01875
6.83160000239,0.034375
6.83180000239,0.034375
6.83200000239,0.05
6.83220000239,0.05
6.83240000239,0.05
6.83260000239,0.034375
6.83280000239,0.034375
6.83300000239,0.034375
6.83320000239,0.034375
6.83340000239,0.05
6.83360000239,0.034375
6.83380000239,0.034375
6.83400000239,0.05
6.83420000239,0.05
6.83440000239,0.034375
6.83460000239,0.034375
6.83480000239,0.034375
6.83500000239,0.034375
6.83520000239,0.034375
6.83540000239,0.034375
6.83560000239,0.034375
6.83580000239,0.05
6.83600000239,0.034375
6.83620000239,0.034375
6.83640000239,0.034375
6.83660000239,0.05
6.83680000239,0.034375
6.83700000239,0.05
6.83720000239,0.034375
6.83740000239,0.05
6.83760000239,0.034375
6.83780000239,0.05
6.83800000239,0.05
6.83820000239,0.034375
6.83840000239,0.05
6.83860000239,0.034375
6.83880000239,0.05
6.83900000239,0.034375
6.83920000239,0.05
6.83940000239,0.01875
6.83960000239,0.034375
6.83980000239,0.05
6.84000000239,0.05
6.84020000239,0.034375
6.84040000239,0.034375
6.84060000239,0.034375
6.84080000239,0.05
6.84100000239,0.05
6.84120000239,0.034375
6.84140000239,0.034375
6.84160000239,0.05
6.84180000239,0.05
6.84200000239,0.05
6.84220000239,0.05
6.84240000239,0.05
6.84260000239,0.034375
6.84280000239,0.034375
6.84300000239,0.034375
6.84320000239,0.05
6.84340000239,0.034375
6.84360000239,0.05
6.84380000239,0.034375
6.84400000239,0.034375
6.84420000239,0.05
6.84440000239,0.05
6.84460000239,0.05
6.84480000239,0.05
6.84500000239,0.034375
6.84520000239,0.05
6.84540000239,0.034375
6.84560000239,0.034375
6.84580000239,0.034375
6.84600000239,0.034375
6.84620000239,0.034375
6.84640000239,0.065625
6.84660000239,0.05
6.84680000239,0.034375
6.84700000239,0.05
6.84720000239,0.034375
6.84740000239,0.05
6.84760000239,0.05
6.84780000239,0.05
6.84800000239,0.05
6.84820000239,0.034375
6.84840000239,0.034375
6.84860000239,0.034375
6.84880000239,0.05
6.84900000239,0.034375
6.84920000239,0.05
6.84940000239,0.034375
6.84960000239,0.05
6.84980000239,0.05
6.85000000239,0.05
6.85020000239,0.034375
6.85040000239,0.05
6.85060000239,0.034375
6.85080000239,0.065625
6.85100000239,0.05
6.85120000239,0.05
6.85140000239,0.034375
6.85160000239,0.05
6.85180000239,0.034375
6.85200000239,0.05
6.85220000239,0.065625
6.85240000239,0.034375
6.85260000239,0.05
6.85280000239,0.065625
6.85300000239,0.065625
6.85320000239,0.034375
6.85340000239,0.065625
6.85360000239,0.05
6.85380000239,0.05
6.85400000239,0.05
6.85420000239,0.05
6.85440000239,0.05
6.85460000239,0.05
6.85480000239,0.065625
6.85500000239,0.05
6.85520000239,0.05
6.85540000239,0.05
6.85560000239,0.034375
6.85580000239,0.034375
6.85600000239,0.05
6.85620000239,0.05
6.85640000239,0.05
6.85660000239,0.05
6.85680000239,0.05
6.85700000239,0.05
6.85720000239,0.05
6.85740000239,0.05
6.85760000239,0.065625
6.85780000239,0.065625
6.85800000239,0.05
6.85820000239,0.05
6.85840000239,0.034375
6.85860000239,0.05
6.85880000239,0.08125
6.85900000239,0.05
6.85920000239,0.065625
6.85940000239,0.05
6.85960000239,0.05
6.85980000239,0.05
6.86000000239,0.034375
6.86020000239,0.065625
6.86040000239,0.034375
6.86060000239,0.065625
6.86080000239,0.05
6.86100000239,0.05
6.86120000239,0.065625
6.86140000239,0.065625
6.86160000239,0.065625
6.86180000239,0.065625
6.86200000239,0.05
6.86220000239,0.034375
6.86240000239,0.05
6.86260000239,0.065625
6.86280000239,0.05
6.86300000239,0.065625
6.86320000239,0.065625
6.86340000239,0.065625
6.86360000239,0.065625
6.86380000239,0.05
6.86400000239,0.05
6.86420000239,0.065625
6.86440000239,0.065625
6.86460000239,0.065625
6.86480000239,0.05
6.86500000239,0.065625
6.86520000239,0.05
6.86540000239,0.05
6.86560000239,0.05
6.86580000239,0.05
6.86600000239,0.05
6.86620000239,0.05
6.86640000239,0.05
6.86660000239,0.065625
6.86680000239,0.05
6.86700000239,0.065625
6.86720000239,0.065625
6.86740000239,0.065625
6.86760000239,0.065625
6.86780000239,0.065625
6.86800000239,0.05
6.86820000239,0.065625
6.86840000239,0.05
6.86860000239,0.05
6.86880000239,0.065625
6.86900000239,0.065625
6.86920000239,0.065625
6.86940000239,0.065625
6.86960000239,0.065625
6.86980000239,0.08125
6.87000000239,0.05
6.87020000239,0.05
6.87040000239,0.05
6.87060000239,0.065625
6.87080000239,0.05
6.87100000239,0.065625
6.87120000239,0.05
6.87140000239,0.065625
6.87160000239,0.05
6.87180000239,0.05
6.87200000239,0.065625
6.87220000239,0.065625
6.87240000239,0.065625
6.87260000239,0.065625
6.87280000239,0.065625
6.87300000239,0.05
6.87320000239,0.05
6.87340000239,0.05
6.87360000239,0.034375
6.87380000239,0.065625
6.87400000239,0.065625
6.87420000239,0.065625
6.87440000239,0.065625
6.87460000239,0.08125
6.87480000239,0.065625
6.87500000239,0.065625
6.87520000239,0.065625
6.87540000239,0.065625
6.87560000239,0.05
6.87580000239,0.08125
6.87600000239,0.065625
6.87620000239,0.065625
6.87640000239,0.065625
6.87660000239,0.05
6.87680000239,0.065625
6.87700000239,0.065625
6.87720000239,0.05
6.87740000239,0.065625
6.87760000239,0.05
6.87780000239,0.065625
6.87800000239,0.065625
6.87820000239,0.08125
6.87840000239,0.065625
6.87860000239,0.065625
6.87880000239,0.065625
6.87900000239,0.05
6.87920000239,0.05
6.87940000239,0.065625
6.87960000239,0.065625
6.87980000239,0.065625
6.88000000239,0.065625
6.88020000239,0.05
6.88040000239,0.05
6.88060000239,0.065625
6.88080000239,0.065625
6.88100000239,0.065625
6.88120000239,0.065625
6.88140000239,0.065625
6.88160000239,0.065625
6.88180000239,0.065625
6.88200000239,0.065625
6.88220000239,0.065625
6.88240000239,0.065625
6.88260000239,0.065625
6.88280000239,0.05
6.88300000239,0.065625
6.88320000239,0.065625
6.88340000239,0.065625
6.88360000239,0.065625
6.88380000239,0.05
6.88400000239,0.05
6.88420000239,0.05
6.88440000239,0.05
6.88460000239,0.05
6.88480000239,0.065625
6.88500000239,0.065625
6.88520000239,0.05
6.88540000239,0.065625
6.88560000239,0.065625
6.88580000239,0.05
6.88600000239,0.065625
6.88620000239,0.065625
6.88640000239,0.065625
6.88660000239,0.065625
6.88680000239,0.08125
6.88700000239,0.065625
6.88720000239,0.065625
6.88740000239,0.065625
6.88760000239,0.065625
6.88780000239,0.08125
6.88800000239,0.05
6.88820000239,0.065625
6.88840000239,0.065625
6.88860000239,0.065625
6.88880000239,0.065625
6.88900000239,0.065625
6.88920000239,0.065625
6.88940000239,0.065625
6.88960000239,0.065625
6.88980000239,0.08125
6.89000000239,0.08125
6.89020000239,0.065625
6.89040000239,0.065625
6.89060000239,0.05
6.89080000239,0.065625
6.89100000239,0.08125
6.89120000239,0.08125
6.89140000239,0.065625
6.89160000239,0.065625
6.89180000239,0.08125
6.89200000239,0.065625
6.89220000239,0.08125
6.89240000239,0.08125
6.89260000239,0.065625
6.89280000239,0.08125
6.89300000239,0.065625
6.89320000239,0.08125
6.89340000239,0.065625
6.89360000239,0.065625
6.89380000239,0.08125
6.89400000239,0.065625
6.89420000239,0.08125
6.89440000239,0.065625
6.89460000239,0.08125
6.89480000239,0.08125
6.89500000239,0.065625
6.89520000239,0.065625
6.89540000239,0.065625
6.89560000239,0.065625
6.89580000239,0.065625
6.89600000239,0.065625
6.89620000239,0.08125
6.89640000239,0.065625
6.89660000239,0.065625
6.89680000239,0.08125
6.89700000239,0.08125
6.89720000239,0.08125
6.89740000239,0.065625
6.89760000239,0.065625
6.89780000239,0.065625
6.89800000239,0.065625
6.89820000239,0.065625
6.89840000239,0.065625
6.89860000239,0.065625
6.89880000239,0.08125
6.89900000239,0.065625
6.89920000239,0.065625
6.89940000239,0.08125
6.89960000239,0.065625
6.89980000239,0.065625
6.90000000239,0.065625
6.90020000239,0.065625
6.90040000239,0.065625
6.90060000239,0.05
6.90080000239,0.08125
6.90100000239,0.065625
6.90120000239,0.08125
6.90140000239,0.065625
6.90160000239,0.065625
6.90180000239,0.065625
6.90200000239,0.08125
6.90220000239,0.065625
6.90240000239,0.065625
6.90260000239,0.08125
6.90280000239,0.065625
6.90300000239,0.08125
6.90320000239,0.08125
6.90340000239,0.08125
6.90360000239,0.065625
6.90380000239,0.08125
6.90400000239,0.08125
6.90420000239,0.096875
6.90440000239,0.065625
6.90460000239,0.08125
6.90480000239,0.065625
6.90500000239,0.08125
6.90520000239,0.08125
6.90540000239,0.065625
6.90560000239,0.065625
6.90580000239,0.065625
6.90600000239,0.065625
6.90620000239,0.08125
6.90640000239,0.08125
6.90660000239,0.065625
6.90680000239,0.08125
6.90700000239,0.08125
6.90720000239,0.08125
6.90740000239,0.065625
6.90760000239,0.08125
6.90780000239,0.065625
6.90800000239,0.08125
6.90820000239,0.08125
6.90840000239,0.065625
6.90860000239,0.08125
6.90880000239,0.065625
6.90900000239,0.08125
6.90920000239,0.08125
6.90940000239,0.096875
6.90960000239,0.096875
6.90980000239,0.08125
6.91000000239,0.065625
6.91020000239,0.08125
6.91040000239,0.08125
6.91060000239,0.096875
6.91080000239,0.08125
6.91100000239,0.08125
6.91120000239,0.08125
6.91140000239,0.08125
6.91160000239,0.08125
6.91180000239,0.08125
6.91200000239,0.065625
6.91220000239,0.065625
6.91240000239,0.08125
6.91260000239,0.08125
6.91280000239,0.08125
6.91300000239,0.065625
6.91320000239,0.08125
6.91340000239,0.08125
6.91360000239,0.065625
6.91380000239,0.08125
6.91400000239,0.08125
6.91420000239,0.08125
6.91440000239,0.096875
6.91460000239,0.08125
6.91480000239,0.065625
6.91500000239,0.065625
6.91520000239,0.08125
6.91540000239,0.08125
6.91560000239,0.08125
6.91580000239,0.08125
6.91600000239,0.08125
6.91620000239,0.08125
6.91640000239,0.08125
6.91660000239,0.08125
6.91680000239,0.08125
6.91700000239,0.08125
6.91720000239,0.096875
6.91740000239,0.08125
6.91760000239,0.08125
6.91780000239,0.08125
6.91800000239,0.08125
6.91820000239,0.08125
6.91840000239,0.096875
6.91860000239,0.096875
6.91880000239,0.096875
6.91900000239,0.08125
6.91920000239,0.08125
6.91940000239,0.096875
6.91960000239,0.096875
6.91980000239,0.096875
6.92000000239,0.08125
6.92020000239,0.1125
6.92040000239,0.096875
6.92060000239,0.096875
6.92080000239,0.096875
6.92100000239,0.08125
6.92120000239,0.096875
6.92140000239,0.08125
6.92160000239,0.08125
6.92180000239,0.08125
6.92200000239,0.096875
6.92220000239,0.08125
6.92240000239,0.08125
6.92260000239,0.08125
6.92280000239,0.08125
6.92300000239,0.096875
6.92320000239,0.096875
6.92340000239,0.08125
6.92360000239,0.08125
6.92380000239,0.08125
6.92400000239,0.08125
6.92420000239,0.08125
6.92440000239,0.08125
6.92460000239,0.08125
6.92480000239,0.08125
6.92500000239,0.08125
6.92520000239,0.08125
6.92540000239,0.08125
6.92560000239,0.096875
6.92580000239,0.08125
6.92600000239,0.08125
6.92620000239,0.096875
6.92640000239,0.096875
6.92660000239,0.08125
6.92680000239,0.08125
6.92700000239,0.096875
6.92720000239,0.096875
6.92740000239,0.096875
6.92760000239,0.08125
6.92780000239,0.096875
6.92800000239,0.08125
6.92820000239,0.08125
6.92840000239,0.08125
6.92860000239,0.096875
6.92880000239,0.08125
6.92900000239,0.1125
6.92920000239,0.08125
6.92940000239,0.08125
6.92960000239,0.08125
6.92980000239,0.096875
6.93000000239,0.096875
6.93020000239,0.096875
6.93040000239,0.08125
6.93060000239,0.08125
6.93080000239,0.096875
6.93100000239,0.08125
6.93120000239,0.1125
6.93140000239,0.096875
6.93160000239,0.096875
6.93180000239,0.08125
6.93200000239,0.096875
6.93220000239,0.08125
6.93240000239,0.08125
6.93260000239,0.096875
6.93280000239,0.1125
6.93300000239,0.096875
6.93320000239,0.096875
6.93340000239,0.08125
6.93360000239,0.08125
6.93380000239,0.08125
6.93400000239,0.08125
6.93420000239,0.096875
6.93440000239,0.08125
6.93460000239,0.096875
6.93480000239,0.096875
6.93500000239,0.096875
6.93520000239,0.096875
6.93540000239,0.08125
6.93560000239,0.096875
6.93580000239,0.096875
6.93600000239,0.096875
6.93620000239,0.08125
6.93640000239,0.096875
6.93660000239,0.08125
6.93680000239,0.08125
6.93700000239,0.08125
6.93720000239,0.096875
6.93740000239,0.08125
6.93760000239,0.096875
6.93780000239,0.096875
6.93800000239,0.096875
6.93820000239,0.096875
6.93840000239,0.096875
6.93860000239,0.096875
6.93880000239,0.096875
6.93900000239,0.096875
6.93920000239,0.096875
6.93940000239,0.096875
6.93960000239,0.096875
6.93980000239,0.096875
6.94000000239,0.08125
6.94020000239,0.096875
6.94040000239,0.096875
6.94060000239,0.096875
6.94080000239,0.1125
6.94100000239,0.096875
6.94120000239,0.096875
6.94140000239,0.096875
6.94160000239,0.096875
6.94180000239,0.096875
6.94200000239,0.1125
6.94220000239,0.096875
6.94240000239,0.096875
6.94260000239,0.08125
6.94280000239,0.096875
6.94300000239,0.096875
6.94320000239,0.096875
6.94340000239,0.096875
6.94360000239,0.096875
6.94380000239,0.096875
6.94400000239,0.096875
6.94420000239,0.096875
6.94440000239,0.096875
6.94460000239,0.096875
6.94480000239,0.1125
6.94500000239,0.1125
6.94520000239,0.096875
6.94540000239,0.096875
6.94560000239,0.096875
6.94580000239,0.096875
6.94600000239,0.096875
6.94620000239,0.1125
6.94640000239,0.1125
6.94660000239,0.096875
6.94680000239,0.096875
6.94700000239,0.096875
6.94720000239,0.08125
6.94740000239,0.08125
6.94760000239,0.1125
6.94780000239,0.096875
6.94800000239,0.096875
6.94820000239,0.08125
6.94840000239,0.096875
6.94860000239,0.096875
6.94880000239,0.096875
6.94900000239,0.096875
6.94920000239,0.096875
6.94940000239,0.096875
6.94960000239,0.1125
6.94980000239,0.096875
6.95000000239,0.1125
6.95020000239,0.1125
6.95040000239,0.096875
6.95060000239,0.096875
6.95080000239,0.1125
6.95100000239,0.096875
6.95120000239,0.08125
6.95140000239,0.096875
6.95160000239,0.096875
6.95180000239,0.1125
6.95200000239,0.08125
6.95220000239,0.1125
6.95240000239,0.096875
6.95260000239,0.1125
6.95280000239,0.1125
6.95300000239,0.096875
6.95320000239,0.096875
6.95340000239,0.096875
6.95360000239,0.08125
6.95380000239,0.096875
6.95400000239,0.1125
6.95420000239,0.1125
6.95440000239,0.096875
6.95460000239,0.1125
6.95480000239,0.1125
6.95500000239,0.1125
6.95520000239,0.1125
6.95540000239,0.128125
6.95560000239,0.096875
6.95580000239,0.1125
6.95600000239,0.1125
6.95620000239,0.096875
6.95640000239,0.096875
6.95660000239,0.096875
6.95680000239,0.1125
6.95700000239,0.1125
6.95720000239,0.096875
6.95740000239,0.096875
6.95760000239,0.1125
6.95780000239,0.128125
6.95800000239,0.096875
6.95820000239,0.128125
6.95840000239,0.1125
6.95860000239,0.1125
6.95880000239,0.096875
6.95900000239,0.1125
6.95920000239,0.096875
6.95940000239,0.096875
6.95960000239,0.096875
6.95980000239,0.1125
6.96000000239,0.096875
6.96020000239,0.096875
6.96040000239,0.1125
6.96060000239,0.1125
6.96080000239,0.096875
6.96100000239,0.096875
6.96120000239,0.1125
6.96140000239,0.1125
6.96160000239,0.1125
6.96180000239,0.096875
6.96200000239,0.096875
6.96220000239,0.096875
6.96240000239,0.1125
6.96260000239,0.1125
6.96280000239,0.1125
6.96300000239,0.1125
6.96320000239,0.096875
6.96340000239,0.1125
6.96360000239,0.1125
6.96380000239,0.1125
6.96400000239,0.128125
6.96420000239,0.1125
6.96440000239,0.096875
6.96460000239,0.1125
6.96480000239,0.1125
6.96500000239,0.1125
6.96520000239,0.1125
6.96540000239,0.096875
6.96560000239,0.1125
6.96580000239,0.1125
6.96600000239,0.1125
6.96620000239,0.1125
6.96640000239,0.096875
6.96660000239,0.1125
6.96680000239,0.128125
6.96700000239,0.096875
6.96720000239,0.128125
6.96740000239,0.1125
6.96760000239,0.096875
6.96780000239,0.1125
6.96800000239,0.1125
6.96820000239,0.1125
6.96840000239,0.1125
6.96860000239,0.1125
6.96880000239,0.096875
6.96900000239,0.1125
6.96920000239,0.1125
6.96940000239,0.128125
6.96960000239,0.1125
6.96980000239,0.1125
6.97000000239,0.096875
6.97020000239,0.1125
6.97040000239,0.1125
6.97060000239,0.1125
6.97080000239,0.1125
6.97100000239,0.1125
6.97120000239,0.1125
6.97140000239,0.1125
6.97160000239,0.096875
6.97180000239,0.096875
6.97200000239,0.1125
6.97220000239,0.1125
6.97240000239,0.1125
6.97260000239,0.1125
6.97280000239,0.096875
6.97300000239,0.1125
6.97320000239,0.128125
6.97340000239,0.1125
6.97360000239,0.1125
6.97380000239,0.128125
6.97400000239,0.1125
6.97420000239,0.1125
6.97440000239,0.096875
6.97460000239,0.128125
6.97480000239,0.1125
6.97500000239,0.128125
6.97520000239,0.1125
6.97540000239,0.128125
6.97560000239,0.128125
6.97580000239,0.1125
6.97600000239,0.1125
6.97620000239,0.096875
6.97640000239,0.1125
6.97660000239,0.1125
6.97680000239,0.1125
6.97700000239,0.096875
6.97720000239,0.1125
6.97740000239,0.1125
6.97760000239,0.128125
6.97780000239,0.1125
6.97800000239,0.128125
6.97820000239,0.128125
6.97840000239,0.1125
6.97860000239,0.1125
6.97880000239,0.1125
6.97900000239,0.1125
6.97920000239,0.1125
6.97940000239,0.1125
6.97960000239,0.1125
6.97980000239,0.128125
6.98000000239,0.1125
6.98020000239,0.128125
6.98040000239,0.128125
6.98060000239,0.1125
6.98080000239,0.128125
6.98100000239,0.128125
6.98120000239,0.1125
6.98140000239,0.128125
6.98160000239,0.1125
6.98180000239,0.096875
6.98200000239,0.128125
6.98220000239,0.128125
6.98240000239,0.128125
6.98260000239,0.1125
6.98280000239,0.128125
6.98300000239,0.1125
6.98320000239,0.1125
6.98340000239,0.128125
6.98360000239,0.128125
6.98380000239,0.1125
6.98400000239,0.1125
6.98420000239,0.128125
6.98440000239,0.128125
6.98460000239,0.128125
6.98480000239,0.1125
6.98500000239,0.14375
6.98520000239,0.128125
6.98540000239,0.128125
6.98560000239,0.128125
6.98580000239,0.128125
6.98600000239,0.1125
6.98620000239,0.128125
6.98640000239,0.128125
6.98660000239,0.128125
6.98680000239,0.1125
6.98700000239,0.1125
6.98720000239,0.128125
6.98740000239,0.128125
6.98760000239,0.128125
6.98780000239,0.1125
6.98800000239,0.128125
6.98820000239,0.1125
6.98840000239,0.128125
6.98860000239,0.128125
6.98880000239,0.1125
6.98900000239,0.128125
6.98920000239,0.128125
6.98940000239,0.1125
6.98960000239,0.128125
6.98980000239,0.14375
6.99000000239,0.128125
6.99020000239,0.128125
6.99040000239,0.14375
6.99060000239,0.14375
6.99080000239,0.128125
6.99100000239,0.128125
6.99120000239,0.128125
6.99140000239,0.128125
6.99160000239,0.128125
6.99180000239,0.128125
6.99200000239,0.1125
6.99220000239,0.128125
6.99240000239,0.128125
6.99260000239,0.128125
6.99280000239,0.14375
6.99300000239,0.128125
6.99320000239,0.128125
6.99340000239,0.128125
6.99360000239,0.128125
6.99380000239,0.128125
6.99400000239,0.14375
6.99420000239,0.128125
6.99440000239,0.128125
6.99460000239,0.128125
6.99480000239,0.1125
6.99500000239,0.128125
6.99520000239,0.128125
6.99540000239,0.14375
6.99560000239,0.14375
6.99580000239,0.1125
6.99600000239,0.1125
6.99620000239,0.128125
6.99640000239,0.128125
6.99660000239,0.128125
6.99680000239,0.14375
6.99700000239,0.128125
6.99720000239,0.14375
6.99740000239,0.14375
6.99760000239,0.128125
6.99780000239,0.14375
6.99800000239,0.14375
6.99820000239,0.14375
6.99840000239,0.128125
6.99860000239,0.14375
6.99880000239,0.14375
6.99900000239,0.14375
6.99920000239,0.14375
6.99940000239,0.128125
6.99960000239,0.128125
6.99980000239,0.128125
7.00000000239,0.128125
7.00020000239,0.14375
7.00040000239,0.14375
7.00060000239,0.14375
7.00080000239,0.1125
7.00100000239,0.159375
7.00120000239,0.14375
7.00140000239,0.128125
7.00160000239,0.159375
7.00180000239,0.128125
7.00200000239,0.128125
7.00220000239,0.128125
7.00240000239,0.128125
7.00260000239,0.14375
7.00280000239,0.128125
7.00300000239,0.14375
7.00320000239,0.14375
7.00340000239,0.14375
7.00360000239,0.14375
7.00380000239,0.14375
7.00400000239,0.14375
7.00420000239,0.128125
7.00440000239,0.14375
7.00460000239,0.128125
7.00480000239,0.14375
7.00500000239,0.128125
7.00520000239,0.14375
7.00540000239,0.14375
7.00560000239,0.14375
7.00580000239,0.128125
7.00600000239,0.14375
7.00620000239,0.128125
7.00640000239,0.159375
7.00660000239,0.14375
7.00680000239,0.14375
7.00700000239,0.14375
7.00720000239,0.128125
7.00740000239,0.14375
7.00760000239,0.14375
7.00780000239,0.128125
7.00800000239,0.14375
7.00820000239,0.14375
7.00840000239,0.14375
7.00860000239,0.14375
7.00880000239,0.14375
7.00900000239,0.159375
7.00920000239,0.128125
7.00940000239,0.14375
7.00960000239,0.128125
7.00980000239,0.14375
7.01000000239,0.128125
7.01020000239,0.14375
7.01040000239,0.14375
7.01060000239,0.14375
7.01080000239,0.14375
7.01100000239,0.14375
7.01120000239,0.128125
7.01140000239,0.14375
7.01160000239,0.14375
7.01180000239,0.14375
7.01200000239,0.128125
7.01220000239,0.159375
7.01240000239,0.14375
7.01260000239,0.14375
7.01280000239,0.14375
7.01300000239,0.14375
7.01320000239,0.14375
7.01340000239,0.14375
7.01360000239,0.14375
7.01380000239,0.159375
7.01400000239,0.14375
7.01420000239,0.14375
7.01440000239,0.14375
7.01460000239,0.14375
7.01480000239,0.14375
7.01500000239,0.14375
7.01520000239,0.159375
7.01540000239,0.14375
7.01560000239,0.14375
7.01580000239,0.14375
7.01600000239,0.159375
7.01620000239,0.14375
7.01640000239,0.14375
7.01660000239,0.14375
7.01680000239,0.14375
7.01700000239,0.14375
7.01720000239,0.14375
7.01740000239,0.14375
7.01760000239,0.14375
7.01780000239,0.159375
7.01800000239,0.14375
7.01820000239,0.14375
7.01840000239,0.159375
7.01860000239,0.159375
7.01880000239,0.159375
7.01900000239,0.159375
7.01920000239,0.159375
7.01940000239,0.14375
7.01960000239,0.14375
7.01980000239,0.159375
7.02000000239,0.159375
7.02020000239,0.159375
7.02040000239,0.159375
7.02060000239,0.14375
7.02080000239,0.14375
7.02100000239,0.14375
7.02120000239,0.14375
7.02140000239,0.159375
7.02160000239,0.159375
7.02180000239,0.159375
7.02200000239,0.159375
7.02220000239,0.159375
7.02240000239,0.14375
7.02260000239,0.14375
7.02280000239,0.175
7.02300000239,0.175
7.02320000239,0.159375
7.02340000239,0.159375
7.02360000239,0.159375
7.02380000239,0.175
7.02400000239,0.159375
7.02420000239,0.159375
7.02440000239,0.159375
7.02460000239,0.14375
7.02480000239,0.159375
7.02500000239,0.159375
7.02520000239,0.175
7.02540000239,0.159375
7.02560000239,0.175
7.02580000239,0.159375
7.02600000239,0.159375
7.02620000239,0.159375
7.02640000239,0.175
7.02660000239,0.159375
7.02680000239,0.159375
7.02700000239,0.159375
7.02720000239,0.159375
7.02740000239,0.159375
7.02760000239,0.175
7.02780000239,0.175
7.02800000239,0.159375
7.02820000239,0.175
7.02840000239,0.159375
7.02860000239,0.175
7.02880000239,0.159375
7.02900000239,0.159375
7.02920000239,0.175
7.02940000239,0.175
7.02960000239,0.175
7.02980000239,0.175
7.03000000239,0.159375
7.03020000239,0.175
7.03040000239,0.159375
7.03060000239,0.175
7.03080000239,0.159375
7.03100000239,0.175
7.03120000239,0.175
7.03140000239,0.175
7.03160000239,0.159375
7.03180000239,0.175
7.03200000239,0.159375
7.03220000239,0.159375
7.03240000239,0.175
7.03260000239,0.159375
7.03280000239,0.175
7.03300000239,0.175
7.03320000239,0.175
7.03340000239,0.190625
7.03360000239,0.175
7.03380000239,0.175
7.03400000239,0.175
7.03420000239,0.159375
7.03440000239,0.175
7.03460000239,0.190625
7.03480000239,0.175
7.03500000239,0.159375
7.03520000239,0.175
7.03540000239,0.175
7.03560000239,0.175
7.03580000239,0.159375
7.03600000239,0.175
7.03620000239,0.175
7.03640000239,0.175
7.03660000239,0.190625
7.03680000239,0.159375
7.03700000239,0.175
7.03720000239,0.175
7.03740000239,0.190625
7.03760000239,0.175
7.03780000239,0.175
7.03800000239,0.175
7.03820000239,0.175
7.03840000239,0.175
7.03860000239,0.175
7.03880000239,0.175
7.03900000239,0.175
7.03920000239,0.175
7.03940000239,0.175
7.03960000239,0.175
7.03980000239,0.190625
7.04000000239,0.175
7.04020000239,0.190625
7.04040000239,0.190625
7.04060000239,0.190625
7.04080000239,0.175
7.04100000239,0.190625
7.04120000239,0.175
7.04140000239,0.190625
7.04160000239,0.175
7.04180000239,0.190625
7.04200000239,0.190625
7.04220000239,0.175
7.04240000239,0.190625
7.04260000239,0.190625
7.04280000239,0.175
7.04300000239,0.20625
7.04320000239,0.190625
7.04340000239,0.175
7.04360000239,0.175
7.04380000239,0.175
7.04400000239,0.175
7.04420000239,0.175
7.04440000239,0.190625
7.04460000239,0.190625
7.04480000239,0.20625
7.04500000239,0.190625
7.04520000239,0.190625
7.04540000239,0.190625
7.04560000239,0.190625
7.04580000239,0.190625
7.04600000239,0.20625
7.04620000239,0.190625
7.04640000239,0.190625
7.04660000239,0.175
7.04680000239,0.20625
7.04700000239,0.190625
7.04720000239,0.175
7.04740000239,0.190625
7.04760000239,0.175
7.04780000239,0.175
7.04800000239,0.190625
7.04820000239,0.175
7.04840000239,0.175
7.04860000239,0.20625
7.04880000239,0.190625
7.04900000239,0.190625
7.04920000239,0.190625
7.04940000239,0.190625
7.04960000239,0.190625
7.04980000239,0.175
7.05000000239,0.190625
7.05020000239,0.20625
7.05040000239,0.175
7.05060000239,0.20625
7.05080000239,0.190625
7.05100000239,0.190625
7.05120000239,0.20625
7.05140000239,0.20625
7.05160000239,0.20625
7.05180000239,0.190625
7.05200000239,0.190625
7.05220000239,0.20625
7.05240000239,0.20625
7.05260000239,0.190625
7.05280000239,0.190625
7.05300000239,0.190625
7.05320000239,0.190625
7.05340000239,0.190625
7.05360000239,0.20625
7.05380000239,0.190625
7.05400000239,0.221875
7.05420000239,0.20625
7.05440000239,0.20625
7.05460000239,0.20625
7.05480000239,0.20625
7.05500000239,0.190625
7.05520000239,0.221875
7.05540000239,0.190625
7.05560000239,0.20625
7.05580000239,0.20625
7.05600000239,0.20625
7.05620000239,0.20625
7.05640000239,0.20625
7.05660000239,0.190625
7.05680000239,0.190625
7.05700000239,0.20625
7.05720000239,0.20625
7.05740000239,0.20625
7.05760000239,0.190625
7.05780000239,0.20625
7.05800000239,0.190625
7.05820000239,0.20625
7.05840000239,0.20625
7.05860000239,0.20625
7.05880000239,0.221875
7.05900000239,0.20625
7.05920000239,0.221875
7.05940000239,0.20625
7.05960000239,0.20625
7.05980000239,0.20625
7.06000000239,0.221875
7.06020000239,0.20625
7.06040000239,0.20625
7.06060000239,0.190625
7.06080000239,0.221875
7.06100000239,0.190625
7.06120000239,0.20625
7.06140000239,0.20625
7.06160000239,0.221875
7.06180000239,0.20625
7.06200000239,0.221875
7.06220000239,0.20625
7.06240000239,0.190625
7.06260000239,0.221875
7.06280000239,0.20625
7.06300000239,0.221875
7.06320000239,0.221875
7.06340000239,0.221875
7.06360000239,0.20625
7.06380000239,0.221875
7.06400000239,0.20625
7.06420000239,0.190625
7.06440000239,0.221875
7.06460000239,0.20625
7.06480000239,0.20625
7.06500000239,0.221875
7.06520000239,0.20625
7.06540000239,0.221875
7.06560000239,0.20625
7.06580000239,0.221875
7.06600000239,0.221875
7.06620000239,0.20625
7.06640000239,0.20625
7.06660000239,0.20625
7.06680000239,0.221875
7.06700000239,0.221875
7.06720000239,0.221875
7.06740000239,0.221875
7.06760000239,0.221875
7.06780000239,0.20625
7.06800000239,0.20625
7.06820000239,0.20625
7.06840000239,0.2375
7.06860000239,0.221875
7.06880000239,0.221875
7.06900000239,0.20625
7.06920000239,0.221875
7.06940000239,0.221875
7.06960000239,0.221875
7.06980000239,0.2375
7.07000000239,0.221875
7.07020000239,0.2375
7.07040000239,0.221875
7.07060000239,0.221875
7.07080000239,0.221875
7.07100000239,0.221875
7.07120000239,0.221875
7.07140000239,0.221875
7.07160000239,0.221875
7.07180000239,0.2375
7.07200000239,0.221875
7.07220000239,0.2375
7.07240000239,0.221875
7.07260000239,0.221875
7.07280000239,0.221875
7.07300000239,0.221875
7.07320000239,0.2375
7.07340000239,0.20625
7.07360000239,0.2375
7.07380000239,0.2375
7.07400000239,0.221875
7.07420000239,0.2375
7.07440000239,0.221875
7.07460000239,0.221875
7.07480000239,0.221875
7.07500000239,0.2375
7.07520000239,0.2375
7.07540000239,0.221875
7.07560000239,0.253125
7.07580000239,0.2375
7.07600000239,0.221875
7.07620000239,0.221875
7.07640000239,0.221875
7.07660000239,0.221875
7.07680000239,0.2375
7.07700000239,0.221875
7.07720000239,0.2375
7.07740000239,0.221875
7.07760000239,0.221875
7.07780000239,0.221875
7.07800000239,0.221875
7.07820000239,0.221875
7.07840000239,0.221875
7.07860000239,0.221875
7.07880000239,0.2375
7.07900000239,0.2375
7.07920000239,0.221875
7.07940000239,0.2375
7.07960000239,0.253125
7.07980000239,0.2375
7.08000000239,0.2375
7.08020000239,0.2375
7.08040000239,0.2375
7.08060000239,0.2375
7.08080000239,0.221875
7.08100000239,0.2375
7.08120000239,0.253125
7.08140000239,0.2375
7.08160000239,0.2375
7.08180000239,0.2375
7.08200000239,0.221875
7.08220000239,0.2375
7.08240000239,0.221875
7.08260000239,0.2375
7.08280000239,0.253125
7.08300000239,0.2375
7.08320000239,0.2375
7.08340000239,0.2375
7.08360000239,0.2375
7.08380000239,0.2375
7.08400000239,0.253125
7.08420000239,0.2375
7.08440000239,0.221875
7.08460000239,0.2375
7.08480000239,0.2375
7.08500000239,0.253125
7.08520000239,0.2375
7.08540000239,0.221875
7.08560000239,0.2375
7.08580000239,0.253125
7.08600000239,0.2375
7.08620000239,0.253125
7.08640000239,0.2375
7.08660000239,0.2375
7.08680000239,0.2375
7.08700000239,0.2375
7.08720000239,0.2375
7.08740000239,0.2375
7.08760000239,0.253125
7.08780000239,0.2375
7.08800000239,0.2375
7.08820000239,0.2375
7.08840000239,0.253125
7.08860000239,0.253125
7.08880000239,0.2375
7.08900000239,0.253125
7.08920000239,0.2375
7.08940000239,0.253125
7.08960000239,0.253125
7.08980000239,0.26875
7.09000000239,0.2375
7.09020000239,0.253125
7.09040000239,0.253125
7.09060000239,0.253125
7.09080000239,0.253125
7.09100000239,0.253125
7.09120000239,0.253125
7.09140000239,0.253125
7.09160000239,0.26875
7.09180000239,0.2375
7.09200000239,0.253125
7.09220000239,0.26875
7.09240000239,0.2375
7.09260000239,0.2375
7.09280000239,0.253125
7.09300000239,0.253125
7.09320000239,0.253125
7.09340000239,0.253125
7.09360000239,0.2375
7.09380000239,0.253125
7.09400000239,0.253125
7.09420000239,0.253125
7.09440000239,0.253125
7.09460000239,0.253125
7.09480000239,0.253125
7.09500000239,0.253125
7.09520000239,0.253125
7.09540000239,0.253125
7.09560000239,0.253125
7.09580000239,0.26875
7.09600000239,0.26875
7.09620000239,0.2375
7.09640000239,0.253125
7.09660000239,0.253125
7.09680000239,0.253125
7.09700000239,0.253125
7.09720000239,0.253125
7.09740000239,0.253125
7.09760000239,0.26875
7.09780000239,0.2375
7.09800000239,0.2375
7.09820000239,0.253125
7.09840000239,0.253125
7.09860000239,0.2375
7.09880000239,0.253125
7.09900000239,0.2375
7.09920000239,0.253125
7.09940000239,0.26875
7.09960000239,0.253125
7.09980000239,0.253125
7.10000000239,0.253125
7.10020000239,0.253125
7.10040000239,0.253125
7.10060000239,0.253125
7.10080000239,0.253125
7.10100000239,0.26875
7.10120000239,0.2375
7.10140000239,0.26875
7.10160000239,0.253125
7.10180000239,0.26875
7.10200000239,0.26875
7.10220000239,0.2375
7.10240000239,0.26875
7.10260000239,0.253125
7.10280000239,0.26875
7.10300000239,0.253125
7.10320000239,0.26875
7.10340000239,0.253125
7.10360000239,0.26875
7.10380000239,0.253125
7.10400000239,0.26875
7.10420000239,0.26875
7.10440000239,0.26875
7.10460000239,0.253125
7.10480000239,0.26875
7.10500000239,0.26875
7.10520000239,0.253125
7.10540000239,0.26875
7.10560000239,0.253125
7.10580000239,0.26875
7.10600000239,0.253125
7.10620000239,0.26875
7.10640000239,0.253125
7.10660000239,0.253125
7.10680000239,0.26875
7.10700000239,0.26875
7.10720000239,0.253125
7.10740000239,0.284375
7.10760000239,0.284375
7.10780000239,0.253125
7.10800000239,0.26875
7.10820000239,0.26875
7.10840000239,0.253125
7.10860000239,0.26875
7.10880000239,0.26875
7.10900000239,0.253125
7.10920000239,0.26875
7.10940000239,0.284375
7.10960000239,0.26875
7.10980000239,0.253125
7.11000000239,0.26875
7.11020000239,0.253125
7.11040000239,0.253125
7.11060000239,0.26875
7.11080000239,0.26875
7.11100000239,0.284375
7.11120000239,0.26875
7.11140000239,0.284375
7.11160000239,0.26875
7.11180000239,0.26875
7.11200000239,0.26875
7.11220000239,0.26875
7.11240000239,0.26875
7.11260000239,0.26875
7.11280000239,0.26875
7.11300000239,0.253125
7.11320000239,0.253125
7.11340000239,0.26875
7.11360000239,0.26875
7.11380000239,0.26875
7.11400000239,0.26875
7.11420000239,0.26875
7.11440000239,0.284375
7.11460000239,0.26875
7.11480000239,0.284375
7.11500000239,0.26875
7.11520000239,0.26875
7.11540000239,0.26875
7.11560000239,0.26875
7.11580000239,0.26875
7.11600000239,0.253125
7.11620000239,0.253125
7.11640000239,0.284375
7.11660000239,0.26875
7.11680000239,0.26875
7.11700000239,0.26875
7.11720000239,0.26875
7.11740000239,0.26875
7.11760000239,0.284375
7.11780000239,0.284375
7.11800000239,0.284375
7.11820000239,0.26875
7.11840000239,0.26875
7.11860000239,0.26875
7.11880000239,0.26875
7.11900000239,0.26875
7.11920000239,0.284375
7.11940000239,0.26875
7.11960000239,0.26875
7.11980000239,0.253125
7.12000000239,0.26875
7.12020000239,0.26875
7.12040000239,0.284375
7.12060000239,0.26875
7.12080000239,0.284375
7.12100000239,0.26875
7.12120000239,0.284375
7.12140000239,0.26875
7.12160000239,0.26875
7.12180000239,0.26875
7.12200000239,0.26875
7.12220000239,0.26875
7.12240000239,0.284375
7.12260000239,0.26875
7.12280000239,0.284375
7.12300000239,0.284375
7.12320000239,0.253125
7.12340000239,0.284375
7.12360000239,0.26875
7.12380000239,0.3
7.12400000239,0.26875
7.12420000239,0.284375
7.12440000239,0.284375
7.12460000239,0.284375
7.12480000239,0.3
7.12500000239,0.284375
7.12520000239,0.284375
7.12540000239,0.284375
7.12560000239,0.3
7.12580000239,0.26875
7.12600000239,0.26875
7.12620000239,0.284375
7.12640000239,0.284375
7.12660000239,0.284375
7.12680000239,0.284375
7.12700000239,0.284375
7.12720000239,0.253125
7.12740000239,0.284375
7.12760000239,0.26875
7.12780000239,0.284375
7.12800000239,0.26875
7.12820000239,0.3
7.12840000239,0.26875
7.12860000239,0.284375
7.12880000239,0.26875
7.12900000239,0.3
7.12920000239,0.284375
7.12940000239,0.284375
7.12960000239,0.26875
7.12980000239,0.26875
7.13000000239,0.284375
7.13020000239,0.284375
7.13040000239,0.26875
7.13060000239,0.284375
7.13080000239,0.3
7.13100000239,0.284375
7.13120000239,0.284375
7.13140000239,0.26875
7.13160000239,0.284375
7.13180000239,0.284375
7.13200000239,0.284375
7.13220000239,0.3
7.13240000239,0.284375
7.13260000239,0.284375
7.13280000239,0.284375
7.13300000239,0.284375
7.13320000239,0.284375
7.13340000239,0.284375
7.13360000239,0.284375
7.13380000239,0.26875
7.13400000239,0.284375
7.13420000239,0.284375
7.13440000239,0.3
7.13460000239,0.284375
7.13480000239,0.284375
7.13500000239,0.284375
7.13520000239,0.284375
7.13540000239,0.284375
7.13560000239,0.3
7.13580000239,0.3
7.13600000239,0.26875
7.13620000239,0.284375
7.13640000239,0.284375
7.13660000239,0.284375
7.13680000239,0.284375
7.13700000239,0.284375
7.13720000239,0.284375
7.13740000239,0.3
7.13760000239,0.3
7.13780000239,0.3
7.13800000239,0.3
7.13820000239,0.284375
7.13840000239,0.284375
7.13860000239,0.284375
7.13880000239,0.3
7.13900000239,0.284375
7.13920000239,0.3
7.13940000239,0.3
7.13960000239,0.3
7.13980000239,0.3
7.14000000239,0.3
7.14020000239,0.3
7.14040000239,0.284375
7.14060000239,0.284375
7.14080000239,0.3
7.14100000239,0.284375
7.14120000239,0.284375
7.14140000239,0.284375
7.14160000239,0.3
7.14180000239,0.284375
7.14200000239,0.3
7.14220000239,0.3
7.14240000239,0.315625
7.14260000239,0.315625
7.14280000239,0.315625
7.14300000239,0.315625
7.14320000239,0.3
7.14340000239,0.3
7.14360000239,0.3
7.14380000239,0.284375
7.14400000239,0.315625
7.14420000239,0.284375
7.14440000239,0.3
7.14460000239,0.315625
7.14480000239,0.284375
7.14500000239,0.3
7.14520000239,0.3
7.14540000239,0.315625
7.14560000239,0.3
7.14580000239,0.3
7.14600000239,0.284375
7.14620000239,0.315625
7.14640000239,0.3
7.14660000239,0.3
7.14680000239,0.284375
7.14700000239,0.315625
7.14720000239,0.3
7.14740000239,0.315625
7.14760000239,0.315625
7.14780000239,0.3
7.14800000239,0.3
7.14820000239,0.3
7.14840000239,0.3
7.14860000239,0.284375
7.14880000239,0.315625
7.14900000239,0.3
7.14920000239,0.3
7.14940000239,0.315625
7.14960000239,0.315625
7.14980000239,0.315625
7.15000000239,0.3
7.15020000239,0.284375
7.15040000239,0.3
7.15060000239,0.3
7.15080000239,0.3
7.15100000239,0.3
7.15120000239,0.315625
7.15140000239,0.3
7.15160000239,0.315625
7.15180000239,0.3
7.15200000239,0.284375
7.15220000239,0.3
7.15240000239,0.3
7.15260000239,0.315625
7.15280000239,0.315625
7.15300000239,0.3
7.15320000239,0.3
7.15340000239,0.3
7.15360000239,0.3
7.15380000239,0.315625
7.15400000239,0.315625
7.15420000239,0.315625
7.15440000239,0.315625
7.15460000239,0.315625
7.15480000239,0.3
7.15500000239,0.315625
7.15520000239,0.315625
7.15540000239,0.3
7.15560000239,0.315625
7.15580000239,0.3
7.15600000239,0.315625
7.15620000239,0.3
7.15640000239,0.315625
7.15660000239,0.3
7.15680000239,0.315625
7.15700000239,0.315625
7.15720000239,0.3
7.15740000239,0.3
7.15760000239,0.315625
7.15780000239,0.315625
7.15800000239,0.315625
7.15820000239,0.3
7.15840000239,0.3
7.15860000239,0.315625
7.15880000239,0.315625
7.15900000239,0.315625
7.15920000239,0.315625
7.15940000239,0.315625
7.15960000239,0.33125
7.15980000239,0.315625
7.16000000239,0.33125
7.16020000239,0.315625
7.16040000239,0.3
7.16060000239,0.315625
7.16080000239,0.33125
7.16100000239,0.315625
7.16120000239,0.3
7.16140000239,0.315625
7.16160000239,0.315625
7.16180000239,0.33125
7.16200000239,0.315625
7.16220000239,0.315625
7.16240000239,0.315625
7.16260000239,0.315625
7.16280000239,0.315625
7.16300000239,0.315625
7.16320000239,0.315625
7.16340000239,0.315625
7.16360000239,0.315625
7.16380000239,0.315625
7.16400000239,0.315625
7.16420000239,0.315625
7.16440000239,0.33125
7.16460000239,0.315625
7.16480000239,0.3
7.16500000239,0.315625
7.16520000239,0.315625
7.16540000239,0.33125
7.16560000239,0.315625
7.16580000239,0.33125
7.16600000239,0.315625
7.16620000239,0.315625
7.16640000239,0.33125
7.16660000239,0.33125
7.16680000239,0.33125
7.16700000239,0.315625
7.16720000239,0.315625
7.16740000239,0.315625
7.16760000239,0.315625
7.16780000239,0.33125
7.16800000239,0.33125
7.16820000239,0.315625
7.16840000239,0.315625
7.16860000239,0.315625
7.16880000239,0.33125
7.16900000239,0.315625
7.16920000239,0.315625
7.16940000239,0.315625
7.16960000239,0.315625
7.16980000239,0.315625
7.17000000239,0.315625
7.17020000239,0.315625
7.17040000239,0.33125
7.17060000239,0.315625
7.17080000239,0.315625
7.17100000239,0.33125
7.17120000239,0.33125
7.17140000239,0.33125
7.17160000239,0.33125
7.17180000239,0.33125
7.17200000239,0.346875
7.17220000239,0.346875
7.17240000239,0.315625
7.17260000239,0.33125
7.17280000239,0.346875
7.17300000239,0.33125
7.17320000239,0.33125
7.17340000239,0.346875
7.17360000239,0.33125
7.17380000239,0.346875
7.17400000239,0.33125
7.17420000239,0.33125
7.17440000239,0.33125
7.17460000239,0.346875
7.17480000239,0.33125
7.17500000239,0.33125
7.17520000239,0.33125
7.17540000239,0.346875
7.17560000239,0.33125
7.17580000239,0.33125
7.17600000239,0.33125
7.17620000239,0.346875
7.17640000239,0.33125
7.17660000239,0.33125
7.17680000239,0.346875
7.17700000239,0.346875
7.17720000239,0.33125
7.17740000239,0.33125
7.17760000239,0.346875
7.17780000239,0.33125
7.17800000239,0.346875
7.17820000239,0.346875
7.17840000239,0.346875
7.17860000239,0.346875
7.17880000239,0.33125
7.17900000239,0.346875
7.17920000239,0.346875
7.17940000239,0.346875
7.17960000239,0.346875
7.17980000239,0.33125
7.18000000239,0.346875
7.18020000239,0.346875
7.18040000239,0.346875
7.18060000239,0.346875
7.18080000239,0.3625
7.18100000239,0.346875
7.18120000239,0.346875
7.18140000239,0.346875
7.18160000239,0.346875
7.18180000239,0.346875
7.18200000239,0.346875
7.18220000239,0.346875
7.18240000239,0.3625
7.18260000239,0.346875
7.18280000239,0.346875
7.18300000239,0.346875
7.18320000239,0.3625
7.18340000239,0.346875
7.18360000239,0.346875
7.18380000239,0.346875
7.18400000239,0.3625
7.18420000239,0.3625
7.18440000239,0.3625
7.18460000239,0.346875
7.18480000239,0.3625
7.18500000239,0.3625
7.18520000239,0.3625
7.18540000239,0.3625
7.18560000239,0.378125
7.18580000239,0.3625
7.18600000239,0.346875
7.18620000239,0.346875
7.18640000239,0.33125
7.18660000239,0.3625
7.18680000239,0.346875
7.18700000239,0.346875
7.18720000239,0.3625
7.18740000239,0.3625
7.18760000239,0.3625
7.18780000239,0.346875
7.18800000239,0.378125
7.18820000239,0.346875
7.18840000239,0.3625
7.18860000239,0.378125
7.18880000239,0.3625
7.18900000239,0.3625
7.18920000239,0.3625
7.18940000239,0.3625
7.18960000239,0.3625
7.18980000239,0.3625
7.19000000239,0.3625
7.19020000239,0.3625
7.19040000239,0.378125
7.19060000239,0.346875
7.19080000239,0.378125
7.19100000239,0.3625
7.19120000239,0.3625
7.19140000239,0.378125
7.19160000239,0.378125
7.19180000239,0.3625
7.19200000239,0.3625
7.19220000239,0.3625
7.19240000239,0.3625
7.19260000239,0.3625
7.19280000239,0.3625
7.19300000239,0.378125
7.19320000239,0.3625
7.19340000239,0.346875
7.19360000239,0.378125
7.19380000239,0.378125
7.19400000239,0.3625
7.19420000239,0.3625
7.19440000239,0.3625
7.19460000239,0.3625
7.19480000239,0.3625
7.19500000239,0.378125
7.19520000239,0.378125
7.19540000239,0.378125
7.19560000239,0.378125
7.19580000239,0.3625
7.19600000239,0.378125
7.19620000239,0.378125
7.19640000239,0.378125
7.19660000239,0.3625
7.19680000239,0.378125
7.19700000239,0.378125
7.19720000239,0.378125
7.19740000239,0.378125
7.19760000239,0.378125
7.19780000239,0.39375
7.19800000239,0.378125
7.19820000239,0.378125
7.19840000239,0.378125
7.19860000239,0.378125
7.19880000239,0.39375
7.19900000239,0.378125
7.19920000239,0.378125
7.19940000239,0.39375
7.19960000239,0.378125
7.19980000239,0.378125
7.20000000239,0.39375
7.20020000239,0.409375
7.20040000239,0.378125
7.20060000239,0.39375
7.20080000239,0.409375
7.20100000239,0.39375
7.20120000239,0.39375
7.20140000239,0.39375
7.20160000239,0.39375
7.20180000239,0.39375
7.20200000239,0.39375
7.20220000239,0.39375
7.20240000239,0.378125
7.20260000239,0.409375
7.20280000239,0.39375
7.20300000239,0.39375
7.20320000239,0.409375
7.20340000239,0.409375
7.20360000239,0.39375
7.20380000239,0.409375
7.20400000239,0.409375
7.20420000239,0.39375
7.20440000239,0.409375
7.20460000239,0.409375
7.20480000239,0.39375
7.20500000239,0.409375
7.20520000239,0.39375
7.20540000239,0.425
7.20560000239,0.409375
7.20580000239,0.425
7.20600000239,0.425
7.20620000239,0.409375
7.20640000239,0.409375
7.20660000239,0.409375
7.20680000239,0.409375
7.20700000239,0.409375
7.20720000239,0.425
7.20740000239,0.409375
7.20760000239,0.425
7.20780000239,0.425
7.20800000239,0.425
7.20820000239,0.425
7.20840000239,0.425
7.20860000239,0.425
7.20880000239,0.440625
7.20900000239,0.409375
7.20920000239,0.409375
7.20940000239,0.425
7.20960000239,0.409375
7.20980000239,0.425
7.21000000239,0.440625
7.21020000239,0.425
7.21040000239,0.425
7.21060000239,0.425
7.21080000239,0.425
7.21100000239,0.425
7.21120000239,0.425
7.21140000239,0.425
7.21160000239,0.425
7.21180000239,0.425
7.21200000239,0.425
7.21220000239,0.425
7.21240000239,0.425
7.21260000239,0.440625
7.21280000239,0.425
7.21300000239,0.440625
7.21320000239,0.409375
7.21340000239,0.440625
7.21360000239,0.440625
7.21380000239,0.425
7.21400000239,0.425
7.21420000239,0.440625
7.21440000239,0.425
7.21460000239,0.440625
7.21480000239,0.440625
7.21500000239,0.440625
7.21520000239,0.45625
7.21540000239,0.440625
7.21560000239,0.440625
7.21580000239,0.425
7.21600000239,0.45625
7.21620000239,0.45625
7.21640000239,0.45625
7.21660000239,0.440625
7.21680000239,0.45625
7.21700000239,0.45625
7.21720000239,0.440625
7.21740000239,0.440625
7.21760000239,0.440625
7.21780000239,0.45625
7.21800000239,0.440625
7.21820000239,0.440625
7.21840000239,0.440625
7.21860000239,0.440625
7.21880000239,0.45625
7.21900000239,0.45625
7.21920000239,0.45625
7.21940000239,0.45625
7.21960000239,0.45625
7.21980000239,0.45625
7.22000000239,0.45625
7.22020000239,0.45625
7.22040000239,0.45625
7.22060000239,0.440625
7.22080000239,0.471875
7.22100000239,0.471875
7.22120000239,0.471875
7.22140000239,0.45625
7.22160000239,0.45625
7.22180000239,0.45625
7.22200000239,0.45625
7.22220000239,0.45625
7.22240000239,0.45625
7.22260000239,0.471875
7.22280000239,0.471875
7.22300000239,0.471875
7.22320000239,0.45625
7.22340000239,0.471875
7.22360000239,0.4875
7.22380000239,0.4875
7.22400000239,0.471875
7.22420000239,0.471875
7.22440000239,0.471875
7.22460000239,0.471875
7.22480000239,0.4875
7.22500000239,0.4875
7.22520000239,0.471875
7.22540000239,0.471875
7.22560000239,0.471875
7.22580000239,0.4875
7.22600000239,0.471875
7.22620000239,0.4875
7.22640000239,0.4875
7.22660000239,0.503125
7.22680000239,0.4875
7.22700000239,0.471875
7.22720000239,0.4875
7.22740000239,0.471875
7.22760000239,0.4875
7.22780000239,0.4875
7.22800000239,0.4875
7.22820000239,0.4875
7.22840000239,0.4875
7.22860000239,0.4875
7.22880000239,0.471875
7.22900000239,0.4875
7.22920000239,0.4875
7.22940000239,0.4875
7.22960000239,0.471875
7.22980000239,0.4875
7.23000000239,0.503125
7.23020000239,0.503125
7.23040000239,0.4875
7.23060000239,0.4875
7.23080000239,0.503125
7.23100000239,0.4875
7.23120000239,0.503125
7.23140000239,0.503125
7.23160000239,0.503125
7.23180000239,0.503125
7.23200000239,0.503125
7.23220000239,0.503125
7.23240000239,0.503125
7.23260000239,0.4875
7.23280000239,0.4875
7.23300000239,0.4875
7.23320000239,0.51875
7.23340000239,0.503125
7.23360000239,0.51875
7.23380000239,0.503125
7.23400000239,0.503125
7.23420000239,0.503125
7.23440000239,0.503125
7.23460000239,0.503125
7.23480000239,0.51875
7.23500000239,0.51875
7.23520000239,0.503125
7.23540000239,0.51875
7.23560000239,0.51875
7.23580000239,0.503125
7.23600000239,0.51875
7.23620000239,0.503125
7.23640000239,0.51875
7.23660000239,0.503125
7.23680000239,0.503125
7.23700000239,0.51875
7.23720000239,0.51875
7.23740000239,0.51875
7.23760000239,0.503125
7.23780000239,0.51875
7.23800000239,0.51875
7.23820000239,0.51875
7.23840000239,0.51875
7.23860000239,0.51875
7.23880000239,0.51875
7.23900000239,0.51875
7.23920000239,0.51875
7.23940000239,0.51875
7.23960000239,0.51875
7.23980000239,0.51875
7.24000000239,0.534375
7.24020000239,0.534375
7.24040000239,0.534375
7.24060000239,0.51875
7.24080000239,0.534375
7.24100000239,0.534375
7.24120000239,0.534375
7.24140000239,0.534375
7.24160000239,0.534375
7.24180000239,0.534375
7.24200000239,0.534375
7.24220000239,0.534375
7.24240000239,0.55
7.24260000239,0.534375
7.24280000239,0.534375
7.24300000239,0.55
7.24320000239,0.55
7.24340000239,0.55
7.24360000239,0.534375
7.24380000239,0.55
7.24400000239,0.55
7.24420000239,0.55
7.24440000239,0.55
7.24460000239,0.534375
7.24480000239,0.55
7.24500000239,0.55
7.24520000239,0.55
7.24540000239,0.55
7.24560000239,0.534375
7.24580000239,0.534375
7.24600000239,0.55
7.24620000239,0.55
7.24640000239,0.55
7.24660000239,0.55
7.24680000239,0.55
7.24700000239,0.534375
7.24720000239,0.55
7.24740000239,0.565625
7.24760000239,0.55
7.24780000239,0.55
7.24800000239,0.565625
7.24820000239,0.534375
7.24840000239,0.55
7.24860000239,0.534375
7.24880000239,0.55
7.24900000239,0.55
7.24920000239,0.565625
7.24940000239,0.565625
7.24960000239,0.55
7.24980000239,0.565625
7.25000000239,0.565625
7.25020000239,0.55
7.25040000239,0.58125
7.25060000239,0.565625
7.25080000239,0.58125
7.25100000239,0.565625
7.25120000239,0.58125
7.25140000239,0.565625
7.25160000239,0.565625
7.25180000239,0.565625
7.25200000239,0.58125
7.25220000239,0.565625
7.25240000239,0.565625
7.25260000239,0.565625
7.25280000239,0.565625
7.25300000239,0.58125
7.25320000239,0.565625
7.25340000239,0.58125
7.25360000239,0.58125
7.25380000239,0.58125
7.25400000239,0.565625
7.25420000239,0.565625
7.25440000239,0.565625
7.25460000239,0.565625
7.25480000239,0.58125
7.25500000239,0.596875
7.25520000239,0.58125
7.25540000239,0.596875
7.25560000239,0.58125
7.25580000239,0.58125
7.25600000239,0.58125
7.25620000239,0.58125
7.25640000239,0.58125
7.25660000239,0.565625
7.25680000239,0.58125
7.25700000239,0.565625
7.25720000239,0.596875
7.25740000239,0.596875
7.25760000239,0.58125
7.25780000239,0.596875
7.25800000239,0.596875
7.25820000239,0.58125
7.25840000239,0.596875
7.25860000239,0.58125
7.25880000239,0.58125
7.25900000239,0.596875
7.25920000239,0.6125
7.25940000239,0.596875
7.25960000239,0.6125
7.25980000239,0.596875
7.26000000239,0.596875
7.26020000239,0.596875
7.26040000239,0.596875
7.26060000239,0.596875
7.26080000239,0.596875
7.26100000239,0.596875
7.26120000239,0.6125
7.26140000239,0.6125
7.26160000239,0.596875
7.26180000239,0.6125
7.26200000239,0.6125
7.26220000239,0.6125
7.26240000239,0.6125
7.26260000239,0.6125
7.26280000239,0.6125
7.26300000239,0.6125
7.26320000239,0.6125
7.26340000239,0.6125
7.26360000239,0.6125
7.26380000239,0.6125
7.26400000239,0.628125
7.26420000239,0.6125
7.26440000239,0.6125
7.26460000239,0.6125
7.26480000239,0.6125
7.26500000239,0.628125
7.26520000239,0.6125
7.26540000239,0.6125
7.26560000239,0.628125
7.26580000239,0.628125
7.26600000239,0.628125
7.26620000239,0.6125
7.26640000239,0.628125
7.26660000239,0.628125
7.26680000239,0.628125
7.26700000239,0.628125
7.26720000239,0.628125
7.26740000239,0.628125
7.26760000239,0.628125
7.26780000239,0.628125
7.26800000239,0.628125
7.26820000239,0.628125
7.26840000239,0.6125
7.26860000239,0.64375
7.26880000239,0.64375
7.26900000239,0.64375
7.26920000239,0.628125
7.26940000239,0.64375
7.26960000239,0.628125
7.26980000239,0.628125
7.27000000239,0.64375
7.27020000239,0.64375
7.27040000239,0.64375
7.27060000239,0.64375
7.27080000239,0.64375
7.27100000239,0.659375
7.27120000239,0.64375
7.27140000239,0.628125
7.27160000239,0.64375
7.27180000239,0.64375
7.27200000239,0.659375
7.27220000239,0.64375
7.27240000239,0.659375
7.27260000239,0.64375
7.27280000239,0.64375
7.27300000239,0.64375
7.27320000239,0.659375
7.27340000239,0.64375
7.27360000239,0.659375
7.27380000239,0.64375
7.27400000239,0.659375
7.27420000239,0.659375
7.27440000239,0.64375
7.27460000239,0.659375
7.27480000239,0.64375
7.27500000239,0.64375
7.27520000239,0.659375
7.27540000239,0.659375
7.27560000239,0.64375
7.27580000239,0.659375
7.27600000239,0.659375
7.27620000239,0.675
7.27640000239,0.659375
7.27660000239,0.64375
7.27680000239,0.659375
7.27700000239,0.675
7.27720000239,0.675
7.27740000239,0.675
7.27760000239,0.659375
7.27780000239,0.659375
7.27800000239,0.675
7.27820000239,0.675
7.27840000239,0.659375
7.27860000239,0.690625
7.27880000239,0.659375
7.27900000239,0.675
7.27920000239,0.690625
7.27940000239,0.675
7.27960000239,0.675
7.27980000239,0.690625
7.28000000239,0.690625
7.28020000239,0.675
7.28040000239,0.690625
7.28060000239,0.690625
7.28080000239,0.675
7.28100000239,0.675
7.28120000239,0.690625
7.28140000239,0.690625
7.28160000239,0.675
7.28180000239,0.690625
7.28200000239,0.675
7.28220000239,0.690625
7.28240000239,0.690625
7.28260000239,0.70625
7.28280000239,0.690625
7.28300000239,0.690625
7.28320000239,0.70625
7.28340000239,0.675
7.28360000239,0.675
7.28380000239,0.70625
7.28400000239,0.690625
7.28420000239,0.721875
7.28440000239,0.690625
7.28460000239,0.70625
7.28480000239,0.70625
7.28500000239,0.70625
7.28520000239,0.70625
7.28540000239,0.70625
7.28560000239,0.690625
7.28580000239,0.70625
7.28600000239,0.690625
7.28620000239,0.70625
7.28640000239,0.70625
7.28660000239,0.70625
7.28680000239,0.70625
7.28700000239,0.70625
7.28720000239,0.690625
7.28740000239,0.721875
7.28760000239,0.70625
7.28780000239,0.70625
7.28800000239,0.721875
7.28820000239,0.70625
7.28840000239,0.721875
7.28860000239,0.70625
7.28880000239,0.721875
7.28900000239,0.721875
7.28920000239,0.721875
7.28940000239,0.70625
7.28960000239,0.721875
7.28980000239,0.721875
7.29000000239,0.7375
7.29020000239,0.70625
7.29040000239,0.721875
7.29060000239,0.721875
7.29080000239,0.721875
7.29100000239,0.7375
7.29120000239,0.721875
7.29140000239,0.721875
7.29160000239,0.721875
7.29180000239,0.7375
7.29200000239,0.7375
7.29220000239,0.721875
7.29240000239,0.7375
7.29260000239,0.7375
7.29280000239,0.753125
7.29300000239,0.7375
7.29320000239,0.7375
7.29340000239,0.753125
7.29360000239,0.7375
7.29380000239,0.7375
7.29400000239,0.7375
7.29420000239,0.7375
7.29440000239,0.7375
7.29460000239,0.753125
7.29480000239,0.753125
7.29500000239,0.7375
7.29520000239,0.7375
7.29540000239,0.753125
7.29560000239,0.76875
7.29580000239,0.7375
7.29600000239,0.753125
7.29620000239,0.753125
7.29640000239,0.7375
7.29660000239,0.753125
7.29680000239,0.753125
7.29700000239,0.7375
7.29720000239,0.753125
7.29740000239,0.753125
7.29760000239,0.753125
7.29780000239,0.76875
7.29800000239,0.753125
7.29820000239,0.76875
7.29840000239,0.76875
7.29860000239,0.76875
7.29880000239,0.76875
7.29900000239,0.76875
7.29920000239,0.76875
7.29940000239,0.76875
7.29960000239,0.76875
7.29980000239,0.76875
7.30000000239,0.784375
7.30020000239,0.76875
7.30040000239,0.76875
7.30060000239,0.76875
7.30080000239,0.76875
7.30100000239,0.753125
7.30120000239,0.784375
7.30140000239,0.784375
7.30160000239,0.784375
7.30180000239,0.784375
7.30200000239,0.784375
7.30220000239,0.784375
7.30240000239,0.784375
7.30260000239,0.784375
7.30280000239,0.784375
7.30300000239,0.784375
7.30320000239,0.784375
7.30340000239,0.784375
7.30360000239,0.76875
7.30380000239,0.8
7.30400000239,0.784375
7.30420000239,0.784375
7.30440000239,0.784375
7.30460000239,0.784375
7.30480000239,0.8
7.30500000239,0.784375
7.30520000239,0.8
7.30540000239,0.784375
7.30560000239,0.8
7.30580000239,0.8
7.30600000239,0.784375
7.30620000239,0.8
7.30640000239,0.784375
7.30660000239,0.8
7.30680000239,0.8
7.30700000239,0.8
7.30720000239,0.8
7.30740000239,0.8
7.30760000239,0.8
7.30780000239,0.8
7.30800000239,0.8
7.30820000239,0.8
7.30840000239,0.8
7.30860000239,0.8
7.30880000239,0.815625
7.30900000239,0.8
7.30920000239,0.815625
7.30940000239,0.8
7.30960000239,0.8
7.30980000239,0.815625
7.31000000239,0.815625
7.31020000239,0.815625
7.31040000239,0.8
7.31060000239,0.83125
7.31080000239,0.815625
7.31100000239,0.8
7.31120000239,0.8
7.31140000239,0.815625
7.31160000239,0.83125
7.31180000239,0.815625
7.31200000239,0.815625
7.31220000239,0.815625
7.31240000239,0.83125
7.31260000239,0.83125
7.31280000239,0.815625
7.31300000239,0.83125
7.31320000239,0.815625
7.31340000239,0.815625
7.31360000239,0.83125
7.31380000239,0.83125
7.31400000239,0.815625
7.31420000239,0.83125
7.31440000239,0.83125
7.31460000239,0.83125
7.31480000239,0.83125
7.31500000239,0.83125
7.31520000239,0.83125
7.31540000239,0.83125
7.31560000239,0.83125
7.31580000239,0.83125
7.31600000239,0.846875
7.31620000239,0.846875
7.31640000239,0.846875
7.31660000239,0.83125
7.31680000239,0.846875
7.31700000239,0.83125
7.31720000239,0.846875
7.31740000239,0.846875
7.31760000239,0.83125
7.31780000239,0.846875
7.31800000239,0.846875
7.31820000239,0.83125
7.31840000239,0.846875
7.31860000239,0.846875
7.31880000239,0.846875
7.31900000239,0.846875
7.31920000239,0.846875
7.31940000239,0.8625
7.31960000239,0.8625
7.31980000239,0.8625
7.32000000239,0.846875
7.32020000239,0.846875
7.32040000239,0.846875
7.32060000239,0.8625
7.32080000239,0.8625
7.32100000239,0.878125
7.32120000239,0.8625
7.32140000239,0.8625
7.32160000239,0.8625
7.32180000239,0.8625
7.32200000239,0.8625
7.32220000239,0.8625
7.32240000239,0.8625
7.32260000239,0.878125
7.32280000239,0.8625
7.32300000239,0.8625
7.32320000239,0.8625
7.32340000239,0.8625
7.32360000239,0.8625
7.32380000239,0.878125
7.32400000239,0.878125
7.32420000239,0.8625
7.32440000239,0.8625
7.32460000239,0.878125
7.32480000239,0.878125
7.32500000239,0.878125
7.32520000239,0.878125
7.32540000239,0.89375
7.32560000239,0.878125
7.32580000239,0.878125
7.32600000239,0.878125
7.32620000239,0.878125
7.32640000239,0.878125
7.32660000239,0.89375
7.32680000239,0.89375
7.32700000239,0.89375
7.32720000239,0.878125
7.32740000239,0.89375
7.32760000239,0.878125
7.32780000239,0.878125
7.32800000239,0.878125
7.32820000239,0.878125
7.32840000239,0.878125
7.32860000239,0.89375
7.32880000239,0.89375
7.32900000239,0.89375
7.32920000239,0.89375
7.32940000239,0.909375
7.32960000239,0.909375
7.32980000239,0.89375
7.33000000239,0.909375
7.33020000239,0.909375
7.33040000239,0.89375
7.33060000239,0.909375
7.33080000239,0.89375
7.33100000239,0.89375
7.33120000239,0.909375
7.33140000239,0.909375
7.33160000239,0.89375
7.33180000239,0.909375
7.33200000239,0.909375
7.33220000239,0.89375
7.33240000239,0.909375
7.33260000239,0.909375
7.33280000239,0.89375
7.33300000239,0.909375
7.33320000239,0.909375
7.33340000239,0.909375
7.33360000239,0.925
7.33380000239,0.909375
7.33400000239,0.925
7.33420000239,0.909375
7.33440000239,0.925
7.33460000239,0.909375
7.33480000239,0.925
7.33500000239,0.925
7.33520000239,0.925
7.33540000239,0.925
7.33560000239,0.909375
7.33580000239,0.925
7.33600000239,0.925
7.33620000239,0.940625
7.33640000239,0.940625
7.33660000239,0.925
7.33680000239,0.925
7.33700000239,0.940625
7.33720000239,0.925
7.33740000239,0.925
7.33760000239,0.925
7.33780000239,0.940625
7.33800000239,0.940625
7.33820000239,0.940625
7.33840000239,0.925
7.33860000239,0.940625
7.33880000239,0.940625
7.33900000239,0.940625
7.33920000239,0.925
7.33940000239,0.940625
7.33960000239,0.925
7.33980000239,0.925
7.34000000239,0.940625
7.34020000239,0.940625
7.34040000239,0.940625
7.34060000239,0.940625
7.34080000239,0.95625
7.34100000239,0.940625
7.34120000239,0.95625
7.34140000239,0.940625
7.34160000239,0.971875
7.34180000239,0.95625
7.34200000239,0.95625
7.34220000239,0.95625
7.34240000239,0.95625
7.34260000239,0.925
7.34280000239,0.971875
7.34300000239,0.95625
7.34320000239,0.971875
7.34340000239,0.971875
7.34360000239,0.95625
7.34380000239,0.971875
7.34400000239,0.95625
7.34420000239,0.9875
7.34440000239,0.971875
7.34460000239,0.95625
7.34480000239,0.95625
7.34500000239,0.971875
7.34520000239,0.971875
7.34540000239,0.971875
7.34560000239,0.971875
7.34580000239,0.971875
7.34600000239,0.971875
7.34620000239,0.971875
7.34640000239,0.971875
7.34660000239,0.971875
7.34680000239,0.9875
7.34700000239,0.9875
7.34720000239,1.00312
7.34740000239,0.9875
7.34760000239,0.9875
7.34780000239,1.00312
7.34800000239,0.9875
7.34820000239,0.9875
7.34840000239,0.9875
7.34860000239,0.9875
7.34880000239,1.00312
7.34900000239,0.9875
7.34920000239,1.00312
7.34940000239,0.9875
7.34960000239,0.9875
7.34980000239,1.00312
7.35000000239,1.00312
7.35020000239,1.00312
7.35040000239,1.00312
7.35060000239,1.00312
7.35080000239,1.00312
7.35100000239,1.00312
7.35120000239,1.00312
7.35140000239,1.00312
7.35160000239,1.01875
7.35180000239,1.01875
7.35200000239,1.01875
7.35220000239,1.01875
7.35240000239,1.01875
7.35260000239,1.01875
7.35280000239,1.01875
7.35300000239,1.01875
7.35320000239,1.01875
7.35340000239,1.03437
7.35360000239,1.03437
7.35380000239,1.03437
7.35400000239,1.01875
7.35420000239,1.03437
7.35440000239,1.01875
7.35460000239,1.01875
7.35480000239,1.03437
7.35500000239,1.03437
7.35520000239,1.03437
7.35540000239,1.03437
7.35560000239,1.05
7.35580000239,1.05
7.35600000239,1.03437
7.35620000239,1.05
7.35640000239,1.05
7.35660000239,1.03437
7.35680000239,1.05
7.35700000239,1.05
7.35720000239,1.05
7.35740000239,1.05
7.35760000239,1.03437
7.35780000239,1.05
7.35800000239,1.05
7.35820000239,1.05
7.35840000239,1.05
7.35860000239,1.05
7.35880000239,1.05
7.35900000239,1.06562
7.35920000239,1.06562
7.35940000239,1.06562
7.35960000239,1.06562
7.35980000239,1.08125
7.36000000239,1.08125
7.36020000239,1.08125
7.36040000239,1.06562
7.36060000239,1.08125
7.36080000239,1.08125
7.36100000239,1.08125
7.36120000239,1.08125
7.36140000239,1.08125
7.36160000239,1.08125
7.36180000239,1.06562
7.36200000239,1.09687
7.36220000239,1.09687
7.36240000239,1.09687
7.36260000239,1.08125
7.36280000239,1.09687
7.36300000239,1.09687
7.36320000239,1.09687
7.36340000239,1.09687
7.36360000239,1.1125
7.36380000239,1.1125
7.36400000239,1.1125
7.36420000239,1.1125
7.36440000239,1.09687
7.36460000239,1.1125
7.36480000239,1.12812
7.36500000239,1.12812
7.36520000239,1.12812
7.36540000239,1.1125
7.36560000239,1.12812
7.36580000239,1.1125
7.36600000239,1.1125
7.36620000239,1.12812
7.36640000239,1.12812
7.36660000239,1.12812
7.36680000239,1.14375
7.36700000239,1.1125
7.36720000239,1.12812
7.36740000239,1.12812
7.36760000239,1.12812
7.36780000239,1.14375
7.36800000239,1.12812
7.36820000239,1.14375
7.36840000239,1.14375
7.36860000239,1.12812
7.36880000239,1.14375
7.36900000239,1.15937
7.36920000239,1.14375
7.36940000239,1.14375
7.36960000239,1.14375
7.36980000239,1.15937
7.37000000239,1.15937
7.37020000239,1.15937
7.37040000239,1.15937
7.37060000239,1.175
7.37080000239,1.20625
7.37100000239,1.175
7.37120000239,1.175
7.37140000239,1.175
7.37160000239,1.175
7.37180000239,1.175
7.37200000239,1.175
7.37220000239,1.175
7.37240000239,1.19062
7.37260000239,1.19062
7.37280000239,1.19062
7.37300000239,1.19062
7.37320000239,1.175
7.37340000239,1.19062
7.37360000239,1.175
7.37380000239,1.19062
7.37400000239,1.20625
7.37420000239,1.20625
7.37440000239,1.20625
7.37460000239,1.19062
7.37480000239,1.20625
7.37500000239,1.20625
7.37520000239,1.20625
7.37540000239,1.22187
7.37560000239,1.22187
7.37580000239,1.22187
7.37600000239,1.22187
7.37620000239,1.2375
7.37640000239,1.2375
7.37660000239,1.2375
7.37680000239,1.22187
7.37700000239,1.22187
7.37720000239,1.2375
7.37740000239,1.2375
7.37760000239,1.22187
7.37780000239,1.2375
7.37800000239,1.2375
7.37820000239,1.25312
7.37840000239,1.22187
7.37860000239,1.2375
7.37880000239,1.25312
7.37900000239,1.2375
7.37920000239,1.25312
7.37940000239,1.25312
7.37960000239,1.26875
7.37980000239,1.26875
7.38000000239,1.25312
7.38020000239,1.26875
7.38040000239,1.26875
7.38060000239,1.25312
7.38080000239,1.28437
7.38100000239,1.26875
7.38120000239,1.26875
7.38140000239,1.28437
7.38160000239,1.28437
7.38180000239,1.28437
7.38200000239,1.28437
7.38220000239,1.28437
7.38240000239,1.28437
7.38260000239,1.28437
7.38280000239,1.28437
7.38300000239,1.3
7.38320000239,1.3
7.38340000239,1.3
7.38360000239,1.31562
7.38380000239,1.31562
7.38400000239,1.3
7.38420000239,1.3
7.38440000239,1.31562
7.38460000239,1.31562
7.38480000239,1.31562
7.38500000239,1.31562
7.38520000239,1.31562
7.38540000239,1.33125
7.38560000239,1.31562
7.38580000239,1.33125
7.38600000239,1.31562
7.38620000239,1.33125
7.38640000239,1.33125
7.38660000239,1.33125
7.38680000239,1.33125
7.38700000239,1.34687
7.38720000239,1.33125
7.38740000239,1.34687
7.38760000239,1.34687
7.38780000239,1.34687
7.38800000239,1.34687
7.38820000239,1.3625
7.38840000239,1.3625
7.38860000239,1.34687
7.38880000239,1.34687
7.38900000239,1.3625
7.38920000239,1.3625
7.38940000239,1.3625
7.38960000239,1.3625
7.38980000239,1.37812
7.39000000239,1.3625
7.39020000239,1.37812
7.39040000239,1.3625
7.39060000239,1.39375
7.39080000239,1.39375
7.39100000239,1.39375
7.39120000239,1.37812
7.39140000239,1.37812
7.39160000239,1.39375
7.39180000239,1.39375
7.39200000239,1.37812
7.39220000239,1.39375
7.39240000239,1.39375
7.39260000239,1.39375
7.39280000239,1.40937
7.39300000239,1.40937
7.39320000239,1.40937
7.39340000239,1.40937
7.39360000239,1.40937
7.39380000239,1.425
7.39400000239,1.40937
7.39420000239,1.40937
7.39440000239,1.44062
7.39460000239,1.40937
7.39480000239,1.425
7.39500000239,1.44062
7.39520000239,1.44062
7.39540000239,1.44062
7.39560000239,1.44062
7.39580000239,1.44062
7.39600000239,1.44062
7.39620000239,1.425
7.39640000239,1.45625
7.39660000239,1.44062
7.39680000239,1.44062
7.39700000239,1.45625
7.39720000239,1.47187
7.39740000239,1.47187
7.39760000239,1.47187
7.39780000239,1.45625
7.39800000239,1.47187
7.39820000239,1.44062
7.39840000239,1.45625
7.39860000239,1.47187
7.39880000239,1.4875
7.39900000239,1.47187
7.39920000239,1.4875
7.39940000239,1.47187
7.39960000239,1.4875
7.39980000239,1.4875
7.40000000239,1.47187
7.40020000239,1.47187
7.40040000239,1.4875
7.40060000239,1.4875
7.40080000239,1.50312
7.40100000239,1.4875
7.40120000239,1.50312
7.40140000239,1.4875
7.40160000239,1.50312
7.40180000239,1.51875
7.40200000239,1.51875
7.40220000239,1.51875
7.40240000239,1.51875
7.40260000239,1.51875
7.40280000239,1.50312
7.40300000239,1.51875
7.40320000239,1.51875
7.40340000239,1.51875
7.40360000239,1.53437
7.40380000239,1.53437
7.40400000239,1.53437
7.40420000239,1.53437
7.40440000239,1.53437
7.40460000239,1.51875
7.40480000239,1.53437
7.40500000239,1.55
7.40520000239,1.55
7.40540000239,1.53437
7.40560000239,1.55
7.40580000239,1.55
7.40600000239,1.55
7.40620000239,1.55
7.40640000239,1.56562
7.40660000239,1.55
7.40680000239,1.55
7.40700000239,1.56562
7.40720000239,1.56562
7.40740000239,1.56562
7.40760000239,1.56562
7.40780000239,1.56562
7.40800000239,1.56562
7.40820000239,1.58125
7.40840000239,1.58125
7.40860000239,1.56562
7.40880000239,1.58125
7.40900000239,1.58125
7.40920000239,1.58125
7.40940000239,1.58125
7.40960000239,1.58125
7.40980000239,1.58125
7.41000000239,1.59687
7.41020000239,1.58125
7.41040000239,1.59687
7.41060000239,1.59687
7.41080000239,1.6125
7.41100000239,1.6125
7.41120000239,1.6125
7.41140000239,1.6125
7.41160000239,1.6125
7.41180000239,1.62812
7.41200000239,1.62812
7.41220000239,1.6125
7.41240000239,1.6125
7.41260000239,1.6125
7.41280000239,1.6125
7.41300000239,1.62812
7.41320000239,1.62812
7.41340000239,1.64375
7.41360000239,1.6125
7.41380000239,1.62812
7.41400000239,1.64375
7.41420000239,1.64375
7.41440000239,1.64375
7.41460000239,1.64375
7.41480000239,1.64375
7.41500000239,1.64375
7.41520000239,1.65937
7.41540000239,1.65937
7.41560000239,1.65937
7.41580000239,1.65937
7.41600000239,1.65937
7.41620000239,1.65937
7.41640000239,1.65937
7.41660000239,1.65937
7.41680000239,1.675
7.41700000239,1.675
7.41720000239,1.675
7.41740000239,1.675
7.41760000239,1.65937
7.41780000239,1.65937
7.41800000239,1.65937
7.41820000239,1.675
7.41840000239,1.675
7.41860000239,1.675
7.41880000239,1.675
7.41900000239,1.675
7.41920000239,1.675
7.41940000239,1.69062
7.41960000239,1.69062
7.41980000239,1.69062
7.42000000239,1.69062
7.42020000239,1.69062
7.42040000239,1.69062
7.42060000239,1.69062
7.42080000239,1.70625
7.42100000239,1.675
7.42120000239,1.69062
7.42140000239,1.69062
7.42160000239,1.70625
7.42180000239,1.70625
7.42200000239,1.675
7.42220000239,1.70625
7.42240000239,1.70625
7.42260000239,1.70625
7.42280000239,1.70625
7.42300000239,1.70625
7.42320000239,1.70625
7.42340000239,1.70625
7.42360000239,1.72187
7.42380000239,1.72187
7.42400000239,1.72187
7.42420000239,1.72187
7.42440000239,1.70625
7.42460000239,1.72187
7.42480000239,1.72187
7.42500000239,1.72187
7.42520000239,1.72187
7.42540000239,1.72187
7.42560000239,1.72187
7.42580000239,1.7375
7.42600000239,1.7375
7.42620000239,1.72187
7.42640000239,1.70625
7.42660000239,1.7375
7.42680000239,1.72187
7.42700000239,1.72187
7.42720000239,1.7375
7.42740000239,1.72187
7.42760000239,1.72187
7.42780000239,1.72187
7.42800000239,1.7375
7.42820000239,1.7375
7.42840000239,1.7375
7.42860000239,1.7375
7.42880000239,1.7375
7.42900000239,1.72187
7.42920000239,1.7375
7.42940000239,1.7375
7.42960000239,1.7375
7.42980000239,1.7375
7.43000000239,1.7375
7.43020000239,1.7375
7.43040000239,1.75312
7.43060000239,1.72187
7.43080000239,1.7375
7.43100000239,1.7375
7.43120000239,1.7375
7.43140000239,1.72187
7.43160000239,1.75312
7.43180000239,1.75312
7.43200000239,1.7375
7.43220000239,1.72187
7.43240000239,1.75312
7.43260000239,1.75312
7.43280000239,1.7375
7.43300000239,1.7375
7.43320000239,1.7375
7.43340000239,1.7375
7.43360000239,1.75312
7.43380000239,1.7375
7.43400000239,1.75312
7.43420000239,1.75312
7.43440000239,1.7375
7.43460000239,1.75312
7.43480000239,1.75312
7.43500000239,1.7375
7.43520000239,1.75312
7.43540000239,1.75312
7.43560000239,1.7375
7.43580000239,1.76875
7.43600000239,1.75312
7.43620000239,1.75312
7.43640000239,1.7375
7.43660000239,1.7375
7.43680000239,1.75312
7.43700000239,1.75312
7.43720000239,1.7375
7.43740000239,1.7375
7.43760000239,1.7375
7.43780000239,1.75312
7.43800000239,1.72187
7.43820000239,1.75312
7.43840000239,1.7375
7.43860000239,1.7375
7.43880000239,1.7375
7.43900000239,1.7375
7.43920000239,1.72187
7.43940000239,1.72187
7.43960000239,1.7375
7.43980000239,1.72187
7.44000000239,1.7375
7.44020000239,1.72187
7.44040000239,1.72187
7.44060000239,1.7375
7.44080000239,1.72187
7.44100000239,1.7375
7.44120000239,1.72187
7.44140000239,1.72187
7.44160000239,1.72187
7.44180000239,1.72187
7.44200000239,1.7375
7.44220000239,1.72187
7.44240000239,1.7375
7.44260000239,1.72187
7.44280000239,1.72187
7.44300000239,1.7375
7.44320000239,1.72187
7.44340000239,1.7375
7.44360000239,1.72187
7.44380000239,1.72187
7.44400000239,1.72187
7.44420000239,1.72187
7.44440000239,1.70625
7.44460000239,1.72187
7.44480000239,1.72187
7.44500000239,1.70625
7.44520000239,1.72187
7.44540000239,1.72187
7.44560000239,1.72187
7.44580000239,1.70625
7.44600000239,1.72187
7.44620000239,1.69062
7.44640000239,1.70625
7.44660000239,1.70625
7.44680000239,1.69062
7.44700000239,1.70625
7.44720000239,1.69062
7.44740000239,1.69062
7.44760000239,1.69062
7.44780000239,1.69062
7.44800000239,1.675
7.44820000239,1.69062
7.44840000239,1.69062
7.44860000239,1.69062
7.44880000239,1.675
7.44900000239,1.675
7.44920000239,1.675
7.44940000239,1.675
7.44960000239,1.675
7.44980000239,1.69062
7.45000000239,1.675
7.45020000239,1.65937
7.45040000239,1.675
7.45060000239,1.675
7.45080000239,1.675
7.45100000239,1.65937
7.45120000239,1.65937
7.45140000239,1.65937
7.45160000239,1.65937
7.45180000239,1.675
7.45200000239,1.65937
7.45220000239,1.64375
7.45240000239,1.65937
7.45260000239,1.64375
7.45280000239,1.65937
7.45300000239,1.65937
7.45320000239,1.64375
7.45340000239,1.64375
7.45360000239,1.65937
7.45380000239,1.65937
7.45400000239,1.64375
7.45420000239,1.64375
7.45440000239,1.64375
7.45460000239,1.62812
7.45480000239,1.64375
7.45500000239,1.62812
7.45520000239,1.62812
7.45540000239,1.6125
7.45560000239,1.64375
7.45580000239,1.62812
7.45600000239,1.6125
7.45620000239,1.62812
7.45640000239,1.6125
7.45660000239,1.6125
7.45680000239,1.6125
7.45700000239,1.6125
7.45720000239,1.6125
7.45740000239,1.6125
7.45760000239,1.6125
7.45780000239,1.6125
7.45800000239,1.6125
7.45820000239,1.59687
7.45840000239,1.59687
7.45860000239,1.59687
7.45880000239,1.59687
7.45900000239,1.58125
7.45920000239,1.58125
7.45940000239,1.58125
7.45960000239,1.58125
7.45980000239,1.56562
7.46000000239,1.56562
7.46020000239,1.58125
7.46040000239,1.53437
7.46060000239,1.55
7.46080000239,1.56562
7.46100000239,1.56562
7.46120000239,1.55
7.46140000239,1.55
7.46160000239,1.55
7.46180000239,1.55
7.46200000239,1.55
7.46220000239,1.55
7.46240000239,1.55
7.46260000239,1.53437
7.46280000239,1.55
7.46300000239,1.53437
7.46320000239,1.55
7.46340000239,1.55
7.46360000239,1.51875
7.46380000239,1.51875
7.46400000239,1.53437
7.46420000239,1.51875
7.46440000239,1.51875
7.46460000239,1.51875
7.46480000239,1.51875
7.46500000239,1.51875
7.46520000239,1.50312
7.46540000239,1.51875
7.46560000239,1.50312
7.46580000239,1.50312
7.46600000239,1.50312
7.46620000239,1.50312
7.46640000239,1.50312
7.46660000239,1.51875
7.46680000239,1.4875
7.46700000239,1.50312
7.46720000239,1.50312
7.46740000239,1.50312
7.46760000239,1.4875
7.46780000239,1.47187
7.46800000239,1.47187
7.46820000239,1.45625
7.46840000239,1.47187
7.46860000239,1.47187
7.46880000239,1.45625
7.46900000239,1.45625
7.46920000239,1.45625
7.46940000239,1.44062
7.46960000239,1.44062
7.46980000239,1.44062
7.47000000239,1.44062
7.47020000239,1.44062
7.47040000239,1.425
7.47060000239,1.44062
7.47080000239,1.425
7.47100000239,1.44062
7.47120000239,1.45625
7.47140000239,1.425
7.47160000239,1.40937
7.47180000239,1.425
7.47200000239,1.425
7.47220000239,1.40937
7.47240000239,1.425
7.47260000239,1.40937
7.47280000239,1.40937
7.47300000239,1.40937
7.47320000239,1.39375
7.47340000239,1.39375
7.47360000239,1.40937
7.47380000239,1.39375
7.47400000239,1.39375
7.47420000239,1.37812
7.47440000239,1.39375
7.47460000239,1.37812
7.47480000239,1.39375
7.47500000239,1.3625
7.47520000239,1.3625
7.47540000239,1.37812
7.47560000239,1.3625
7.47580000239,1.34687
7.47600000239,1.34687
7.47620000239,1.34687
7.47640000239,1.34687
7.47660000239,1.33125
7.47680000239,1.34687
7.47700000239,1.33125
7.47720000239,1.34687
7.47740000239,1.34687
7.47760000239,1.34687
7.47780000239,1.31562
7.47800000239,1.31562
7.47820000239,1.33125
7.47840000239,1.3
7.47860000239,1.31562
7.47880000239,1.31562
7.47900000239,1.3
7.47920000239,1.3
7.47940000239,1.3
7.47960000239,1.28437
7.47980000239,1.3
7.48000000239,1.28437
7.48020000239,1.26875
7.48040000239,1.26875
7.48060000239,1.28437
7.48080000239,1.26875
7.48100000239,1.26875
7.48120000239,1.2375
7.48140000239,1.25312
7.48160000239,1.25312
7.48180000239,1.25312
7.48200000239,1.25312
7.48220000239,1.2375
7.48240000239,1.25312
7.48260000239,1.2375
7.48280000239,1.25312
7.48300000239,1.2375
7.48320000239,1.22187
7.48340000239,1.22187
7.48360000239,1.20625
7.48380000239,1.20625
7.48400000239,1.22187
7.48420000239,1.20625
7.48440000239,1.22187
7.48460000239,1.20625
7.48480000239,1.19062
7.48500000239,1.19062
7.48520000239,1.19062
7.48540000239,1.175
7.48560000239,1.19062
7.48580000239,1.19062
7.48600000239,1.175
7.48620000239,1.175
7.48640000239,1.175
7.48660000239,1.175
7.48680000239,1.15937
7.48700000239,1.15937
7.48720000239,1.15937
7.48740000239,1.15937
7.48760000239,1.14375
7.48780000239,1.14375
7.48800000239,1.15937
7.48820000239,1.14375
7.48840000239,1.12812
7.48860000239,1.12812
7.48880000239,1.12812
7.48900000239,1.12812
7.48920000239,1.12812
7.48940000239,1.1125
7.48960000239,1.1125
7.48980000239,1.1125
7.49000000239,1.09687
7.49020000239,1.09687
7.49040000239,1.1125
7.49060000239,1.06562
7.49080000239,1.08125
7.49100000239,1.08125
7.49120000239,1.06562
7.49140000239,1.08125
7.49160000239,1.06562
7.49180000239,1.06562
7.49200000239,1.06562
7.49220000239,1.05
7.49240000239,1.06562
7.49260000239,1.05
7.49280000239,1.05
7.49300000239,1.05
7.49320000239,1.03437
7.49340000239,1.03437
7.49360000239,1.03437
7.49380000239,1.03437
7.49400000239,1.03437
7.49420000239,1.01875
7.49440000239,1.01875
7.49460000239,1.01875
7.49480000239,1.01875
7.49500000239,1.00312
7.49520000239,1.01875
7.49540000239,1.00312
7.49560000239,0.9875
7.49580000239,0.9875
7.49600000239,0.9875
7.49620000239,0.971875
7.49640000239,0.95625
7.49660000239,0.971875
7.49680000239,0.971875
7.49700000239,0.971875
7.49720000239,0.95625
7.49740000239,0.95625
7.49760000239,0.95625
7.49780000239,0.95625
7.49800000239,0.940625
7.49820000239,0.940625
7.49840000239,0.940625
7.49860000239,0.925
7.49880000239,0.925
7.49900000239,0.940625
7.49920000239,0.909375
7.49940000239,0.925
7.49960000239,0.909375
7.49980000239,0.909375
7.50000000239,0.909375
7.50020000239,0.89375
7.50040000239,0.89375
7.50060000239,0.909375
7.50080000239,0.878125
7.50100000239,0.878125
7.50120000239,0.8625
7.50140000239,0.8625
7.50160000239,0.878125
7.50180000239,0.878125
7.50200000239,0.846875
7.50220000239,0.8625
7.50240000239,0.846875
7.50260000239,0.846875
7.50280000239,0.846875
7.50300000239,0.83125
7.50320000239,0.83125
7.50340000239,0.815625
7.50360000239,0.83125
7.50380000239,0.815625
7.50400000239,0.815625
7.50420000239,0.83125
7.50440000239,0.8
7.50460000239,0.815625
7.50480000239,0.815625
7.50500000239,0.815625
7.50520000239,0.815625
7.50540000239,0.815625
7.50560000239,0.815625
7.50580000239,0.8
7.50600000239,0.815625
7.50620000239,0.784375
7.50640000239,0.784375
7.50660000239,0.8
7.50680000239,0.76875
7.50700000239,0.76875
7.50720000239,0.784375
7.50740000239,0.784375
7.50760000239,0.76875
7.50780000239,0.753125
7.50800000239,0.76875
7.50820000239,0.753125
7.50840000239,0.7375
7.50860000239,0.7375
7.50880000239,0.753125
7.50900000239,0.7375
7.50920000239,0.721875
7.50940000239,0.7375
7.50960000239,0.7375
7.50980000239,0.721875
7.51000000239,0.721875
7.51020000239,0.721875
7.51040000239,0.70625
7.51060000239,0.690625
7.51080000239,0.690625
7.51100000239,0.690625
7.51120000239,0.690625
7.51140000239,0.690625
7.51160000239,0.690625
7.51180000239,0.690625
7.51200000239,0.675
7.51220000239,0.690625
7.51240000239,0.675
7.51260000239,0.690625
7.51280000239,0.675
7.51300000239,0.690625
7.51320000239,0.675
7.51340000239,0.675
7.51360000239,0.64375
7.51380000239,0.659375
7.51400000239,0.659375
7.51420000239,0.64375
7.51440000239,0.659375
7.51460000239,0.64375
7.51480000239,0.659375
7.51500000239,0.64375
7.51520000239,0.64375
7.51540000239,0.628125
7.51560000239,0.628125
7.51580000239,0.628125
7.51600000239,0.6125
7.51620000239,0.628125
7.51640000239,0.6125
7.51660000239,0.6125
7.51680000239,0.6125
7.51700000239,0.6125
7.51720000239,0.596875
7.51740000239,0.6125
7.51760000239,0.58125
7.51780000239,0.596875
7.51800000239,0.596875
7.51820000239,0.596875
7.51840000239,0.596875
7.51860000239,0.58125
7.51880000239,0.58125
7.51900000239,0.596875
7.51920000239,0.565625
7.51940000239,0.58125
7.51960000239,0.565625
7.51980000239,0.565625
7.52000000239,0.58125
7.52020000239,0.58125
7.52040000239,0.565625
7.52060000239,0.55
7.52080000239,0.55
7.52100000239,0.55
7.52120000239,0.55
7.52140000239,0.534375
7.52160000239,0.534375
7.52180000239,0.55
7.52200000239,0.55
7.52220000239,0.534375
7.52240000239,0.534375
7.52260000239,0.534375
7.52280000239,0.534375
7.52300000239,0.51875
7.52320000239,0.534375
7.52340000239,0.51875
7.52360000239,0.51875
7.52380000239,0.51875
7.52400000239,0.51875
7.52420000239,0.534375
7.52440000239,0.51875
7.52460000239,0.503125
7.52480000239,0.503125
7.52500000239,0.503125
7.52520000239,0.51875
7.52540000239,0.51875
7.52560000239,0.503125
7.52580000239,0.503125
7.52600000239,0.4875
7.52620000239,0.503125
7.52640000239,0.503125
7.52660000239,0.4875
7.52680000239,0.4875
7.52700000239,0.4875
7.52720000239,0.4875
7.52740000239,0.471875
7.52760000239,0.4875
7.52780000239,0.4875
7.52800000239,0.4875
7.52820000239,0.471875
7.52840000239,0.471875
7.52860000239,0.45625
7.52880000239,0.471875
7.52900000239,0.471875
7.52920000239,0.471875
7.52940000239,0.45625
7.52960000239,0.440625
7.52980000239,0.45625
7.53000000239,0.440625
7.53020000239,0.45625
7.53040000239,0.45625
7.53060000239,0.440625
7.53080000239,0.45625
7.53100000239,0.440625
7.53120000239,0.45625
7.53140000239,0.425
7.53160000239,0.440625
7.53180000239,0.440625
7.53200000239,0.440625
7.53220000239,0.425
7.53240000239,0.440625
7.53260000239,0.440625
7.53280000239,0.440625
7.53300000239,0.425
7.53320000239,0.45625
7.53340000239,0.409375
7.53360000239,0.425
7.53380000239,0.425
7.53400000239,0.425
7.53420000239,0.409375
7.53440000239,0.409375
7.53460000239,0.39375
7.53480000239,0.425
7.53500000239,0.409375
7.53520000239,0.409375
7.53540000239,0.409375
7.53560000239,0.409375
7.53580000239,0.39375
7.53600000239,0.409375
7.53620000239,0.39375
7.53640000239,0.39375
7.53660000239,0.39375
7.53680000239,0.409375
7.53700000239,0.378125
7.53720000239,0.378125
7.53740000239,0.378125
7.53760000239,0.3625
7.53780000239,0.378125
7.53800000239,0.3625
7.53820000239,0.378125
7.53840000239,0.3625
7.53860000239,0.39375
7.53880000239,0.378125
7.53900000239,0.378125
7.53920000239,0.3625
7.53940000239,0.378125
7.53960000239,0.3625
7.53980000239,0.3625
7.54000000239,0.3625
7.54020000239,0.346875
7.54040000239,0.346875
7.54060000239,0.378125
7.54080000239,0.346875
7.54100000239,0.346875
7.54120000239,0.346875
7.54140000239,0.33125
7.54160000239,0.3625
7.54180000239,0.33125
7.54200000239,0.346875
7.54220000239,0.346875
7.54240000239,0.346875
7.54260000239,0.346875
7.54280000239,0.346875
7.54300000239,0.33125
7.54320000239,0.33125
7.54340000239,0.33125
7.54360000239,0.315625
7.54380000239,0.315625
7.54400000239,0.33125
7.54420000239,0.33125
7.54440000239,0.315625
7.54460000239,0.315625
7.54480000239,0.315625
7.54500000239,0.33125
7.54520000239,0.315625
7.54540000239,0.315625
7.54560000239,0.315625
7.54580000239,0.33125
7.54600000239,0.315625
7.54620000239,0.315625
7.54640000239,0.315625
7.54660000239,0.315625
7.54680000239,0.315625
7.54700000239,0.3
7.54720000239,0.3
7.54740000239,0.315625
7.54760000239,0.3
7.54780000239,0.3
7.54800000239,0.315625
7.54820000239,0.315625
7.54840000239,0.3
7.54860000239,0.284375
7.54880000239,0.3
7.54900000239,0.3
7.54920000239,0.3
7.54940000239,0.3
7.54960000239,0.284375
7.54980000239,0.284375
7.55000000239,0.3
7.55020000239,0.284375
7.55040000239,0.284375
7.55060000239,0.3
7.55080000239,0.284375
7.55100000239,0.26875
7.55120000239,0.26875
7.55140000239,0.284375
7.55160000239,0.284375
7.55180000239,0.26875
7.55200000239,0.26875
7.55220000239,0.284375
7.55240000239,0.26875
7.55260000239,0.26875
7.55280000239,0.26875
7.55300000239,0.26875
7.55320000239,0.26875
7.55340000239,0.253125
7.55360000239,0.26875
7.55380000239,0.26875
7.55400000239,0.253125
7.55420000239,0.26875
7.55440000239,0.253125
7.55460000239,0.253125
7.55480000239,0.253125
7.55500000239,0.26875
7.55520000239,0.253125
7.55540000239,0.253125
7.55560000239,0.253125
7.55580000239,0.2375
7.55600000239,0.2375
7.55620000239,0.253125
7.55640000239,0.253125
7.55660000239,0.253125
7.55680000239,0.253125
7.55700000239,0.2375
7.55720000239,0.2375
7.55740000239,0.2375
7.55760000239,0.2375
7.55780000239,0.2375
7.55800000239,0.2375
7.55820000239,0.221875
7.55840000239,0.2375
7.55860000239,0.221875
7.55880000239,0.2375
7.55900000239,0.2375
7.55920000239,0.20625
7.55940000239,0.221875
7.55960000239,0.221875
7.55980000239,0.221875
7.56000000239,0.2375
7.56020000239,0.221875
7.56040000239,0.221875
7.56060000239,0.2375
7.56080000239,0.221875
7.56100000239,0.221875
7.56120000239,0.221875
7.56140000239,0.221875
7.56160000239,0.221875
7.56180000239,0.221875
7.56200000239,0.20625
7.56220000239,0.2375
7.56240000239,0.221875
7.56260000239,0.221875
7.56280000239,0.221875
7.56300000239,0.20625
7.56320000239,0.221875
7.56340000239,0.20625
7.56360000239,0.20625
7.56380000239,0.20625
7.56400000239,0.20625
7.56420000239,0.20625
7.56440000239,0.20625
7.56460000239,0.20625
7.56480000239,0.20625
7.56500000239,0.20625
7.56520000239,0.20625
7.56540000239,0.20625
7.56560000239,0.20625
7.56580000239,0.20625
7.56600000239,0.190625
7.56620000239,0.20625
7.56640000239,0.190625
7.56660000239,0.20625
7.56680000239,0.190625
7.56700000239,0.190625
7.56720000239,0.20625
7.56740000239,0.190625
7.56760000239,0.190625
7.56780000239,0.175
7.56800000239,0.20625
7.56820000239,0.190625
7.56840000239,0.190625
7.56860000239,0.20625
7.56880000239,0.190625
7.56900000239,0.190625
7.56920000239,0.190625
7.56940000239,0.190625
7.56960000239,0.190625
7.56980000239,0.175
7.57000000239,0.190625
7.57020000239,0.190625
7.57040000239,0.175
7.57060000239,0.190625
7.57080000239,0.175
7.57100000239,0.190625
7.57120000239,0.175
7.57140000239,0.175
7.57160000239,0.175
7.57180000239,0.190625
7.57200000239,0.175
7.57220000239,0.175
7.57240000239,0.175
7.57260000239,0.175
7.57280000239,0.175
7.57300000239,0.175
7.57320000239,0.175
7.57340000239,0.175
7.57360000239,0.175
7.57380000239,0.175
7.57400000239,0.175
7.57420000239,0.159375
7.57440000239,0.175
7.57460000239,0.175
7.57480000239,0.175
7.57500000239,0.159375
7.57520000239,0.159375
7.57540000239,0.175
7.57560000239,0.175
7.57580000239,0.159375
7.57600000239,0.159375
7.57620000239,0.159375
7.57640000239,0.159375
7.57660000239,0.14375
7.57680000239,0.175
7.57700000239,0.159375
7.57720000239,0.159375
7.57740000239,0.175
7.57760000239,0.159375
7.57780000239,0.14375
7.57800000239,0.175
7.57820000239,0.159375
7.57840000239,0.14375
7.57860000239,0.159375
7.57880000239,0.159375
7.57900000239,0.14375
7.57920000239,0.159375
7.57940000239,0.159375
7.57960000239,0.159375
7.57980000239,0.14375
7.58000000239,0.14375
7.58020000239,0.159375
7.58040000239,0.14375
7.58060000239,0.159375
7.58080000239,0.14375
7.58100000239,0.14375
7.58120000239,0.159375
7.58140000239,0.14375
7.58160000239,0.14375
7.58180000239,0.14375
7.58200000239,0.14375
7.58220000239,0.14375
7.58240000239,0.14375
7.58260000239,0.14375
7.58280000239,0.14375
7.58300000239,0.14375
7.58320000239,0.14375
7.58340000239,0.128125
7.58360000239,0.14375
7.58380000239,0.128125
7.58400000239,0.14375
7.58420000239,0.14375
7.58440000239,0.128125
7.58460000239,0.14375
7.58480000239,0.128125
7.58500000239,0.128125
7.58520000239,0.128125
7.58540000239,0.159375
7.58560000239,0.128125
7.58580000239,0.128125
7.58600000239,0.128125
7.58620000239,0.128125
7.58640000239,0.128125
7.58660000239,0.128125
7.58680000239,0.128125
7.58700000239,0.14375
7.58720000239,0.128125
7.58740000239,0.128125
7.58760000239,0.128125
7.58780000239,0.128125
7.58800000239,0.1125
7.58820000239,0.1125
7.58840000239,0.128125
7.58860000239,0.128125
7.58880000239,0.128125
7.58900000239,0.128125
7.58920000239,0.128125
7.58940000239,0.128125
7.58960000239,0.1125
7.58980000239,0.128125
7.59000000239,0.128125
7.59020000239,0.128125
7.59040000239,0.128125
7.59060000239,0.1125
7.59080000239,0.1125
7.59100000239,0.14375
7.59120000239,0.1125
7.59140000239,0.128125
7.59160000239,0.1125
7.59180000239,0.128125
7.59200000239,0.096875
7.59220000239,0.1125
7.59240000239,0.1125
7.59260000239,0.128125
7.59280000239,0.128125
7.59300000239,0.1125
7.59320000239,0.1125
7.59340000239,0.096875
7.59360000239,0.1125
7.59380000239,0.1125
7.59400000239,0.1125
7.59420000239,0.1125
7.59440000239,0.1125
7.59460000239,0.096875
7.59480000239,0.096875
7.59500000239,0.096875
7.59520000239,0.1125
7.59540000239,0.096875
7.59560000239,0.096875
7.59580000239,0.1125
7.59600000239,0.096875
7.59620000239,0.1125
7.59640000239,0.1125
7.59660000239,0.096875
7.59680000239,0.096875
7.59700000239,0.096875
7.59720000239,0.1125
7.59740000239,0.096875
7.59760000239,0.096875
7.59780000239,0.096875
7.59800000239,0.1125
7.59820000239,0.096875
7.59840000239,0.096875
7.59860000239,0.096875
7.59880000239,0.096875
7.59900000239,0.096875
7.59920000239,0.1125
7.59940000239,0.08125
7.59960000239,0.096875
7.59980000239,0.096875
7.60000000239,0.08125
7.60020000239,0.08125
7.60040000239,0.08125
7.60060000239,0.096875
7.60080000239,0.1125
7.60100000239,0.096875
7.60120000239,0.096875
7.60140000239,0.096875
7.60160000239,0.096875
7.60180000239,0.096875
7.60200000239,0.096875
7.60220000239,0.096875
7.60240000239,0.096875
7.60260000239,0.096875
7.60280000239,0.08125
7.60300000239,0.096875
7.60320000239,0.096875
7.60340000239,0.08125
7.60360000239,0.08125
7.60380000239,0.096875
7.60400000239,0.08125
7.60420000239,0.096875
7.60440000239,0.096875
7.60460000239,0.096875
7.60480000239,0.096875
7.60500000239,0.08125
7.60520000239,0.08125
7.60540000239,0.08125
7.60560000239,0.08125
7.60580000239,0.096875
7.60600000239,0.096875
7.60620000239,0.08125
7.60640000239,0.096875
7.60660000239,0.096875
7.60680000239,0.096875
7.60700000239,0.08125
7.60720000239,0.08125
7.60740000239,0.08125
7.60760000239,0.08125
7.60780000239,0.065625
7.60800000239,0.096875
7.60820000239,0.08125
7.60840000239,0.08125
7.60860000239,0.08125
7.60880000239,0.08125
7.60900000239,0.08125
7.60920000239,0.08125
7.60940000239,0.08125
7.60960000239,0.065625
7.60980000239,0.08125
7.61000000239,0.065625
7.61020000239,0.096875
7.61040000239,0.08125
7.61060000239,0.08125
7.61080000239,0.065625
7.61100000239,0.08125
7.61120000239,0.065625
7.61140000239,0.065625
7.61160000239,0.08125
7.61180000239,0.065625
7.61200000239,0.065625
7.61220000239,0.08125
7.61240000239,0.065625
7.61260000239,0.065625
7.61280000239,0.065625
7.61300000239,0.08125
7.61320000239,0.065625
7.61340000239,0.08125
7.61360000239,0.065625
7.61380000239,0.065625
7.61400000239,0.065625
7.61420000239,0.08125
7.61440000239,0.065625
7.61460000239,0.05
7.61480000239,0.065625
7.61500000239,0.065625
7.61520000239,0.08125
7.61540000239,0.065625
7.61560000239,0.065625
7.61580000239,0.065625
7.61600000239,0.08125
7.61620000239,0.065625
7.61640000239,0.065625
7.61660000239,0.08125
7.61680000239,0.065625
7.61700000239,0.065625
7.61720000239,0.065625
7.61740000239,0.065625
7.61760000239,0.05
7.61780000239,0.065625
7.61800000239,0.065625
7.61820000239,0.065625
7.61840000239,0.05
7.61860000239,0.08125
7.61880000239,0.065625
7.61900000239,0.065625
7.61920000239,0.05
7.61940000239,0.05
7.61960000239,0.05
7.61980000239,0.065625
7.62000000239,0.065625
7.62020000239,0.034375
7.62040000239,0.065625
7.62060000239,0.065625
7.62080000239,0.065625
7.62100000239,0.05
7.62120000239,0.065625
7.62140000239,0.05
7.62160000239,0.05
7.62180000239,0.065625
7.62200000239,0.065625
7.62220000239,0.05
7.62240000239,0.05
7.62260000239,0.065625
7.62280000239,0.065625
7.62300000239,0.065625
7.62320000239,0.065625
7.62340000239,0.05
7.62360000239,0.065625
7.62380000239,0.034375
7.62400000239,0.034375
7.62420000239,0.05
7.62440000239,0.034375
7.62460000239,0.05
7.62480000239,0.05
7.62500000239,0.05
7.62520000239,0.05
7.62540000239,0.05
7.62560000239,0.05
7.62580000239,0.034375
7.62600000239,0.05
7.62620000239,0.05
7.62640000239,0.05
7.62660000239,0.05
7.62680000239,0.065625
7.62700000239,0.05
7.62720000239,0.05
7.62740000239,0.05
7.62760000239,0.05
7.62780000239,0.05
7.62800000239,0.034375
7.62820000239,0.05
7.62840000239,0.05
7.62860000239,0.05
7.62880000239,0.05
7.62900000239,0.034375
7.62920000239,0.034375
7.62940000239,0.05
7.62960000239,0.05
7.62980000239,0.034375
7.63000000239,0.05
7.63020000239,0.034375
7.63040000239,0.034375
7.63060000239,0.034375
7.63080000239,0.01875
7.63100000239,0.05
7.63120000239,0.034375
7.63140000239,0.05
7.63160000239,0.05
7.63180000239,0.034375
7.63200000239,0.034375
7.63220000239,0.034375
7.63240000239,0.05
7.63260000239,0.034375
7.63280000239,0.05
7.63300000239,0.034375
7.63320000239,0.034375
7.63340000239,0.034375
7.63360000239,0.034375
7.63380000239,0.01875
7.63400000239,0.05
7.63420000239,0.05
7.63440000239,0.034375
7.63460000239,0.034375
7.63480000239,0.05
7.63500000239,0.05
7.63520000239,0.05
7.63540000239,0.05
7.63560000239,0.034375
7.63580000239,0.034375
7.63600000239,0.034375
7.63620000239,0.034375
7.63640000239,0.034375
7.63660000239,0.034375
7.63680000239,0.034375
7.63700000239,0.034375
7.63720000239,0.034375
7.63740000239,0.034375
7.63760000239,0.034375
7.63780000239,0.05
7.63800000239,0.034375
7.63820000239,0.034375
7.63840000239,0.01875
7.63860000239,0.034375
7.63880000239,0.05
7.63900000239,0.01875
7.63920000239,0.05
7.63940000239,0.01875
7.63960000239,0.01875
7.63980000239,0.01875
7.64000000239,0.05
7.64020000239,0.01875
7.64040000239,0.01875
7.64060000239,0.034375
7.64080000239,0.034375
7.64100000239,0.034375
7.64120000239,0.034375
7.64140000239,0.034375
7.64160000239,0.034375
7.64180000239,0.01875
7.64200000239,0.034375
7.64220000239,0.034375
7.64240000239,0.01875
7.64260000239,0.034375
7.64280000239,0.01875
7.64300000239,0.034375
7.64320000239,0.034375
7.64340000239,0.01875
7.64360000239,0.034375
7.64380000239,0.01875
7.64400000239,0.01875
7.64420000239,0.01875
7.64440000239,0.00312495
7.64460000239,0.034375
7.64480000239,0.01875
7.64500000239,0.01875
7.64520000239,0.034375
7.64540000239,0.01875
7.64560000239,0.01875
7.64580000239,0.00312495
7.64600000239,0.01875
7.64620000239,0.00312495
7.64640000239,0.01875
7.64660000239,0.034375
7.64680000239,0.01875
7.64700000239,0.034375
7.64720000239,0.01875
7.64740000239,0.01875
7.64760000239,0.01875
7.64780000239,0.034375
7.64800000239,0.01875
7.64820000239,0.00312495
7.64840000239,0.01875
7.64860000239,0.01875
7.64880000239,0.01875
7.64900000239,0.01875
7.64920000239,0.01875
7.64940000239,0.034375
7.64960000239,0.01875
7.64980000239,0.00312495
7.65000000239,0.01875
7.65020000239,0.01875
7.65040000239,0.01875
7.65060000239,0.01875
7.65080000239,0.01875
7.65100000239,0.00312495
7.65120000239,0.01875
7.65140000239,0.01875
7.65160000239,0.01875
7.65180000239,0.00312495
7.65200000239,0.01875
7.65220000239,0.034375
7.65240000239,0.01875
7.65260000239,0.01875
7.65280000239,0.01875
7.65300000239,0.034375
7.65320000239,0.01875
7.65340000239,0.01875
7.65360000239,0.01875
7.65380000239,0.01875
7.65400000239,0.01875
7.65420000239,0.01875
7.65440000239,0.00312495
7.65460000239,0.01875
7.65480000239,0.01875
7.65500000239,0.01875
7.65520000239,0.034375
7.65540000239,0.00312495
7.65560000239,0.01875
7.65580000239,0.01875
7.65600000239,0.00312495
7.65620000239,0.00312495
7.65640000239,0.01875
7.65660000239,0.034375
7.65680000239,0.00312495
7.65700000239,0.01875
7.65720000239,0.01875
7.65740000239,0.01875
7.65760000239,0.00312495
7.65780000239,-0.0125
7.65800000239,0.00312495
7.65820000239,0.01875
7.65840000239,0.00312495
7.65860000239,0.00312495
7.65880000239,0.034375
7.65900000239,0.01875
7.65920000239,0.034375
7.65940000239,0.00312495
7.65960000239,0.01875
7.65980000239,0.01875
7.66000000239,0.00312495
7.66020000239,0.01875
7.66040000239,0.01875
7.66060000239,0.00312495
7.66080000239,0.01875
7.66100000239,0.01875
7.66120000239,0.00312495
7.66140000239,0.00312495
7.66160000239,0.00312495
7.66180000239,0.034375
7.66200000239,0.01875
7.66220000239,0.01875
7.66240000239,0.00312495
7.66260000239,0.00312495
7.66280000239,0.01875
7.66300000239,0.00312495
7.66320000239,0.00312495
7.66340000239,0.00312495
7.66360000239,0.00312495
7.66380000239,0.00312495
7.66400000239,0.00312495
7.66420000239,0.00312495
7.66440000239,0.00312495
7.66460000239,0.00312495
7.66480000239,0.00312495
7.66500000239,0.00312495
7.66520000239,0.00312495
7.66540000239,0.00312495
7.66560000239,0.00312495
7.66580000239,0.00312495
7.66600000239,0.00312495
7.66620000239,-0.0125
7.66640000239,0.00312495
7.66660000239,0.00312495
7.66680000239,0.00312495
7.66700000239,0.00312495
7.66720000239,-0.0125
7.66740000239,-0.0125
7.66760000239,0.00312495
7.66780000239,0.00312495
7.66800000239,0.00312495
7.66820000239,-0.0125
7.66840000239,0.00312495
7.66860000239,0.00312495
7.66880000239,-0.0125
7.66900000239,-0.0125
7.66920000239,0.00312495
7.66940000239,0.00312495
7.66960000239,0.00312495
7.66980000239,0.00312495
7.67000000239,0.00312495
7.67020000239,-0.0125
7.67040000239,0.01875
7.67060000239,0.00312495
7.67080000239,0.00312495
7.67100000239,0.01875
7.67120000239,0.00312495
7.67140000239,0.00312495
7.67160000239,0.00312495
7.67180000239,0.00312495
7.67200000239,0.00312495
7.67220000239,0.00312495
7.67240000239,0.00312495
7.67260000239,0.01875
7.67280000239,-0.0125
7.67300000239,0.00312495
7.67320000239,0.00312495
7.67340000239,0.00312495
7.67360000239,0.00312495
7.67380000239,0.01875
7.67400000239,-0.0125
7.67420000239,0.01875
7.67440000239,0.00312495
7.67460000239,0.00312495
7.67480000239,0.00312495
7.67500000239,-0.0125
7.67520000239,-0.0125
7.67540000239,0.00312495
7.67560000239,-0.0125
7.67580000239,0.00312495
7.67600000239,0.00312495
7.67620000239,-0.0125
7.67640000239,0.00312495
7.67660000239,0.01875
7.67680000239,0.00312495
7.67700000239,-0.0125
7.67720000239,-0.0125
7.67740000239,0.00312495
7.67760000239,0.00312495
7.67780000239,0.00312495
7.67800000239,0.01875
7.67820000239,0.00312495
7.67840000239,0.00312495
7.67860000239,0.00312495
7.67880000239,0.00312495
7.67900000239,-0.0125
7.67920000239,0.00312495
7.67940000239,0.01875
7.67960000239,0.00312495
7.67980000239,0.00312495
7.68000000239,-0.0125
7.68020000239,0.00312495
7.68040000239,0.00312495
7.68060000239,-0.0125
7.68080000239,0.00312495
7.68100000239,0.00312495
7.68120000239,0.00312495
7.68140000239,0.01875
7.68160000239,0.00312495
7.68180000239,0.01875
7.68200000239,-0.0125
7.68220000239,0.01875
7.68240000239,-0.0125
7.68260000239,-0.0125
7.68280000239,0.00312495
7.68300000239,0.00312495
7.68320000239,0.00312495
7.68340000239,-0.0125
7.68360000239,0.00312495
7.68380000239,0.00312495
7.68400000239,0.00312495
7.68420000239,0.00312495
7.68440000239,-0.0125
7.68460000239,0.00312495
7.68480000239,0.00312495
7.68500000239,0.00312495
7.68520000239,-0.0125
7.68540000239,-0.0125
7.68560000239,-0.0125
7.68580000239,0.00312495
7.68600000239,-0.0125
7.68620000239,-0.0125
7.68640000239,0.00312495
7.68660000239,-0.0125
7.68680000239,0.00312495
7.68700000239,0.00312495
7.68720000239,0.00312495
7.68740000239,-0.0125
7.68760000239,-0.0125
7.68780000239,0.00312495
7.68800000239,0.00312495
7.68820000239,-0.0125
7.68840000239,-0.0125
7.68860000239,0.00312495
7.68880000239,-0.0125
7.68900000239,0.00312495
7.68920000239,0.00312495
7.68940000239,-0.0125
7.68960000239,0.00312495
7.68980000239,0.00312495
7.69000000239,0.00312495
7.69020000239,0.00312495
7.69040000239,0.00312495
7.69060000239,0.00312495
7.69080000239,-0.0125
7.69100000239,0.00312495
7.69120000239,0.00312495
7.69140000239,-0.0125
7.69160000239,0.00312495
7.69180000239,-0.0125
7.69200000239,-0.0125
7.69220000239,-0.0125
7.69240000239,0.00312495
7.69260000239,0.00312495
7.69280000239,0.00312495
7.69300000239,-0.0125
7.69320000239,-0.0125
7.69340000239,-0.0125
7.69360000239,-0.0125
7.69380000239,-0.0125
7.69400000239,0.00312495
7.69420000239,0.00312495
7.69440000239,-0.0125
7.69460000239,-0.0125
7.69480000239,0.00312495
7.69500000239,-0.0125
7.69520000239,-0.028125
7.69540000239,-0.0125
7.69560000239,0.00312495
7.69580000239,-0.0125
7.69600000239,-0.0125
7.69620000239,-0.0125
7.69640000239,-0.0125
7.69660000239,-0.028125
7.69680000239,0.00312495
7.69700000239,-0.0125
7.69720000239,-0.0125
7.69740000239,0.00312495
7.69760000239,-0.0125
7.69780000239,-0.0125
7.69800000239,-0.0125
7.69820000239,-0.0125
7.69840000239,-0.0125
7.69860000239,-0.0125
7.69880000239,-0.0125
7.69900000239,-0.0125
7.69920000239,-0.028125
7.69940000239,-0.0125
7.69960000239,-0.0125
7.69980000239,-0.028125
7.70000000239,-0.0125
7.70020000239,0.00312495
7.70040000239,-0.0125
7.70060000239,-0.0125
7.70080000239,-0.0125
7.70100000239,-0.0125
7.70120000239,-0.0125
7.70140000239,-0.028125
7.70160000239,-0.0125
7.70180000239,0.00312495
7.70200000239,-0.0125
7.70220000239,-0.0125
7.70240000239,-0.0125
7.70260000239,0.00312495
7.70280000239,-0.0125
7.70300000239,-0.028125
7.70320000239,0.00312495
7.70340000239,-0.0125
7.70360000239,-0.0125
7.70380000239,-0.0125
7.70400000239,-0.0125
7.70420000239,-0.0125
7.70440000239,0.00312495
7.70460000239,-0.0125
7.70480000239,-0.0125
7.70500000239,-0.0125
7.70520000239,-0.0125
7.70540000239,-0.0125
7.70560000239,-0.0125
7.70580000239,0.00312495
7.70600000239,-0.0125
7.70620000239,0.00312495
7.70640000239,-0.028125
7.70660000239,-0.0125
7.70680000239,-0.028125
7.70700000239,-0.0125
7.70720000239,-0.0125
7.70740000239,-0.0125
7.70760000239,-0.0125
7.70780000239,-0.0125
7.70800000239,0.00312495
7.70820000239,-0.0125
7.70840000239,-0.028125
7.70860000239,0.00312495
7.70880000239,-0.0125
7.70900000239,0.00312495
7.70920000239,-0.0125
7.70940000239,0.00312495
7.70960000239,0.00312495
7.70980000239,0.00312495
7.71000000239,-0.0125
7.71020000239,-0.0125
7.71040000239,-0.0125
7.71060000239,-0.0125
7.71080000239,-0.028125
7.71100000239,-0.0125
7.71120000239,-0.0125
7.71140000239,-0.028125
7.71160000239,-0.0125
7.71180000239,-0.0125
7.71200000239,-0.028125
7.71220000239,-0.0125
7.71240000239,0.00312495
7.71260000239,-0.0125
7.71280000239,-0.0125
7.71300000239,-0.028125
7.71320000239,-0.028125
7.71340000239,-0.028125
7.71360000239,0.00312495
7.71380000239,-0.028125
7.71400000239,-0.0125
7.71420000239,-0.028125
7.71440000239,-0.0125
7.71460000239,-0.0125
7.71480000239,-0.028125
7.71500000239,-0.028125
7.71520000239,-0.0125
7.71540000239,-0.0125
7.71560000239,-0.0125
7.71580000239,-0.0125
7.71600000239,-0.0125
7.71620000239,-0.0125
7.71640000239,-0.028125
7.71660000239,-0.028125
7.71680000239,-0.0125
7.71700000239,-0.0125
7.71720000239,-0.0125
7.71740000239,-0.0125
7.71760000239,-0.028125
7.71780000239,-0.0125
7.71800000239,-0.0125
7.71820000239,-0.0125
7.71840000239,-0.0125
7.71860000239,-0.0125
7.71880000239,-0.028125
7.71900000239,-0.0125
7.71920000239,-0.0125
7.71940000239,-0.028125
7.71960000239,-0.0125
7.71980000239,-0.0125
7.72000000239,-0.028125
7.72020000239,-0.028125
7.72040000239,-0.0125
7.72060000239,-0.028125
7.72080000239,-0.0125
7.72100000239,-0.028125
7.72120000239,-0.0125
7.72140000239,-0.0125
7.72160000239,-0.0125
7.72180000239,-0.0125
7.72200000239,-0.0125
7.72220000239,-0.0125
7.72240000239,-0.0125
7.72260000239,-0.0125
7.72280000239,-0.0125
7.72300000239,-0.0125
7.72320000239,-0.0125
7.72340000239,-0.0125
7.72360000239,-0.028125
7.72380000239,-0.0125
7.72400000239,-0.028125
7.72420000239,-0.0125
7.72440000239,-0.028125
7.72460000239,-0.04375
7.72480000239,-0.028125
7.72500000239,-0.04375
7.72520000239,-0.028125
7.72540000239,-0.028125
7.72560000239,-0.028125
7.72580000239,-0.0125
7.72600000239,-0.028125
7.72620000239,-0.028125
7.72640000239,-0.0125
7.72660000239,-0.028125
7.72680000239,0.00312495
7.72700000239,-0.028125
7.72720000239,-0.0125
7.72740000239,-0.028125
7.72760000239,-0.028125
7.72780000239,-0.0125
7.72800000239,-0.028125
7.72820000239,-0.028125
7.72840000239,-0.028125
7.72860000239,-0.0125
7.72880000239,-0.028125
7.72900000239,-0.028125
7.72920000239,-0.028125
7.72940000239,-0.028125
7.72960000239,-0.028125
7.72980000239,-0.0125
7.73000000239,-0.0125
7.73020000239,-0.028125
7.73040000239,-0.028125
7.73060000239,-0.0125
7.73080000239,-0.0125
7.73100000239,-0.0125
7.73120000239,-0.028125
7.73140000239,-0.0125
7.73160000239,-0.0125
7.73180000239,-0.028125
7.73200000239,-0.028125
7.73220000239,-0.0125
7.73240000239,-0.028125
7.73260000239,-0.028125
7.73280000239,-0.028125
7.73300000239,-0.028125
7.73320000239,-0.028125
7.73340000239,-0.0125
7.73360000239,-0.028125
7.73380000239,-0.04375
7.73400000239,-0.0125
7.73420000239,-0.028125
7.73440000239,-0.0125
7.73460000239,-0.028125
7.73480000239,-0.0125
7.73500000239,-0.028125
7.73520000239,-0.0125
7.73540000239,-0.028125
7.73560000239,-0.028125
7.73580000239,-0.028125
7.73600000239,-0.0125
7.73620000239,-0.04375
7.73640000239,-0.028125
7.73660000239,-0.0125
7.73680000239,-0.0125
7.73700000239,-0.0125
7.73720000239,-0.028125
7.73740000239,-0.028125
7.73760000239,-0.028125
7.73780000239,-0.0125
7.73800000239,-0.0125
7.73820000239,-0.028125
7.73840000239,-0.0125
7.73860000239,-0.0125
7.73880000239,-0.028125
7.73900000239,-0.028125
7.73920000239,-0.028125
7.73940000239,-0.028125
7.73960000239,-0.028125
7.73980000239,-0.04375
7.74000000239,-0.028125
7.74020000239,-0.0125
7.74040000239,-0.028125
7.74060000239,-0.04375
7.74080000239,-0.028125
7.74100000239,-0.0125
7.74120000239,-0.028125
7.74140000239,-0.028125
7.74160000239,-0.0125
7.74180000239,-0.04375
7.74200000239,-0.028125
7.74220000239,-0.028125
7.74240000239,-0.028125
7.74260000239,-0.04375
7.74280000239,-0.028125
7.74300000239,-0.028125
7.74320000239,-0.028125
7.74340000239,-0.028125
7.74360000239,-0.028125
7.74380000239,-0.028125
7.74400000239,-0.028125
7.74420000239,-0.028125
7.74440000239,-0.028125
7.74460000239,-0.028125
7.74480000239,-0.028125
7.74500000239,-0.028125
7.74520000239,-0.059375
7.74540000239,-0.028125
7.74560000239,0.00312495
7.74580000239,-0.0125
7.74600000239,-0.028125
7.74620000239,-0.0125
7.74640000239,-0.0125
7.74660000239,-0.028125
7.74680000239,-0.028125
7.74700000239,-0.028125
7.74720000239,-0.028125
7.74740000239,-0.028125
7.74760000239,-0.028125
7.74780000239,-0.028125
7.74800000239,-0.028125
7.74820000239,-0.028125
7.74840000239,-0.028125
7.74860000239,-0.028125
7.74880000239,-0.028125
7.74900000239,-0.0125
7.74920000239,-0.028125
7.74940000239,-0.028125
7.74960000239,-0.04375
7.74980000239,-0.028125
7.75000000239,-0.028125
7.75020000239,-0.04375
7.75040000239,-0.04375
7.75060000239,-0.0125
7.75080000239,-0.028125
7.75100000239,-0.028125
7.75120000239,-0.028125
7.75140000239,-0.028125
7.75160000239,-0.028125
7.75180000239,-0.04375
7.75200000239,-0.028125
7.75220000239,-0.028125
7.75240000239,-0.04375
7.75260000239,-0.04375
7.75280000239,-0.0125
7.75300000239,-0.04375
7.75320000239,-0.028125
7.75340000239,-0.028125
7.75360000239,-0.0125
7.75380000239,-0.028125
7.75400000239,-0.028125
7.75420000239,-0.028125
7.75440000239,-0.028125
7.75460000239,-0.028125
7.75480000239,-0.04375
7.75500000239,-0.028125
7.75520000239,-0.028125
7.75540000239,-0.028125
7.75560000239,-0.028125
7.75580000239,-0.028125
7.75600000239,-0.028125
7.75620000239,-0.028125
7.75640000239,-0.028125
7.75660000239,-0.028125
7.75680000239,-0.028125
7.75700000239,-0.028125
7.75720000239,-0.0125
7.75740000239,-0.028125
7.75760000239,-0.028125
7.75780000239,-0.028125
7.75800000239,-0.028125
7.75820000239,-0.0125
7.75840000239,-0.0125
7.75860000239,-0.04375
7.75880000239,-0.028125
7.75900000239,-0.028125
7.75920000239,-0.0125
7.75940000239,-0.04375
7.75960000239,-0.028125
7.75980000239,-0.04375
7.76000000239,-0.028125
7.76020000239,-0.028125
7.76040000239,-0.0125
7.76060000239,-0.04375
7.76080000239,-0.028125
7.76100000239,-0.028125
7.76120000239,-0.0125
7.76140000239,-0.028125
7.76160000239,-0.028125
7.76180000239,-0.04375
7.76200000239,-0.04375
7.76220000239,-0.04375
7.76240000239,-0.028125
7.76260000239,-0.04375
7.76280000239,-0.028125
7.76300000239,-0.04375
7.76320000239,-0.0125
7.76340000239,-0.028125
7.76360000239,-0.04375
7.76380000239,-0.028125
7.76400000239,-0.04375
7.76420000239,-0.04375
7.76440000239,-0.028125
7.76460000239,-0.028125
7.76480000239,-0.028125
7.76500000239,-0.04375
7.76520000239,-0.04375
7.76540000239,-0.028125
7.76560000239,-0.04375
7.76580000239,-0.028125
7.76600000239,-0.04375
7.76620000239,-0.04375
7.76640000239,-0.028125
7.76660000239,-0.028125
7.76680000239,-0.028125
7.76700000239,-0.028125
7.76720000239,-0.028125
7.76740000239,-0.028125
7.76760000239,-0.028125
7.76780000239,-0.04375
7.76800000239,-0.028125
7.76820000239,-0.04375
7.76840000239,-0.04375
7.76860000239,-0.028125
7.76880000239,-0.028125
7.76900000239,-0.0125
7.76920000239,-0.028125
7.76940000239,-0.04375
7.76960000239,-0.028125
7.76980000239,-0.04375
7.77000000239,-0.028125
7.77020000239,-0.028125
7.77040000239,-0.028125
7.77060000239,-0.04375
7.77080000239,-0.028125
7.77100000239,-0.04375
7.77120000239,-0.04375
7.77140000239,-0.028125
7.77160000239,-0.028125
7.77180000239,-0.028125
7.77200000239,-0.028125
7.77220000239,-0.04375
7.77240000239,-0.04375
7.77260000239,-0.028125
7.77280000239,-0.028125
7.77300000239,-0.028125
7.77320000239,-0.028125
7.77340000239,-0.04375
7.77360000239,-0.0125
7.77380000239,-0.028125
7.77400000239,-0.028125
7.77420000239,-0.028125
7.77440000239,-0.04375
7.77460000239,-0.028125
7.77480000239,-0.04375
7.77500000239,-0.04375
7.77520000239,-0.04375
7.77540000239,-0.028125
7.77560000239,-0.028125
7.77580000239,-0.04375
7.77600000239,-0.04375
7.77620000239,-0.028125
7.77640000239,-0.04375
7.77660000239,-0.028125
7.77680000239,-0.028125
7.77700000239,-0.04375
7.77720000239,-0.028125
7.77740000239,-0.04375
7.77760000239,-0.028125
7.77780000239,-0.0125
7.77800000239,-0.028125
7.77820000239,-0.04375
7.77840000239,-0.028125
7.77860000239,-0.028125
7.77880000239,-0.0125
7.77900000239,-0.04375
7.77920000239,-0.028125
7.77940000239,-0.04375
7.77960000239,-0.028125
7.77980000239,-0.028125
7.78000000239,-0.028125
7.78020000239,-0.04375
7.78040000239,-0.04375
7.78060000239,-0.04375
7.78080000239,-0.04375
7.78100000239,-0.04375
7.78120000239,-0.028125
7.78140000239,-0.04375
7.78160000239,-0.028125
7.78180000239,-0.028125
7.78200000239,-0.028125
7.78220000239,-0.028125
7.78240000239,-0.028125
7.78260000239,-0.0125
7.78280000239,-0.028125
7.78300000239,-0.028125
7.78320000239,-0.028125
7.78340000239,-0.04375
7.78360000239,-0.04375
7.78380000239,-0.04375
7.78400000239,-0.0125
7.78420000239,-0.028125
7.78440000239,-0.028125
7.78460000239,-0.04375
7.78480000239,-0.04375
7.78500000239,-0.04375
7.78520000239,-0.028125
7.78540000239,-0.04375
7.78560000239,-0.028125
7.78580000239,-0.04375
7.78600000239,-0.04375
7.78620000239,-0.04375
7.78640000239,-0.028125
7.78660000239,-0.028125
7.78680000239,-0.028125
7.78700000239,-0.04375
7.78720000239,-0.028125
7.78740000239,-0.028125
7.78760000239,-0.028125
7.78780000239,-0.028125
7.78800000239,-0.028125
7.78820000239,-0.04375
7.78840000239,-0.028125
7.78860000239,-0.028125
7.78880000239,-0.028125
7.78900000239,-0.04375
7.78920000239,-0.028125
7.78940000239,-0.028125
7.78960000239,-0.04375
7.78980000239,-0.04375
7.79000000239,-0.028125
7.79020000239,-0.04375
7.79040000239,-0.028125
7.79060000239,-0.04375
7.79080000239,-0.04375
7.79100000239,-0.028125
7.79120000239,-0.04375
7.79140000239,-0.028125
7.79160000239,-0.04375
7.79180000239,-0.028125
7.79200000239,-0.028125
7.79220000239,-0.028125
7.79240000239,-0.028125
7.79260000239,-0.028125
7.79280000239,-0.04375
7.79300000239,-0.059375
7.79320000239,-0.04375
7.79340000239,-0.04375
7.79360000239,-0.028125
7.79380000239,-0.04375
7.79400000239,-0.028125
7.79420000239,-0.04375
7.79440000239,-0.04375
7.79460000239,-0.028125
7.79480000239,-0.04375
7.79500000239,-0.028125
7.79520000239,-0.04375
7.79540000239,-0.028125
7.79560000239,-0.04375
7.79580000239,-0.028125
7.79600000239,-0.028125
7.79620000239,-0.04375
7.79640000239,-0.04375
7.79660000239,-0.028125
7.79680000239,-0.028125
7.79700000239,-0.059375
7.79720000239,-0.028125
7.79740000239,-0.04375
7.79760000239,-0.04375
7.79780000239,-0.04375
7.79800000239,-0.04375
7.79820000239,-0.04375
7.79840000239,-0.028125
7.79860000239,-0.0125
7.79880000239,-0.04375
7.79900000239,-0.04375
7.79920000239,-0.028125
7.79940000239,-0.04375
7.79960000239,-0.04375
7.79980000239,-0.04375
7.80000000239,-0.028125
7.80020000239,-0.04375
7.80040000239,-0.04375
7.80060000239,-0.04375
7.80080000239,-0.04375
7.80100000239,-0.028125
7.80120000239,-0.028125
7.80140000239,-0.028125
7.80160000239,-0.04375
7.80180000239,-0.04375
7.80200000239,-0.028125
7.80220000239,-0.028125
7.80240000239,-0.028125
7.80260000239,-0.04375
7.80280000239,-0.04375
7.80300000239,-0.04375
7.80320000239,-0.04375
7.80340000239,-0.04375
7.80360000239,-0.04375
7.80380000239,-0.04375
7.80400000239,-0.04375
7.80420000239,-0.04375
7.80440000239,-0.028125
7.80460000239,-0.04375
7.80480000239,-0.028125
7.80500000239,-0.028125
7.80520000239,-0.04375
7.80540000239,-0.04375
7.80560000239,-0.04375
7.80580000239,-0.04375
7.80600000239,-0.04375
7.80620000239,-0.04375
7.80640000239,-0.04375
7.80660000239,-0.04375
7.80680000239,-0.04375
7.80700000239,-0.028125
7.80720000239,-0.04375
7.80740000239,-0.028125
7.80760000239,-0.04375
7.80780000239,-0.028125
7.80800000239,-0.04375
7.80820000239,-0.028125
7.80840000239,-0.04375
7.80860000239,-0.028125
7.80880000239,-0.04375
7.80900000239,-0.059375
7.80920000239,-0.04375
7.80940000239,-0.04375
7.80960000239,-0.028125
7.80980000239,-0.028125
7.81000000239,-0.028125
7.81020000239,-0.04375
7.81040000239,-0.028125
7.81060000239,-0.04375
7.81080000239,-0.028125
7.81100000239,-0.04375
7.81120000239,-0.04375
7.81140000239,-0.028125
7.81160000239,-0.04375
7.81180000239,-0.04375
7.81200000239,-0.04375
7.81220000239,-0.04375
7.81240000239,-0.04375
7.81260000239,-0.04375
7.81280000239,-0.04375
7.81300000239,-0.028125
7.81320000239,-0.04375
7.81340000239,-0.04375
7.81360000239,-0.04375
7.81380000239,-0.04375
7.81400000239,-0.04375
7.81420000239,-0.04375
7.81440000239,-0.04375
7.81460000239,-0.028125
7.81480000239,-0.059375
7.81500000239,-0.04375
7.81520000239,-0.028125
7.81540000239,-0.04375
7.81560000239,-0.04375
7.81580000239,-0.04375
7.81600000239,-0.04375
7.81620000239,-0.04375
7.81640000239,-0.028125
7.81660000239,-0.059375
7.81680000239,-0.04375
7.81700000239,-0.04375
7.81720000239,-0.04375
7.81740000239,-0.04375
7.81760000239,-0.059375
7.81780000239,-0.04375
7.81800000239,-0.0125
7.81820000239,-0.04375
7.81840000239,-0.04375
7.81860000239,-0.028125
7.81880000239,-0.04375
7.81900000239,-0.028125
7.81920000239,-0.04375
7.81940000239,-0.028125
7.81960000239,-0.04375
7.81980000239,-0.04375
7.82000000239,-0.04375
7.82020000239,-0.059375
7.82040000239,-0.04375
7.82060000239,-0.04375
7.82080000239,-0.04375
7.82100000239,-0.028125
7.82120000239,-0.04375
7.82140000239,-0.028125
7.82160000239,-0.04375
7.82180000239,-0.04375
7.82200000239,-0.028125
7.82220000239,-0.028125
7.82240000239,-0.04375
7.82260000239,-0.04375
7.82280000239,-0.04375
7.82300000239,-0.028125
7.82320000239,-0.04375
7.82340000239,-0.04375
7.82360000239,-0.028125
7.82380000239,-0.04375
7.82400000239,-0.04375
7.82420000239,-0.04375
7.82440000239,-0.04375
7.82460000239,-0.04375
7.82480000239,-0.04375
7.82500000239,-0.04375
7.82520000239,-0.028125
7.82540000239,-0.028125
7.82560000239,-0.04375
7.82580000239,-0.04375
7.82600000239,-0.04375
7.82620000239,-0.04375
7.82640000239,-0.059375
7.82660000239,-0.059375
7.82680000239,-0.04375
7.82700000239,-0.04375
7.82720000239,-0.04375
7.82740000239,-0.028125
7.82760000239,-0.04375
7.82780000239,-0.028125
7.82800000239,-0.04375
7.82820000239,-0.04375
7.82840000239,-0.04375
7.82860000239,-0.04375
7.82880000239,-0.04375
7.82900000239,-0.04375
7.82920000239,-0.04375
7.82940000239,-0.028125
7.82960000239,-0.04375
7.82980000239,-0.04375
7.83000000239,-0.028125
7.83020000239,-0.059375
7.83040000239,-0.04375
7.83060000239,-0.04375
7.83080000239,-0.04375
7.83100000239,-0.04375
7.83120000239,-0.04375
7.83140000239,-0.028125
7.83160000239,-0.04375
7.83180000239,-0.028125
7.83200000239,-0.028125
7.83220000239,-0.04375
7.83240000239,-0.04375
7.83260000239,-0.04375
7.83280000239,-0.04375
7.83300000239,-0.028125
7.83320000239,-0.04375
7.83340000239,-0.04375
7.83360000239,-0.028125
7.83380000239,-0.04375
7.83400000239,-0.028125
7.83420000239,-0.028125
7.83440000239,-0.04375
7.83460000239,-0.04375
7.83480000239,-0.04375
7.83500000239,-0.04375
7.83520000239,-0.059375
7.83540000239,-0.04375
7.83560000239,-0.04375
7.83580000239,-0.059375
7.83600000239,-0.04375
7.83620000239,-0.04375
7.83640000239,-0.04375
7.83660000239,-0.04375
7.83680000239,-0.04375
7.83700000239,-0.059375
7.83720000239,-0.059375
7.83740000239,-0.04375
7.83760000239,-0.04375
7.83780000239,-0.028125
7.83800000239,-0.028125
7.83820000239,-0.059375
7.83840000239,-0.04375
7.83860000239,-0.04375
7.83880000239,-0.04375
7.83900000239,-0.04375
7.83920000239,-0.04375
7.83940000239,-0.028125
7.83960000239,-0.04375
7.83980000239,-0.04375
7.84000000239,-0.04375
7.84020000239,-0.059375
7.84040000239,-0.04375
7.84060000239,-0.04375
7.84080000239,-0.04375
7.84100000239,-0.059375
7.84120000239,-0.04375
7.84140000239,-0.04375
7.84160000239,-0.028125
7.84180000239,-0.04375
7.84200000239,-0.04375
7.84220000239,-0.04375
7.84240000239,-0.04375
7.84260000239,-0.059375
7.84280000239,-0.04375
7.84300000239,-0.04375
7.84320000239,-0.028125
7.84340000239,-0.028125
7.84360000239,-0.028125
7.84380000239,-0.04375
7.84400000239,-0.04375
7.84420000239,-0.04375
7.84440000239,-0.04375
7.84460000239,-0.04375
7.84480000239,-0.04375
7.84500000239,-0.04375
7.84520000239,-0.04375
7.84540000239,-0.04375
7.84560000239,-0.04375
7.84580000239,-0.04375
7.84600000239,-0.04375
7.84620000239,-0.04375
7.84640000239,-0.04375
7.84660000239,-0.04375
7.84680000239,-0.028125
7.84700000239,-0.04375
7.84720000239,-0.04375
7.84740000239,-0.04375
7.84760000239,-0.059375
7.84780000239,-0.04375
7.84800000239,-0.04375
7.84820000239,-0.04375
7.84840000239,-0.028125
7.84860000239,-0.059375
7.84880000239,-0.04375
7.84900000239,-0.04375
7.84920000239,-0.04375
7.84940000239,-0.059375
7.84960000239,-0.059375
7.84980000239,-0.059375
7.85000000239,-0.04375
7.85020000239,-0.04375
7.85040000239,-0.059375
7.85060000239,-0.04375
7.85080000239,-0.059375
7.85100000239,-0.028125
7.85120000239,-0.04375
7.85140000239,-0.028125
7.85160000239,-0.04375
7.85180000239,-0.04375
7.85200000239,-0.028125
7.85220000239,-0.059375
7.85240000239,-0.04375
7.85260000239,-0.059375
7.85280000239,-0.059375
7.85300000239,-0.04375
7.85320000239,-0.04375
7.85340000239,-0.04375
7.85360000239,-0.04375
7.85380000239,-0.059375
7.85400000239,-0.04375
7.85420000239,-0.04375
7.85440000239,-0.04375
7.85460000239,-0.04375
7.85480000239,-0.04375
7.85500000239,-0.04375
7.85520000239,-0.04375
7.85540000239,-0.028125
7.85560000239,-0.059375
7.85580000239,-0.04375
7.85600000239,-0.04375
7.85620000239,-0.04375
7.85640000239,-0.028125
7.85660000239,-0.028125
7.85680000239,-0.059375
7.85700000239,-0.04375
7.85720000239,-0.04375
7.85740000239,-0.04375
7.85760000239,-0.059375
7.85780000239,-0.059375
7.85800000239,-0.04375
7.85820000239,-0.04375
7.85840000239,-0.04375
7.85860000239,-0.059375
7.85880000239,-0.04375
7.85900000239,-0.028125
7.85920000239,-0.04375
7.85940000239,-0.04375
7.85960000239,-0.04375
7.85980000239,-0.059375
7.86000000239,-0.04375
7.86020000239,-0.04375
7.86040000239,-0.04375
7.86060000239,-0.059375
7.86080000239,-0.04375
7.86100000239,-0.04375
7.86120000239,-0.04375
7.86140000239,-0.04375
7.86160000239,-0.059375
7.86180000239,-0.04375
7.86200000239,-0.04375
7.86220000239,-0.04375
7.86240000239,-0.04375
7.86260000239,-0.059375
7.86280000239,-0.059375
7.86300000239,-0.04375
7.86320000239,-0.04375
7.86340000239,-0.059375
7.86360000239,-0.04375
7.86380000239,-0.04375
7.86400000239,-0.04375
7.86420000239,-0.04375
7.86440000239,-0.04375
7.86460000239,-0.059375
7.86480000239,-0.059375
7.86500000239,-0.028125
7.86520000239,-0.04375
7.86540000239,-0.059375
7.86560000239,-0.04375
7.86580000239,-0.04375
7.86600000239,-0.04375
7.86620000239,-0.04375
7.86640000239,-0.04375
7.86660000239,-0.028125
7.86680000239,-0.04375
7.86700000239,-0.04375
7.86720000239,-0.028125
7.86740000239,-0.028125
7.86760000239,-0.075
7.86780000239,-0.04375
7.86800000239,-0.04375
7.86820000239,-0.059375
7.86840000239,-0.059375
7.86860000239,-0.04375
7.86880000239,-0.04375
7.86900000239,-0.059375
7.86920000239,-0.059375
7.86940000239,-0.028125
7.86960000239,-0.04375
7.86980000239,-0.059375
7.87000000239,-0.04375
7.87020000239,-0.028125
7.87040000239,-0.04375
7.87060000239,-0.028125
7.87080000239,-0.059375
7.87100000239,-0.04375
7.87120000239,-0.04375
7.87140000239,-0.059375
7.87160000239,-0.028125
7.87180000239,-0.04375
7.87200000239,-0.04375
7.87220000239,-0.04375
7.87240000239,-0.04375
7.87260000239,-0.028125
7.87280000239,-0.04375
7.87300000239,-0.059375
7.87320000239,-0.059375
7.87340000239,-0.028125
7.87360000239,-0.04375
7.87380000239,-0.059375
7.87400000239,-0.04375
7.87420000239,-0.04375
7.87440000239,-0.04375
7.87460000239,-0.059375
7.87480000239,-0.04375
7.87500000239,-0.04375
7.87520000239,-0.04375
7.87540000239,-0.04375
7.87560000239,-0.059375
7.87580000239,-0.059375
7.87600000239,-0.04375
7.87620000239,-0.04375
7.87640000239,-0.04375
7.87660000239,-0.059375
7.87680000239,-0.059375
7.87700000239,-0.059375
7.87720000239,-0.059375
7.87740000239,-0.04375
7.87760000239,-0.059375
7.87780000239,-0.04375
7.87800000239,-0.028125
7.87820000239,-0.04375
7.87840000239,-0.04375
7.87860000239,-0.059375
7.87880000239,-0.04375
7.87900000239,-0.04375
7.87920000239,-0.04375
7.87940000239,-0.04375
7.87960000239,-0.059375
7.87980000239,-0.04375
7.88000000239,-0.04375
7.88020000239,-0.04375
7.88040000239,-0.059375
7.88060000239,-0.059375
7.88080000239,-0.04375
7.88100000239,-0.04375
7.88120000239,-0.04375
7.88140000239,-0.04375
7.88160000239,-0.04375
7.88180000239,-0.04375
7.88200000239,-0.04375
7.88220000239,-0.028125
7.88240000239,-0.04375
7.88260000239,-0.04375
7.88280000239,-0.04375
7.88300000239,-0.04375
7.88320000239,-0.028125
7.88340000239,-0.059375
7.88360000239,-0.04375
7.88380000239,-0.04375
7.88400000239,-0.04375
7.88420000239,-0.04375
7.88440000239,-0.04375
7.88460000239,-0.028125
7.88480000239,-0.04375
7.88500000239,-0.04375
7.88520000239,-0.059375
7.88540000239,-0.04375
7.88560000239,-0.04375
7.88580000239,-0.04375
7.88600000239,-0.04375
7.88620000239,-0.04375
7.88640000239,-0.04375
7.88660000239,-0.04375
7.88680000239,-0.04375
7.88700000239,-0.028125
7.88720000239,-0.04375
7.88740000239,-0.059375
7.88760000239,-0.059375
7.88780000239,-0.04375
7.88800000239,-0.04375
7.88820000239,-0.028125
7.88840000239,-0.04375
7.88860000239,-0.04375
7.88880000239,-0.04375
7.88900000239,-0.04375
7.88920000239,-0.059375
7.88940000239,-0.028125
7.88960000239,-0.059375
7.88980000239,-0.028125
7.89000000239,-0.059375
7.89020000239,-0.04375
7.89040000239,-0.04375
7.89060000239,-0.04375
7.89080000239,-0.04375
7.89100000239,-0.04375
7.89120000239,-0.059375
7.89140000239,-0.04375
7.89160000239,-0.04375
7.89180000239,-0.04375
7.89200000239,-0.04375
7.89220000239,-0.04375
7.89240000239,-0.028125
7.89260000239,-0.04375
7.89280000239,-0.04375
7.89300000239,-0.04375
7.89320000239,-0.059375
7.89340000239,-0.04375
7.89360000239,-0.04375
7.89380000239,-0.028125
7.89400000239,-0.04375
7.89420000239,-0.04375
7.89440000239,-0.04375
7.89460000239,-0.04375
7.89480000239,-0.059375
7.89500000239,-0.04375
7.89520000239,-0.059375
7.89540000239,-0.04375
7.89560000239,-0.028125
7.89580000239,-0.059375
7.89600000239,-0.04375
7.89620000239,-0.04375
7.89640000239,-0.04375
7.89660000239,-0.04375
7.89680000239,-0.04375
7.89700000239,-0.04375
7.89720000239,-0.059375
7.89740000239,-0.04375
7.89760000239,-0.059375
7.89780000239,-0.04375
7.89800000239,-0.059375
7.89820000239,-0.059375
7.89840000239,-0.04375
7.89860000239,-0.059375
7.89880000239,-0.028125
7.89900000239,-0.04375
7.89920000239,-0.04375
7.89940000239,-0.04375
7.89960000239,-0.04375
7.89980000239,-0.04375
7.90000000239,-0.04375
7.90020000239,-0.04375
7.90040000239,-0.028125
7.90060000239,-0.04375
7.90080000239,-0.04375
7.90100000239,-0.04375
7.90120000239,-0.059375
7.90140000239,-0.059375
7.90160000239,-0.028125
7.90180000239,-0.059375
7.90200000239,-0.04375
7.90220000239,-0.04375
7.90240000239,-0.04375
7.90260000239,-0.04375
7.90280000239,-0.04375
7.90300000239,-0.04375
7.90320000239,-0.04375
7.90340000239,-0.059375
7.90360000239,-0.04375
7.90380000239,-0.04375
7.90400000239,-0.059375
7.90420000239,-0.04375
7.90440000239,-0.04375
7.90460000239,-0.04375
7.90480000239,-0.04375
7.90500000239,-0.04375
7.90520000239,-0.04375
7.90540000239,-0.04375
7.90560000239,-0.04375
7.90580000239,-0.04375
7.90600000239,-0.059375
7.90620000239,-0.04375
7.90640000239,-0.04375
7.90660000239,-0.059375
7.90680000239,-0.04375
7.90700000239,-0.04375
7.90720000239,-0.04375
7.90740000239,-0.059375
7.90760000239,-0.04375
7.90780000239,-0.04375
7.90800000239,-0.04375
7.90820000239,-0.059375
7.90840000239,-0.04375
7.90860000239,-0.04375
7.90880000239,-0.04375
7.90900000239,-0.04375
7.90920000239,-0.04375
7.90940000239,-0.059375
7.90960000239,-0.059375
7.90980000239,-0.059375
7.91000000239,-0.04375
7.91020000239,-0.059375
7.91040000239,-0.04375
7.91060000239,-0.059375
7.91080000239,-0.04375
7.91100000239,-0.059375
7.91120000239,-0.04375
7.91140000239,-0.059375
7.91160000239,-0.04375
7.91180000239,-0.059375
7.91200000239,-0.04375
7.91220000239,-0.04375
7.91240000239,-0.059375
7.91260000239,-0.059375
7.91280000239,-0.04375
7.91300000239,-0.059375
7.91320000239,-0.059375
7.91340000239,-0.059375
7.91360000239,-0.059375
7.91380000239,-0.04375
7.91400000239,-0.04375
7.91420000239,-0.04375
7.91440000239,-0.059375
7.91460000239,-0.059375
7.91480000239,-0.059375
7.91500000239,-0.04375
7.91520000239,-0.04375
7.91540000239,-0.04375
7.91560000239,-0.04375
7.91580000239,-0.04375
7.91600000239,-0.04375
7.91620000239,-0.059375
7.91640000239,-0.04375
7.91660000239,-0.04375
7.91680000239,-0.04375
7.91700000239,-0.028125
7.91720000239,-0.04375
7.91740000239,-0.04375
7.91760000239,-0.04375
7.91780000239,-0.04375
7.91800000239,-0.04375
7.91820000239,-0.04375
7.91840000239,-0.059375
7.91860000239,-0.059375
7.91880000239,-0.04375
7.91900000239,-0.04375
7.91920000239,-0.04375
7.91940000239,-0.04375
7.91960000239,-0.04375
7.91980000239,-0.04375
7.92000000239,-0.04375
7.92020000239,-0.04375
7.92040000239,-0.04375
7.92060000239,-0.028125
7.92080000239,-0.04375
7.92100000239,-0.04375
7.92120000239,-0.059375
7.92140000239,-0.04375
7.92160000239,-0.04375
7.92180000239,-0.04375
7.92200000239,-0.059375
7.92220000239,-0.059375
7.92240000239,-0.059375
7.92260000239,-0.04375
7.92280000239,-0.059375
7.92300000239,-0.04375
7.92320000239,-0.04375
7.92340000239,-0.04375
7.92360000239,-0.04375
7.92380000239,-0.04375
7.92400000239,-0.04375
7.92420000239,-0.04375
7.92440000239,-0.04375
7.92460000239,-0.059375
7.92480000239,-0.04375
7.92500000239,-0.04375
7.92520000239,-0.04375
7.92540000239,-0.028125
7.92560000239,-0.04375
7.92580000239,-0.04375
7.92600000239,-0.04375
7.92620000239,-0.04375
7.92640000239,-0.04375
7.92660000239,-0.04375
7.92680000239,-0.04375
7.92700000239,-0.04375
7.92720000239,-0.04375
7.92740000239,-0.04375
7.92760000239,-0.04375
7.92780000239,-0.059375
7.92800000239,-0.04375
7.92820000239,-0.04375
7.92840000239,-0.059375
7.92860000239,-0.04375
7.92880000239,-0.059375
7.92900000239,-0.04375
7.92920000239,-0.028125
7.92940000239,-0.059375
7.92960000239,-0.059375
7.92980000239,-0.04375
7.93000000239,-0.04375
7.93020000239,-0.059375
7.93040000239,-0.04375
7.93060000239,-0.04375
7.93080000239,-0.04375
7.93100000239,-0.04375
7.93120000239,-0.04375
7.93140000239,-0.04375
7.93160000239,-0.04375
7.93180000239,-0.04375
7.93200000239,-0.04375
7.93220000239,-0.059375
7.93240000239,-0.04375
7.93260000239,-0.059375
7.93280000239,-0.04375
7.93300000239,-0.059375
7.93320000239,-0.04375
7.93340000239,-0.059375
7.93360000239,-0.059375
7.93380000239,-0.04375
7.93400000239,-0.04375
7.93420000239,-0.059375
7.93440000239,-0.059375
7.93460000239,-0.028125
7.93480000239,-0.028125
7.93500000239,-0.04375
7.93520000239,-0.04375
7.93540000239,-0.04375
7.93560000239,-0.04375
7.93580000239,-0.059375
7.93600000239,-0.04375
7.93620000239,-0.059375
7.93640000239,-0.04375
7.93660000239,-0.04375
7.93680000239,-0.04375
7.93700000239,-0.04375
7.93720000239,-0.059375
7.93740000239,-0.04375
7.93760000239,-0.04375
7.93780000239,-0.04375
7.93800000239,-0.04375
7.93820000239,-0.04375
7.93840000239,-0.059375
7.93860000239,-0.04375
7.93880000239,-0.04375
7.93900000239,-0.04375
7.93920000239,-0.04375
7.93940000239,-0.04375
7.93960000239,-0.04375
7.93980000239,-0.028125
7.94000000239,-0.04375
7.94020000239,-0.059375
7.94040000239,-0.04375
7.94060000239,-0.04375
7.94080000239,-0.04375
7.94100000239,-0.04375
7.94120000239,-0.04375
7.94140000239,-0.04375
7.94160000239,-0.059375
7.94180000239,-0.04375
7.94200000239,-0.059375
7.94220000239,-0.028125
7.94240000239,-0.059375
7.94260000239,-0.04375
7.94280000239,-0.059375
7.94300000239,-0.059375
7.94320000239,-0.04375
7.94340000239,-0.04375
7.94360000239,-0.04375
7.94380000239,-0.04375
7.94400000239,-0.059375
7.94420000239,-0.059375
7.94440000239,-0.04375
7.94460000239,-0.028125
7.94480000239,-0.04375
7.94500000239,-0.04375
7.94520000239,-0.059375
7.94540000239,-0.04375
7.94560000239,-0.059375
7.94580000239,-0.059375
7.94600000239,-0.059375
7.94620000239,-0.04375
7.94640000239,-0.04375
7.94660000239,-0.04375
7.94680000239,-0.028125
7.94700000239,-0.028125
7.94720000239,-0.04375
7.94740000239,-0.028125
7.94760000239,-0.04375
7.94780000239,-0.059375
7.94800000239,-0.059375
7.94820000239,-0.059375
7.94840000239,-0.028125
7.94860000239,-0.04375
7.94880000239,-0.04375
7.94900000239,-0.04375
7.94920000239,-0.04375
7.94940000239,-0.059375
7.94960000239,-0.04375
7.94980000239,-0.059375
7.95000000239,-0.059375
7.95020000239,-0.04375
7.95040000239,-0.059375
7.95060000239,-0.059375
7.95080000239,-0.059375
7.95100000239,-0.04375
7.95120000239,-0.059375
7.95140000239,-0.04375
7.95160000239,-0.04375
7.95180000239,-0.059375
7.95200000239,-0.04375
7.95220000239,-0.04375
7.95240000239,-0.04375
7.95260000239,-0.04375
7.95280000239,-0.04375
7.95300000239,-0.059375
7.95320000239,-0.028125
7.95340000239,-0.059375
7.95360000239,-0.04375
7.95380000239,-0.04375
7.95400000239,-0.059375
7.95420000239,-0.04375
7.95440000239,-0.04375
7.95460000239,-0.059375
7.95480000239,-0.059375
7.95500000239,-0.04375
7.95520000239,-0.04375
7.95540000239,-0.04375
7.95560000239,-0.059375
7.95580000239,-0.04375
7.95600000239,-0.04375
7.95620000239,-0.04375
7.95640000239,-0.04375
7.95660000239,-0.04375
7.95680000239,-0.04375
7.95700000239,-0.059375
7.95720000239,-0.059375
7.95740000239,-0.04375
7.95760000239,-0.059375
7.95780000239,-0.059375
7.95800000239,-0.04375
7.95820000239,-0.04375
7.95840000239,-0.04375
7.95860000239,-0.059375
7.95880000239,-0.04375
7.95900000239,-0.059375
7.95920000239,-0.04375
7.95940000239,-0.04375
7.95960000239,-0.059375
7.95980000239,-0.04375
7.96000000239,-0.059375
7.96020000239,-0.04375
7.96040000239,-0.059375
7.96060000239,-0.04375
7.96080000239,-0.04375
7.96100000239,-0.04375
7.96120000239,-0.059375
7.96140000239,-0.04375
7.96160000239,-0.059375
7.96180000239,-0.04375
7.96200000239,-0.04375
7.96220000239,-0.059375
7.96240000239,-0.04375
7.96260000239,-0.075
7.96280000239,-0.04375
7.96300000239,-0.04375
7.96320000239,-0.04375
7.96340000239,-0.059375
7.96360000239,-0.059375
7.96380000239,-0.04375
7.96400000239,-0.059375
7.96420000239,-0.059375
7.96440000239,-0.059375
7.96460000239,-0.059375
7.96480000239,-0.04375
7.96500000239,-0.04375
7.96520000239,-0.04375
7.96540000239,-0.04375
7.96560000239,-0.04375
7.96580000239,-0.059375
7.96600000239,-0.04375
7.96620000239,-0.04375
7.96640000239,-0.04375
7.96660000239,-0.04375
7.96680000239,-0.059375
7.96700000239,-0.04375
7.96720000239,-0.04375
7.96740000239,-0.059375
7.96760000239,-0.028125
7.96780000239,-0.04375
7.96800000239,-0.04375
7.96820000239,-0.04375
7.96840000239,-0.059375
7.96860000239,-0.04375
7.96880000239,-0.059375
7.96900000239,-0.04375
7.96920000239,-0.059375
7.96940000239,-0.04375
7.96960000239,-0.059375
7.96980000239,-0.04375
7.97000000239,-0.04375
7.97020000239,-0.04375
7.97040000239,-0.059375
7.97060000239,-0.04375
7.97080000239,-0.059375
7.97100000239,-0.04375
7.97120000239,-0.04375
7.97140000239,-0.04375
7.97160000239,-0.059375
7.97180000239,-0.059375
7.97200000239,-0.059375
7.97220000239,-0.028125
7.97240000239,-0.04375
7.97260000239,-0.04375
7.97280000239,-0.04375
7.97300000239,-0.04375
7.97320000239,-0.04375
7.97340000239,-0.04375
7.97360000239,-0.04375
7.97380000239,-0.04375
7.97400000239,-0.059375
7.97420000239,-0.04375
7.97440000239,-0.04375
7.97460000239,-0.059375
7.97480000239,-0.059375
7.97500000239,-0.04375
7.97520000239,-0.059375
7.97540000239,-0.04375
7.97560000239,-0.04375
7.97580000239,-0.059375
7.97600000239,-0.04375
7.97620000239,-0.059375
7.97640000239,-0.04375
7.97660000239,-0.059375
7.97680000239,-0.04375
7.97700000239,-0.059375
7.97720000239,-0.04375
7.97740000239,-0.04375
7.97760000239,-0.04375
7.97780000239,-0.028125
7.97800000239,-0.04375
7.97820000239,-0.04375
7.97840000239,-0.059375
7.97860000239,-0.04375
7.97880000239,-0.028125
7.97900000239,-0.04375
7.97920000239,-0.059375
7.97940000239,-0.04375
7.97960000239,-0.059375
7.97980000239,-0.04375
7.98000000239,-0.059375
7.98020000239,-0.059375
7.98040000239,-0.075
7.98060000239,-0.059375
7.98080000239,-0.059375
7.98100000239,-0.04375
7.98120000239,-0.04375
7.98140000239,-0.04375
7.98160000239,-0.059375
7.98180000239,-0.04375
7.98200000239,-0.04375
7.98220000239,-0.04375
7.98240000239,-0.04375
7.98260000239,-0.059375
7.98280000239,-0.028125
7.98300000239,-0.04375
7.98320000239,-0.028125
7.98340000239,-0.059375
7.98360000239,-0.04375
7.98380000239,-0.059375
7.98400000239,-0.059375
7.98420000239,-0.059375
7.98440000239,-0.059375
7.98460000239,-0.04375
7.98480000239,-0.04375
7.98500000239,-0.04375
7.98520000239,-0.059375
7.98540000239,-0.059375
7.98560000239,-0.059375
7.98580000239,-0.04375
7.98600000239,-0.04375
7.98620000239,-0.059375
7.98640000239,-0.04375
7.98660000239,-0.028125
7.98680000239,-0.059375
7.98700000239,-0.04375
7.98720000239,-0.059375
7.98740000239,-0.04375
7.98760000239,-0.059375
7.98780000239,-0.04375
7.98800000239,-0.059375
7.98820000239,-0.059375
7.98840000239,-0.059375
7.98860000239,-0.04375
7.98880000239,-0.059375
7.98900000239,-0.059375
7.98920000239,-0.04375
7.98940000239,-0.04375
7.98960000239,-0.059375
7.98980000239,-0.04375
7.99000000239,-0.04375
7.99020000239,-0.04375
7.99040000239,-0.04375
7.99060000239,-0.04375
7.99080000239,-0.059375
7.99100000239,-0.04375
7.99120000239,-0.059375
7.99140000239,-0.059375
7.99160000239,-0.04375
7.99180000239,-0.04375
7.99200000239,-0.059375
7.99220000239,-0.04375
7.99240000239,-0.04375
7.99260000239,-0.04375
7.99280000239,-0.04375
7.99300000239,-0.059375
7.99320000239,-0.059375
7.99340000239,-0.059375
7.99360000239,-0.028125
7.99380000239,-0.04375
7.99400000239,-0.04375
7.99420000239,-0.059375
7.99440000239,-0.059375
7.99460000239,-0.04375
7.99480000239,-0.04375
7.99500000239,-0.059375
7.99520000239,-0.04375
7.99540000239,-0.04375
7.99560000239,-0.04375
7.99580000239,-0.04375
7.99600000239,-0.059375
7.99620000239,-0.04375
7.99640000239,-0.059375
7.99660000239,-0.028125
7.99680000239,-0.04375
7.99700000239,-0.04375
7.99720000239,-0.04375
7.99740000239,-0.059375
7.99760000239,-0.04375
7.99780000239,-0.059375
7.99800000239,-0.059375
7.99820000239,-0.059375
7.99840000239,-0.059375
7.99860000239,-0.059375
7.99880000239,-0.059375
7.99900000239,-0.04375
7.99920000239,-0.04375
7.99940000239,-0.04375
7.99960000239,-0.059375
7.99980000239,-0.059375
8.00000000239,-0.059375
8.00020000239,-0.04375
8.00040000239,-0.04375
8.00060000239,-0.04375
8.00080000239,-0.04375
8.00100000239,-0.04375
8.00120000239,-0.04375
8.00140000239,-0.059375
8.00160000239,-0.059375
8.00180000239,-0.04375
8.00200000239,-0.059375
8.00220000239,-0.075
8.00240000239,-0.04375
8.00260000239,-0.028125
8.00280000239,-0.059375
8.00300000239,-0.04375
8.00320000239,-0.04375
8.00340000239,-0.028125
8.00360000239,-0.059375
8.00380000239,-0.04375
8.00400000239,-0.04375
8.00420000239,-0.04375
8.00440000239,-0.059375
8.00460000239,-0.04375
8.00480000239,-0.04375
8.00500000239,-0.075
8.00520000239,-0.04375
8.00540000239,-0.04375
8.00560000239,-0.04375
8.00580000239,-0.04375
8.00600000239,-0.04375
8.00620000239,-0.059375
8.00640000239,-0.028125
8.00660000239,-0.04375
8.00680000239,-0.059375
8.00700000239,-0.059375
8.00720000239,-0.04375
8.00740000239,-0.04375
8.00760000239,-0.059375
8.00780000239,-0.04375
8.00800000239,-0.059375
8.00820000239,-0.059375
8.00840000239,-0.059375
8.00860000239,-0.04375
8.00880000239,-0.04375
8.00900000239,-0.04375
8.00920000239,-0.04375
8.00940000239,-0.028125
8.00960000239,-0.04375
8.00980000239,-0.059375
8.01000000239,-0.04375
8.01020000239,-0.04375
8.01040000239,-0.04375
8.01060000239,-0.04375
8.01080000239,-0.059375
8.01100000239,-0.04375
8.01120000239,-0.059375
8.01140000239,-0.04375
8.01160000239,-0.04375
8.01180000239,-0.04375
8.01200000239,-0.04375
8.01220000239,-0.04375
8.01240000239,-0.059375
8.01260000239,-0.028125
8.01280000239,-0.04375
8.01300000239,-0.028125
8.01320000239,-0.059375
8.01340000239,-0.059375
8.01360000239,-0.059375
8.01380000239,-0.059375
8.01400000239,-0.059375
8.01420000239,-0.059375
8.01440000239,-0.059375
8.01460000239,-0.04375
8.01480000239,-0.04375
8.01500000239,-0.04375
8.01520000239,-0.059375
8.01540000239,-0.059375
8.01560000239,-0.028125
8.01580000239,-0.059375
8.01600000239,-0.059375
8.01620000239,-0.04375
8.01640000239,-0.028125
8.01660000239,-0.059375
8.01680000239,-0.04375
8.01700000239,-0.059375
8.01720000239,-0.04375
8.01740000239,-0.059375
8.01760000239,-0.04375
8.01780000239,-0.04375
8.01800000239,-0.059375
8.01820000239,-0.059375
8.01840000239,-0.059375
8.01860000239,-0.04375
8.01880000239,-0.059375
8.01900000239,-0.059375
8.01920000239,-0.04375
8.01940000239,-0.04375
8.01960000239,-0.04375
8.01980000239,-0.04375
8.02000000239,-0.059375
8.02020000239,-0.059375
8.02040000239,-0.04375
8.02060000239,-0.059375
8.02080000239,-0.04375
8.02100000239,-0.04375
8.02120000239,-0.059375
8.02140000239,-0.04375
8.02160000239,-0.028125
8.02180000239,-0.04375
8.02200000239,-0.059375
8.02220000239,-0.04375
8.02240000239,-0.04375
8.02260000239,-0.04375
8.02280000239,-0.04375
8.02300000239,-0.059375
8.02320000239,-0.04375
8.02340000239,-0.059375
8.02360000239,-0.059375
8.02380000239,-0.04375
8.02400000239,-0.04375
8.02420000239,-0.04375
8.02440000239,-0.059375
8.02460000239,-0.059375
8.02480000239,-0.059375
8.02500000239,-0.059375
8.02520000239,-0.04375
8.02540000239,-0.04375
8.02560000239,-0.028125
8.02580000239,-0.04375
8.02600000239,-0.04375
8.02620000239,-0.04375
8.02640000239,-0.059375
8.02660000239,-0.059375
8.02680000239,-0.04375
8.02700000239,-0.04375
8.02720000239,-0.04375
8.02740000239,-0.04375
8.02760000239,-0.059375
8.02780000239,-0.04375
8.02800000239,-0.059375
8.02820000239,-0.04375
8.02840000239,-0.04375
8.02860000239,-0.059375
8.02880000239,-0.059375
8.02900000239,-0.059375
8.02920000239,-0.04375
8.02940000239,-0.04375
8.02960000239,-0.04375
8.02980000239,-0.059375
8.03000000239,-0.04375
8.03020000239,-0.04375
8.03040000239,-0.04375
8.03060000239,-0.04375
8.03080000239,-0.028125
8.03100000239,-0.059375
8.03120000239,-0.04375
8.03140000239,-0.04375
8.03160000239,-0.059375
8.03180000239,-0.04375
8.03200000239,-0.059375
8.03220000239,-0.059375
8.03240000239,-0.04375
8.03260000239,-0.059375
8.03280000239,-0.04375
8.03300000239,-0.04375
8.03320000239,-0.04375
8.03340000239,-0.04375
8.03360000239,-0.04375
8.03380000239,-0.059375
8.03400000239,-0.04375
8.03420000239,-0.04375
8.03440000239,-0.04375
8.03460000239,-0.059375
8.03480000239,-0.04375
8.03500000239,-0.04375
8.03520000239,-0.059375
8.03540000239,-0.04375
8.03560000239,-0.059375
8.03580000239,-0.028125
8.03600000239,-0.059375
8.03620000239,-0.028125
8.03640000239,-0.059375
8.03660000239,-0.04375
8.03680000239,-0.04375
8.03700000239,-0.04375
8.03720000239,-0.04375
8.03740000239,-0.04375
8.03760000239,-0.04375
8.03780000239,-0.04375
8.03800000239,-0.059375
8.03820000239,-0.059375
8.03840000239,-0.04375
8.03860000239,-0.059375
8.03880000239,-0.04375
8.03900000239,-0.059375
8.03920000239,-0.04375
8.03940000239,-0.04375
8.03960000239,-0.04375
8.03980000239,-0.059375
8.04000000239,-0.04375
8.04020000239,-0.059375
8.04040000239,-0.04375
8.04060000239,-0.059375
8.04080000239,-0.059375
8.04100000239,-0.059375
8.04120000239,-0.059375
8.04140000239,-0.04375
8.04160000239,-0.04375
8.04180000239,-0.04375
8.04200000239,-0.059375
8.04220000239,-0.04375
8.04240000239,-0.059375
8.04260000239,-0.059375
8.04280000239,-0.059375
8.04300000239,-0.04375
8.04320000239,-0.059375
8.04340000239,-0.04375
8.04360000239,-0.04375
8.04380000239,-0.04375
8.04400000239,-0.04375
8.04420000239,-0.04375
8.04440000239,-0.04375
8.04460000239,-0.059375
8.04480000239,-0.059375
8.04500000239,-0.059375
8.04520000239,-0.059375
8.04540000239,-0.059375
8.04560000239,-0.059375
8.04580000239,-0.04375
8.04600000239,-0.04375
8.04620000239,-0.04375
8.04640000239,-0.059375
8.04660000239,-0.059375
8.04680000239,-0.04375
8.04700000239,-0.028125
8.04720000239,-0.04375
8.04740000239,-0.04375
8.04760000239,-0.059375
8.04780000239,-0.04375
8.04800000239,-0.04375
8.04820000239,-0.059375
8.04840000239,-0.04375
8.04860000239,-0.04375
8.04880000239,-0.059375
8.04900000239,-0.028125
8.04920000239,-0.04375
8.04940000239,-0.04375
8.04960000239,-0.059375
8.04980000239,-0.028125
8.05000000239,-0.04375
8.05020000239,-0.04375
8.05040000239,-0.04375
8.05060000239,-0.04375
8.05080000239,-0.075
8.05100000239,-0.059375
8.05120000239,-0.059375
8.05140000239,-0.059375
8.05160000239,-0.059375
8.05180000239,-0.028125
8.05200000239,-0.059375
8.05220000239,-0.059375
8.05240000239,-0.059375
8.05260000239,-0.059375
8.05280000239,-0.04375
8.05300000239,-0.059375
8.05320000239,-0.059375
8.05340000239,-0.028125
8.05360000239,-0.059375
8.05380000239,-0.028125
8.05400000239,-0.04375
8.05420000239,-0.04375
8.05440000239,-0.04375
8.05460000239,-0.028125
8.05480000239,-0.04375
8.05500000239,-0.059375
8.05520000239,-0.059375
8.05540000239,-0.04375
8.05560000239,-0.059375
8.05580000239,-0.04375
8.05600000239,-0.059375
8.05620000239,-0.04375
8.05640000239,-0.04375
8.05660000239,-0.04375
8.05680000239,-0.04375
8.05700000239,-0.04375
8.05720000239,-0.04375
8.05740000239,-0.04375
8.05760000239,-0.04375
8.05780000239,-0.04375
8.05800000239,-0.059375
8.05820000239,-0.059375
8.05840000239,-0.028125
8.05860000239,-0.04375
8.05880000239,-0.059375
8.05900000239,-0.059375
8.05920000239,-0.04375
8.05940000239,-0.059375
8.05960000239,-0.059375
8.05980000239,-0.028125
8.06000000239,-0.059375
8.06020000239,-0.059375
8.06040000239,-0.04375
8.06060000239,-0.04375
8.06080000239,-0.059375
8.06100000239,-0.04375
8.06120000239,-0.059375
8.06140000239,-0.04375
8.06160000239,-0.04375
8.06180000239,-0.04375
8.06200000239,-0.04375
8.06220000239,-0.04375
8.06240000239,-0.04375
8.06260000239,-0.04375
8.06280000239,-0.04375
8.06300000239,-0.059375
8.06320000239,-0.04375
8.06340000239,-0.059375
8.06360000239,-0.028125
8.06380000239,-0.059375
8.06400000239,-0.04375
8.06420000239,-0.059375
8.06440000239,-0.059375
8.06460000239,-0.04375
8.06480000239,-0.04375
8.06500000239,-0.059375
8.06520000239,-0.059375
8.06540000239,-0.04375
8.06560000239,-0.04375
8.06580000239,-0.059375
8.06600000239,-0.059375
8.06620000239,-0.059375
8.06640000239,-0.059375
8.06660000239,-0.059375
8.06680000239,-0.04375
8.06700000239,-0.059375
8.06720000239,-0.04375
8.06740000239,-0.04375
8.06760000239,-0.04375
8.06780000239,-0.059375
8.06800000239,-0.059375
8.06820000239,-0.04375
8.06840000239,-0.04375
8.06860000239,-0.04375
8.06880000239,-0.04375
8.06900000239,-0.04375
8.06920000239,-0.059375
8.06940000239,-0.04375
8.06960000239,-0.059375
8.06980000239,-0.059375
8.07000000239,-0.04375
8.07020000239,-0.059375
8.07040000239,-0.04375
8.07060000239,-0.04375
8.07080000239,-0.04375
8.07100000239,-0.04375
8.07120000239,-0.04375
8.07140000239,-0.04375
8.07160000239,-0.04375
8.07180000239,-0.059375
8.07200000239,-0.04375
8.07220000239,-0.04375
8.07240000239,-0.04375
8.07260000239,-0.059375
8.07280000239,-0.059375
8.07300000239,-0.04375
8.07320000239,-0.04375
8.07340000239,-0.04375
8.07360000239,-0.04375
8.07380000239,-0.059375
8.07400000239,-0.04375
8.07420000239,-0.04375
8.07440000239,-0.04375
8.07460000239,-0.059375
8.07480000239,-0.04375
8.07500000239,-0.04375
8.07520000239,-0.04375
8.07540000239,-0.04375
8.07560000239,-0.04375
8.07580000239,-0.04375
8.07600000239,-0.059375
8.07620000239,-0.04375
8.07640000239,-0.059375
8.07660000239,-0.059375
8.07680000239,-0.028125
8.07700000239,-0.028125
8.07720000239,-0.04375
8.07740000239,-0.028125
8.07760000239,-0.04375
8.07780000239,-0.04375
8.07800000239,-0.04375
8.07820000239,-0.059375
8.07840000239,-0.04375
8.07860000239,-0.059375
8.07880000239,-0.028125
8.07900000239,-0.04375
8.07920000239,-0.04375
8.07940000239,-0.04375
8.07960000239,-0.059375
8.07980000239,-0.028125
8.08000000239,-0.04375
8.08020000239,-0.04375
8.08040000239,-0.04375
8.08060000239,-0.059375
8.08080000239,-0.04375
8.08100000239,-0.04375
8.08120000239,-0.04375
8.08140000239,-0.04375
8.08160000239,-0.04375
8.08180000239,-0.04375
8.08200000239,-0.059375
8.08220000239,-0.04375
8.08240000239,-0.04375
8.08260000239,-0.059375
8.08280000239,-0.059375
8.08300000239,-0.059375
8.08320000239,-0.04375
8.08340000239,-0.04375
8.08360000239,-0.059375
8.08380000239,-0.04375
8.08400000239,-0.04375
8.08420000239,-0.04375
8.08440000239,-0.059375
8.08460000239,-0.04375
8.08480000239,-0.059375
8.08500000239,-0.04375
8.08520000239,-0.059375
8.08540000239,-0.04375
8.08560000239,-0.04375
8.08580000239,-0.04375
8.08600000239,-0.059375
8.08620000239,-0.04375
8.08640000239,-0.059375
8.08660000239,-0.04375
8.08680000239,-0.04375
8.08700000239,-0.04375
8.08720000239,-0.04375
8.08740000239,-0.04375
8.08760000239,-0.059375
8.08780000239,-0.059375
8.08800000239,-0.04375
8.08820000239,-0.04375
8.08840000239,-0.059375
8.08860000239,-0.04375
8.08880000239,-0.04375
8.08900000239,-0.04375
8.08920000239,-0.059375
8.08940000239,-0.04375
8.08960000239,-0.04375
8.08980000239,-0.059375
8.09000000239,-0.04375
8.09020000239,-0.059375
8.09040000239,-0.04375
8.09060000239,-0.04375
8.09080000239,-0.04375
8.09100000239,-0.059375
8.09120000239,-0.04375
8.09140000239,-0.059375
8.09160000239,-0.04375
8.09180000239,-0.059375
8.09200000239,-0.059375
8.09220000239,-0.04375
8.09240000239,-0.04375
8.09260000239,-0.04375
8.09280000239,-0.04375
8.09300000239,-0.04375
8.09320000239,-0.059375
8.09340000239,-0.04375
8.09360000239,-0.04375
8.09380000239,-0.028125
8.09400000239,-0.059375
8.09420000239,-0.04375
8.09440000239,-0.04375
8.09460000239,-0.04375
8.09480000239,-0.04375
8.09500000239,-0.04375
8.09520000239,-0.028125
8.09540000239,-0.04375
8.09560000239,-0.04375
8.09580000239,-0.028125
8.09600000239,-0.04375
8.09620000239,-0.04375
8.09640000239,-0.059375
8.09660000239,-0.059375
8.09680000239,-0.04375
8.09700000239,-0.059375
8.09720000239,-0.059375
8.09740000239,-0.059375
8.09760000239,-0.04375
8.09780000239,-0.059375
8.09800000239,-0.04375
8.09820000239,-0.04375
8.09840000239,-0.04375
8.09860000239,-0.059375
8.09880000239,-0.04375
8.09900000239,-0.04375
8.09920000239,-0.059375
8.09940000239,-0.04375
8.09960000239,-0.059375
8.09980000239,-0.04375
8.10000000239,-0.028125
8.10020000239,-0.04375
8.10040000239,-0.059375
8.10060000239,-0.059375
8.10080000239,-0.059375
8.10100000239,-0.04375
8.10120000239,-0.04375
8.10140000239,-0.04375
8.10160000239,-0.04375
8.10180000239,-0.04375
8.10200000239,-0.04375
8.10220000239,-0.04375
8.10240000239,-0.059375
8.10260000239,-0.059375
8.10280000239,-0.04375
8.10300000239,-0.04375
8.10320000239,-0.04375
8.10340000239,-0.028125
8.10360000239,-0.04375
8.10380000239,-0.04375
8.10400000239,-0.059375
8.10420000239,-0.059375
8.10440000239,-0.059375
8.10460000239,-0.04375
8.10480000239,-0.04375
8.10500000239,-0.04375
8.10520000239,-0.04375
8.10540000239,-0.04375
8.10560000239,-0.04375
8.10580000239,-0.04375
8.10600000239,-0.04375
8.10620000239,-0.04375
8.10640000239,-0.059375
8.10660000239,-0.04375
8.10680000239,-0.028125
8.10700000239,-0.04375
8.10720000239,-0.04375
8.10740000239,-0.04375
8.10760000239,-0.04375
8.10780000239,-0.04375
8.10800000239,-0.059375
8.10820000239,-0.04375
8.10840000239,-0.04375
8.10860000239,-0.059375
8.10880000239,-0.04375
8.10900000239,-0.04375
8.10920000239,-0.04375
8.10940000239,-0.04375
8.10960000239,-0.04375
8.10980000239,-0.04375
8.11000000239,-0.04375
8.11020000239,-0.04375
8.11040000239,-0.04375
8.11060000239,-0.04375
8.11080000239,-0.059375
8.11100000239,-0.04375
8.11120000239,-0.04375
8.11140000239,-0.059375
8.11160000239,-0.028125
8.11180000239,-0.04375
8.11200000239,-0.04375
8.11220000239,-0.04375
8.11240000239,-0.04375
8.11260000239,-0.059375
8.11280000239,-0.028125
8.11300000239,-0.059375
8.11320000239,-0.04375
8.11340000239,-0.059375
8.11360000239,-0.04375
8.11380000239,-0.04375
8.11400000239,-0.04375
8.11420000239,-0.028125
8.11440000239,-0.04375
8.11460000239,-0.059375
8.11480000239,-0.04375
8.11500000239,-0.059375
8.11520000239,-0.04375
8.11540000239,-0.04375
8.11560000239,-0.04375
8.11580000239,-0.059375
8.11600000239,-0.04375
8.11620000239,-0.028125
8.11640000239,-0.04375
8.11660000239,-0.04375
8.11680000239,-0.04375
8.11700000239,-0.028125
8.11720000239,-0.04375
8.11740000239,-0.04375
8.11760000239,-0.059375
8.11780000239,-0.04375
8.11800000239,-0.04375
8.11820000239,-0.04375
8.11840000239,-0.04375
8.11860000239,-0.059375
8.11880000239,-0.04375
8.11900000239,-0.04375
8.11920000239,-0.04375
8.11940000239,-0.04375
8.11960000239,-0.059375
8.11980000239,-0.04375
8.12000000239,-0.028125
8.12020000239,-0.04375
8.12040000239,-0.04375
8.12060000239,-0.059375
8.12080000239,-0.059375
8.12100000239,-0.04375
8.12120000239,-0.04375
8.12140000239,-0.04375
8.12160000239,-0.04375
8.12180000239,-0.059375
8.12200000239,-0.04375
8.12220000239,-0.04375
8.12240000239,-0.04375
8.12260000239,-0.04375
8.12280000239,-0.04375
8.12300000239,-0.04375
8.12320000239,-0.04375
8.12340000239,-0.059375
8.12360000239,-0.04375
8.12380000239,-0.04375
8.12400000239,-0.059375
8.12420000239,-0.028125
8.12440000239,-0.04375
8.12460000239,-0.059375
8.12480000239,-0.028125
8.12500000239,-0.04375
8.12520000239,-0.04375
8.12540000239,-0.04375
8.12560000239,-0.04375
8.12580000239,-0.059375
8.12600000239,-0.04375
8.12620000239,-0.04375
8.12640000239,-0.028125
8.12660000239,-0.04375
8.12680000239,-0.04375
8.12700000239,-0.04375
8.12720000239,-0.04375
8.12740000239,-0.059375
8.12760000239,-0.04375
8.12780000239,-0.04375
8.12800000239,-0.028125
8.12820000239,-0.028125
8.12840000239,-0.028125
8.12860000239,-0.059375
8.12880000239,-0.028125
8.12900000239,-0.028125
8.12920000239,-0.04375
8.12940000239,-0.028125
8.12960000239,-0.028125
8.12980000239,-0.028125
8.13000000239,-0.04375
8.13020000239,-0.04375
8.13040000239,-0.04375
8.13060000239,-0.028125
8.13080000239,-0.04375
8.13100000239,-0.04375
8.13120000239,-0.04375
8.13140000239,-0.04375
8.13160000239,-0.04375
8.13180000239,-0.04375
8.13200000239,-0.04375
8.13220000239,-0.04375
8.13240000239,-0.04375
8.13260000239,-0.059375
8.13280000239,-0.028125
8.13300000239,-0.04375
8.13320000239,-0.04375
8.13340000239,-0.04375
8.13360000239,-0.059375
8.13380000239,-0.028125
8.13400000239,-0.04375
8.13420000239,-0.059375
8.13440000239,-0.028125
8.13460000239,-0.028125
8.13480000239,-0.059375
8.13500000239,-0.059375
8.13520000239,-0.04375
8.13540000239,-0.04375
8.13560000239,-0.04375
8.13580000239,-0.059375
8.13600000239,-0.04375
8.13620000239,-0.04375
8.13640000239,-0.04375
8.13660000239,-0.04375
8.13680000239,-0.04375
8.13700000239,-0.04375
8.13720000239,-0.04375
8.13740000239,-0.04375
8.13760000239,-0.04375
8.13780000239,-0.059375
8.13800000239,-0.04375
8.13820000239,-0.04375
8.13840000239,-0.04375
8.13860000239,-0.04375
8.13880000239,-0.04375
8.13900000239,-0.04375
8.13920000239,-0.04375
8.13940000239,-0.04375
8.13960000239,-0.04375
8.13980000239,-0.04375
8.14000000239,-0.04375
8.14020000239,-0.04375
8.14040000239,-0.04375
8.14060000239,-0.04375
8.14080000239,-0.059375
8.14100000239,-0.04375
8.14120000239,-0.028125
8.14140000239,-0.028125
8.14160000239,-0.04375
8.14180000239,-0.04375
8.14200000239,-0.04375
8.14220000239,-0.059375
8.14240000239,-0.04375
8.14260000239,-0.04375
8.14280000239,-0.028125
8.14300000239,-0.059375
8.14320000239,-0.04375
8.14340000239,-0.04375
8.14360000239,-0.028125
8.14380000239,-0.04375
8.14400000239,-0.028125
8.14420000239,-0.04375
8.14440000239,-0.028125
8.14460000239,-0.04375
8.14480000239,-0.04375
8.14500000239,-0.04375
8.14520000239,-0.04375
8.14540000239,-0.04375
8.14560000239,-0.028125
8.14580000239,-0.028125
8.14600000239,-0.028125
8.14620000239,-0.04375
8.14640000239,-0.04375
8.14660000239,-0.04375
8.14680000239,-0.04375
8.14700000239,-0.04375
8.14720000239,-0.059375
8.14740000239,-0.04375
8.14760000239,-0.04375
8.14780000239,-0.028125
8.14800000239,-0.028125
8.14820000239,-0.028125
8.14840000239,-0.028125
8.14860000239,-0.059375
8.14880000239,-0.04375
8.14900000239,-0.04375
8.14920000239,-0.028125
8.14940000239,-0.028125
8.14960000239,-0.04375
8.14980000239,-0.028125
8.15000000239,-0.04375
8.15020000239,-0.04375
8.15040000239,-0.04375
8.15060000239,-0.04375
8.15080000239,-0.04375
8.15100000239,-0.028125
8.15120000239,-0.04375
8.15140000239,-0.04375
8.15160000239,-0.028125
8.15180000239,-0.04375
8.15200000239,-0.04375
8.15220000239,-0.028125
8.15240000239,-0.04375
8.15260000239,-0.04375
8.15280000239,-0.028125
8.15300000239,-0.028125
8.15320000239,-0.04375
8.15340000239,-0.04375
8.15360000239,-0.028125
8.15380000239,-0.04375
8.15400000239,-0.04375
8.15420000239,-0.04375
8.15440000239,-0.04375
8.15460000239,-0.04375
8.15480000239,-0.04375
8.15500000239,-0.04375
8.15520000239,-0.028125
8.15540000239,-0.04375
8.15560000239,-0.04375
8.15580000239,-0.028125
8.15600000239,-0.04375
8.15620000239,-0.04375
8.15640000239,-0.04375
8.15660000239,-0.028125
8.15680000239,-0.04375
8.15700000239,-0.059375
8.15720000239,-0.028125
8.15740000239,-0.028125
8.15760000239,-0.04375
8.15780000239,-0.04375
8.15800000239,-0.04375
8.15820000239,-0.028125
8.15840000239,-0.04375
8.15860000239,-0.059375
8.15880000239,-0.028125
8.15900000239,-0.04375
8.15920000239,-0.028125
8.15940000239,-0.028125
8.15960000239,-0.028125
8.15980000239,-0.04375
8.16000000239,-0.028125
8.16020000239,-0.04375
8.16040000239,-0.059375
8.16060000239,-0.04375
8.16080000239,-0.059375
8.16100000239,-0.04375
8.16120000239,-0.059375
8.16140000239,-0.028125
8.16160000239,-0.04375
8.16180000239,-0.04375
8.16200000239,-0.04375
8.16220000239,-0.04375
8.16240000239,-0.028125
8.16260000239,-0.04375
8.16280000239,-0.04375
8.16300000239,-0.04375
8.16320000239,-0.04375
8.16340000239,-0.04375
8.16360000239,-0.028125
8.16380000239,-0.04375
8.16400000239,-0.04375
8.16420000239,-0.059375
8.16440000239,-0.059375
8.16460000239,-0.04375
8.16480000239,-0.04375
8.16500000239,-0.04375
8.16520000239,-0.04375
8.16540000239,-0.059375
8.16560000239,-0.04375
8.16580000239,-0.059375
8.16600000239,-0.04375
8.16620000239,-0.028125
8.16640000239,-0.059375
8.16660000239,-0.04375
8.16680000239,-0.04375
8.16700000239,-0.04375
8.16720000239,-0.028125
8.16740000239,-0.04375
8.16760000239,-0.04375
8.16780000239,-0.04375
8.16800000239,-0.028125
8.16820000239,-0.04375
8.16840000239,-0.04375
8.16860000239,-0.04375
8.16880000239,-0.028125
8.16900000239,-0.059375
8.16920000239,-0.028125
8.16940000239,-0.04375
8.16960000239,-0.04375
8.16980000239,-0.028125
8.17000000239,-0.04375
8.17020000239,-0.04375
8.17040000239,-0.04375
8.17060000239,-0.04375
8.17080000239,-0.04375
8.17100000239,-0.04375
8.17120000239,-0.04375
8.17140000239,-0.028125
8.17160000239,-0.059375
8.17180000239,-0.028125
8.17200000239,-0.04375
8.17220000239,-0.028125
8.17240000239,-0.04375
8.17260000239,-0.059375
8.17280000239,-0.059375
8.17300000239,-0.04375
8.17320000239,-0.04375
8.17340000239,-0.04375
8.17360000239,-0.028125
8.17380000239,-0.028125
8.17400000239,-0.04375
8.17420000239,-0.04375
8.17440000239,-0.04375
8.17460000239,-0.04375
8.17480000239,-0.04375
8.17500000239,-0.04375
8.17520000239,-0.028125
8.17540000239,-0.028125
8.17560000239,-0.04375
8.17580000239,-0.04375
8.17600000239,-0.04375
8.17620000239,-0.028125
8.17640000239,-0.028125
8.17660000239,-0.04375
8.17680000239,-0.028125
8.17700000239,-0.04375
8.17720000239,-0.04375
8.17740000239,-0.028125
8.17760000239,-0.04375
8.17780000239,-0.028125
8.17800000239,-0.04375
8.17820000239,-0.04375
8.17840000239,-0.04375
8.17860000239,-0.028125
8.17880000239,-0.028125
8.17900000239,-0.04375
8.17920000239,-0.04375
8.17940000239,-0.028125
8.17960000239,-0.028125
8.17980000239,-0.04375
8.18000000239,-0.028125
8.18020000239,-0.028125
8.18040000239,-0.04375
8.18060000239,-0.059375
8.18080000239,-0.04375
8.18100000239,-0.028125
8.18120000239,-0.028125
8.18140000239,-0.028125
8.18160000239,-0.04375
8.18180000239,-0.04375
8.18200000239,-0.04375
8.18220000239,-0.028125
8.18240000239,-0.04375
8.18260000239,-0.028125
8.18280000239,-0.04375
8.18300000239,-0.028125
8.18320000239,-0.028125
8.18340000239,-0.04375
8.18360000239,-0.04375
8.18380000239,-0.028125
8.18400000239,-0.028125
8.18420000239,-0.028125
8.18440000239,-0.04375
8.18460000239,-0.0125
8.18480000239,-0.04375
8.18500000239,-0.028125
8.18520000239,-0.028125
8.18540000239,-0.04375
8.18560000239,-0.04375
8.18580000239,-0.04375
8.18600000239,-0.04375
8.18620000239,-0.028125
8.18640000239,-0.04375
8.18660000239,-0.028125
8.18680000239,-0.04375
8.18700000239,-0.04375
8.18720000239,-0.04375
8.18740000239,-0.04375
8.18760000239,-0.04375
8.18780000239,-0.04375
8.18800000239,-0.04375
8.18820000239,-0.04375
8.18840000239,-0.028125
8.18860000239,-0.04375
8.18880000239,-0.04375
8.18900000239,-0.04375
8.18920000239,-0.04375
8.18940000239,-0.04375
8.18960000239,-0.04375
8.18980000239,-0.028125
8.19000000239,-0.028125
8.19020000239,-0.04375
8.19040000239,-0.04375
8.19060000239,-0.04375
8.19080000239,-0.04375
8.19100000239,-0.04375
8.19120000239,-0.028125
8.19140000239,-0.04375
8.19160000239,-0.04375
8.19180000239,-0.04375
8.19200000239,-0.028125
8.19220000239,-0.028125
8.19240000239,-0.04375
8.19260000239,-0.04375
8.19280000239,-0.04375
8.19300000239,-0.04375
8.19320000239,-0.028125
8.19340000239,-0.04375
8.19360000239,-0.059375
8.19380000239,-0.04375
8.19400000239,-0.04375
8.19420000239,-0.028125
8.19440000239,-0.028125
8.19460000239,-0.04375
8.19480000239,-0.028125
8.19500000239,-0.028125
8.19520000239,-0.04375
8.19540000239,-0.028125
8.19560000239,-0.04375
8.19580000239,-0.028125
8.19600000239,-0.04375
8.19620000239,-0.04375
8.19640000239,-0.04375
8.19660000239,-0.04375
8.19680000239,-0.04375
8.19700000239,-0.04375
8.19720000239,-0.04375
8.19740000239,-0.028125
8.19760000239,-0.04375
8.19780000239,-0.028125
8.19800000239,-0.04375
8.19820000239,-0.028125
8.19840000239,-0.028125
8.19860000239,-0.04375
8.19880000239,-0.028125
8.19900000239,-0.028125
8.19920000239,-0.04375
8.19940000239,-0.028125
8.19960000239,-0.028125
8.19980000239,-0.04375
8.20000000239,-0.04375
8.20020000239,-0.04375
8.20040000239,-0.059375
8.20060000239,-0.04375
8.20080000239,-0.028125
8.20100000239,-0.028125
8.20120000239,-0.028125
8.20140000239,-0.028125
8.20160000239,-0.028125
8.20180000239,-0.04375
8.20200000239,-0.04375
8.20220000239,-0.028125
8.20240000239,-0.04375
8.20260000239,-0.04375
8.20280000239,-0.028125
8.20300000239,-0.028125
8.20320000239,-0.04375
8.20340000239,-0.04375
8.20360000239,-0.04375
8.20380000239,-0.028125
8.20400000239,-0.04375
8.20420000239,-0.04375
8.20440000239,-0.04375
8.20460000239,-0.028125
8.20480000239,-0.028125
8.20500000239,-0.04375
8.20520000239,-0.04375
8.20540000239,-0.04375
8.20560000239,-0.028125
8.20580000239,-0.028125
8.20600000239,-0.059375
8.20620000239,-0.04375
8.20640000239,-0.04375
8.20660000239,-0.04375
8.20680000239,-0.028125
8.20700000239,-0.04375
8.20720000239,-0.028125
8.20740000239,-0.028125
8.20760000239,-0.028125
8.20780000239,-0.04375
8.20800000239,-0.04375
8.20820000239,-0.04375
8.20840000239,-0.028125
8.20860000239,-0.04375
8.20880000239,-0.028125
8.20900000239,-0.04375
8.20920000239,-0.04375
8.20940000239,-0.04375
8.20960000239,-0.028125
8.20980000239,-0.059375
8.21000000239,-0.028125
8.21020000239,-0.028125
8.21040000239,-0.04375
8.21060000239,-0.04375
8.21080000239,-0.04375
8.21100000239,-0.04375
8.21120000239,-0.04375
8.21140000239,-0.028125
8.21160000239,-0.028125
8.21180000239,-0.04375
8.21200000239,-0.04375
8.21220000239,-0.04375
8.21240000239,-0.028125
8.21260000239,-0.04375
8.21280000239,-0.028125
8.21300000239,-0.04375
8.21320000239,-0.028125
8.21340000239,-0.028125
8.21360000239,-0.04375
8.21380000239,-0.0125
8.21400000239,-0.04375
8.21420000239,-0.028125
8.21440000239,-0.04375
8.21460000239,-0.04375
8.21480000239,-0.028125
8.21500000239,-0.04375
8.21520000239,-0.028125
8.21540000239,-0.04375
8.21560000239,-0.0125
8.21580000239,-0.028125
8.21600000239,-0.04375
8.21620000239,-0.04375
8.21640000239,-0.04375
8.21660000239,-0.028125
8.21680000239,-0.04375
8.21700000239,-0.04375
8.21720000239,-0.04375
8.21740000239,-0.028125
8.21760000239,-0.059375
8.21780000239,-0.04375
8.21800000239,-0.04375
8.21820000239,-0.04375
8.21840000239,-0.028125
8.21860000239,-0.028125
8.21880000239,-0.04375
8.21900000239,-0.028125
8.21920000239,-0.028125
8.21940000239,-0.028125
8.21960000239,-0.028125
8.21980000239,-0.04375
8.22000000239,-0.04375
8.22020000239,-0.028125
8.22040000239,-0.04375
8.22060000239,-0.04375
8.22080000239,-0.028125
8.22100000239,-0.059375
8.22120000239,-0.04375
8.22140000239,-0.028125
8.22160000239,-0.04375
8.22180000239,-0.028125
8.22200000239,-0.028125
8.22220000239,-0.04375
8.22240000239,-0.028125
8.22260000239,-0.04375
8.22280000239,-0.0125
8.22300000239,-0.04375
8.22320000239,-0.028125
8.22340000239,-0.04375
8.22360000239,-0.04375
8.22380000239,-0.04375
8.22400000239,-0.04375
8.22420000239,-0.04375
8.22440000239,-0.04375
8.22460000239,-0.0125
8.22480000239,-0.028125
8.22500000239,-0.028125
8.22520000239,-0.04375
8.22540000239,-0.0125
8.22560000239,-0.04375
8.22580000239,-0.028125
8.22600000239,-0.028125
8.22620000239,-0.04375
8.22640000239,-0.0125
8.22660000239,-0.04375
8.22680000239,-0.028125
8.22700000239,-0.04375
8.22720000239,-0.04375
8.22740000239,-0.028125
8.22760000239,-0.04375
8.22780000239,-0.028125
8.22800000239,-0.0125
8.22820000239,-0.028125
8.22840000239,-0.04375
8.22860000239,-0.04375
8.22880000239,-0.028125
8.22900000239,-0.028125
8.22920000239,-0.04375
8.22940000239,-0.028125
8.22960000239,-0.04375
8.22980000239,-0.028125
8.23000000239,-0.04375
8.23020000239,-0.04375
8.23040000239,-0.04375
8.23060000239,-0.028125
8.23080000239,-0.028125
8.23100000239,-0.028125
8.23120000239,-0.028125
8.23140000239,-0.028125
8.23160000239,-0.04375
8.23180000239,-0.028125
8.23200000239,-0.028125
8.23220000239,-0.04375
8.23240000239,-0.04375
8.23260000239,-0.028125
8.23280000239,-0.0125
8.23300000239,-0.028125
8.23320000239,-0.028125
8.23340000239,-0.04375
8.23360000239,-0.04375
8.23380000239,-0.028125
8.23400000239,-0.04375
8.23420000239,-0.04375
8.23440000239,-0.028125
8.23460000239,-0.04375
8.23480000239,-0.04375
8.23500000239,-0.04375
8.23520000239,-0.04375
8.23540000239,-0.028125
8.23560000239,-0.04375
8.23580000239,-0.04375
8.23600000239,-0.028125
8.23620000239,-0.04375
8.23640000239,-0.028125
8.23660000239,-0.028125
8.23680000239,-0.04375
8.23700000239,-0.028125
8.23720000239,-0.028125
8.23740000239,-0.028125
8.23760000239,-0.028125
8.23780000239,-0.0125
8.23800000239,-0.04375
8.23820000239,-0.028125
8.23840000239,-0.028125
8.23860000239,-0.04375
8.23880000239,-0.028125
8.23900000239,-0.028125
8.23920000239,-0.028125
8.23940000239,-0.028125
8.23960000239,-0.04375
8.23980000239,-0.04375
8.24000000239,-0.028125
8.24020000239,-0.028125
8.24040000239,-0.04375
8.24060000239,-0.04375
8.24080000239,-0.04375
8.24100000239,-0.0125
8.24120000239,-0.04375
8.24140000239,-0.028125
8.24160000239,-0.04375
8.24180000239,-0.0125
8.24200000239,-0.028125
8.24220000239,-0.028125
8.24240000239,-0.0125
8.24260000239,-0.04375
8.24280000239,-0.04375
8.24300000239,-0.04375
8.24320000239,-0.028125
8.24340000239,-0.028125
8.24360000239,-0.028125
8.24380000239,-0.028125
8.24400000239,-0.04375
8.24420000239,-0.028125
8.24440000239,-0.028125
8.24460000239,-0.0125
8.24480000239,-0.028125
8.24500000239,-0.028125
8.24520000239,-0.028125
8.24540000239,-0.028125
8.24560000239,-0.028125
8.24580000239,-0.028125
8.24600000239,-0.028125
8.24620000239,-0.04375
8.24640000239,-0.028125
8.24660000239,-0.028125
8.24680000239,-0.028125
8.24700000239,-0.028125
8.24720000239,-0.028125
8.24740000239,-0.028125
8.24760000239,-0.04375
8.24780000239,-0.028125
8.24800000239,-0.028125
8.24820000239,-0.04375
8.24840000239,-0.0125
8.24860000239,-0.028125
8.24880000239,-0.028125
8.24900000239,-0.04375
8.24920000239,-0.0125
8.24940000239,-0.04375
8.24960000239,-0.028125
8.24980000239,-0.028125
8.25000000239,-0.04375
8.25020000239,-0.04375
8.25040000239,-0.028125
8.25060000239,-0.0125
8.25080000239,-0.028125
8.25100000239,-0.04375
8.25120000239,-0.04375
8.25140000239,-0.028125
8.25160000239,-0.0125
8.25180000239,-0.028125
8.25200000239,-0.04375
8.25220000239,-0.028125
8.25240000239,-0.028125
8.25260000239,-0.028125
8.25280000239,-0.04375
8.25300000239,-0.028125
8.25320000239,-0.0125
8.25340000239,-0.028125
8.25360000239,-0.028125
8.25380000239,-0.028125
8.25400000239,-0.028125
8.25420000239,-0.028125
8.25440000239,-0.028125
8.25460000239,-0.0125
8.25480000239,-0.04375
8.25500000239,-0.028125
8.25520000239,-0.04375
8.25540000239,-0.028125
8.25560000239,-0.0125
8.25580000239,-0.0125
8.25600000239,-0.028125
8.25620000239,-0.04375
8.25640000239,-0.04375
8.25660000239,-0.028125
8.25680000239,-0.028125
8.25700000239,-0.028125
8.25720000239,-0.028125
8.25740000239,-0.0125
8.25760000239,-0.028125
8.25780000239,-0.04375
8.25800000239,-0.028125
8.25820000239,-0.028125
8.25840000239,-0.028125
8.25860000239,-0.028125
8.25880000239,-0.0125
8.25900000239,-0.04375
8.25920000239,-0.028125
8.25940000239,-0.028125
8.25960000239,-0.0125
8.25980000239,-0.028125
8.26000000239,-0.028125
8.26020000239,-0.028125
8.26040000239,-0.028125
8.26060000239,-0.0125
8.26080000239,-0.04375
8.26100000239,-0.028125
8.26120000239,-0.0125
8.26140000239,-0.028125
8.26160000239,-0.028125
8.26180000239,-0.028125
8.26200000239,-0.028125
8.26220000239,-0.04375
8.26240000239,-0.028125
8.26260000239,-0.028125
8.26280000239,-0.028125
8.26300000239,-0.028125
8.26320000239,-0.028125
8.26340000239,-0.028125
8.26360000239,-0.028125
8.26380000239,-0.04375
8.26400000239,-0.04375
8.26420000239,-0.028125
8.26440000239,-0.028125
8.26460000239,-0.04375
8.26480000239,-0.0125
8.26500000239,-0.0125
8.26520000239,-0.0125
8.26540000239,-0.028125
8.26560000239,-0.028125
8.26580000239,-0.028125
8.26600000239,-0.028125
8.26620000239,-0.04375
8.26640000239,-0.028125
8.26660000239,-0.04375
8.26680000239,-0.028125
8.26700000239,-0.04375
8.26720000239,-0.028125
8.26740000239,-0.04375
8.26760000239,-0.0125
8.26780000239,-0.028125
8.26800000239,-0.028125
8.26820000239,-0.0125
8.26840000239,-0.0125
8.26860000239,-0.028125
8.26880000239,-0.028125
8.26900000239,-0.028125
8.26920000239,-0.028125
8.26940000239,-0.028125
8.26960000239,-0.028125
8.26980000239,-0.028125
8.27000000239,-0.0125
8.27020000239,-0.028125
8.27040000239,-0.028125
8.27060000239,-0.0125
8.27080000239,-0.04375
8.27100000239,-0.04375
8.27120000239,-0.028125
8.27140000239,-0.04375
8.27160000239,-0.028125
8.27180000239,-0.028125
8.27200000239,-0.0125
8.27220000239,-0.0125
8.27240000239,-0.028125
8.27260000239,-0.028125
8.27280000239,-0.028125
8.27300000239,-0.028125
8.27320000239,-0.028125
8.27340000239,-0.028125
8.27360000239,-0.028125
8.27380000239,-0.04375
8.27400000239,-0.04375
8.27420000239,-0.028125
8.27440000239,-0.028125
8.27460000239,-0.0125
8.27480000239,-0.0125
8.27500000239,-0.028125
8.27520000239,-0.0125
8.27540000239,-0.04375
8.27560000239,-0.0125
8.27580000239,-0.028125
8.27600000239,-0.028125
8.27620000239,-0.028125
8.27640000239,-0.028125
8.27660000239,-0.028125
8.27680000239,-0.028125
8.27700000239,-0.028125
8.27720000239,-0.028125
8.27740000239,-0.028125
8.27760000239,-0.028125
8.27780000239,-0.028125
8.27800000239,-0.028125
8.27820000239,-0.028125
8.27840000239,-0.0125
8.27860000239,-0.028125
8.27880000239,-0.0125
8.27900000239,-0.028125
8.27920000239,-0.0125
8.27940000239,-0.028125
8.27960000239,-0.028125
8.27980000239,-0.0125
8.28000000239,-0.04375
8.28020000239,-0.028125
8.28040000239,-0.04375
8.28060000239,-0.0125
8.28080000239,-0.04375
8.28100000239,-0.028125
8.28120000239,-0.0125
8.28140000239,-0.0125
8.28160000239,-0.028125
8.28180000239,-0.0125
8.28200000239,-0.0125
8.28220000239,-0.028125
8.28240000239,-0.0125
8.28260000239,-0.028125
8.28280000239,-0.028125
8.28300000239,-0.028125
8.28320000239,-0.028125
8.28340000239,-0.028125
8.28360000239,-0.028125
8.28380000239,-0.028125
8.28400000239,-0.028125
8.28420000239,-0.0125
8.28440000239,-0.0125
8.28460000239,-0.0125
8.28480000239,-0.028125
8.28500000239,-0.028125
8.28520000239,-0.028125
8.28540000239,-0.028125
8.28560000239,-0.0125
8.28580000239,-0.0125
8.28600000239,-0.028125
8.28620000239,-0.0125
8.28640000239,-0.0125
8.28660000239,-0.04375
8.28680000239,-0.028125
8.28700000239,-0.0125
8.28720000239,-0.028125
8.28740000239,-0.028125
8.28760000239,-0.028125
8.28780000239,-0.028125
8.28800000239,-0.028125
8.28820000239,-0.028125
8.28840000239,-0.0125
8.28860000239,-0.028125
8.28880000239,-0.028125
8.28900000239,-0.028125
8.28920000239,-0.028125
8.28940000239,-0.028125
8.28960000239,-0.0125
8.28980000239,-0.0125
8.29000000239,-0.028125
8.29020000239,-0.0125
8.29040000239,-0.0125
8.29060000239,-0.028125
8.29080000239,-0.0125
8.29100000239,-0.0125
8.29120000239,-0.04375
8.29140000239,-0.028125
8.29160000239,-0.028125
8.29180000239,-0.0125
8.29200000239,-0.0125
8.29220000239,-0.028125
8.29240000239,-0.0125
8.29260000239,-0.028125
8.29280000239,-0.0125
8.29300000239,-0.0125
8.29320000239,-0.0125
8.29340000239,-0.0125
8.29360000239,-0.0125
8.29380000239,-0.028125
8.29400000239,-0.028125
8.29420000239,-0.028125
8.29440000239,-0.0125
8.29460000239,-0.0125
8.29480000239,-0.0125
8.29500000239,-0.0125
8.29520000239,-0.028125
8.29540000239,-0.0125
8.29560000239,-0.0125
8.29580000239,-0.0125
8.29600000239,-0.0125
8.29620000239,-0.028125
8.29640000239,-0.0125
8.29660000239,-0.0125
8.29680000239,-0.028125
8.29700000239,-0.0125
8.29720000239,-0.0125
8.29740000239,-0.0125
8.29760000239,-0.0125
8.29780000239,-0.0125
8.29800000239,-0.028125
8.29820000239,-0.028125
8.29840000239,-0.028125
8.29860000239,-0.0125
8.29880000239,0.00312495
8.29900000239,-0.028125
8.29920000239,-0.028125
8.29940000239,-0.0125
8.29960000239,-0.0125
8.29980000239,-0.0125
8.30000000239,-0.028125
8.30020000239,-0.028125
8.30040000239,-0.0125
8.30060000239,-0.028125
8.30080000239,-0.0125
8.30100000239,-0.0125
8.30120000239,-0.0125
8.30140000239,-0.0125
8.30160000239,-0.0125
8.30180000239,-0.028125
8.30200000239,-0.028125
8.30220000239,-0.0125
8.30240000239,-0.028125
8.30260000239,-0.0125
8.30280000239,-0.0125
8.30300000239,-0.0125
8.30320000239,-0.0125
8.30340000239,-0.0125
8.30360000239,-0.028125
8.30380000239,-0.0125
8.30400000239,-0.028125
8.30420000239,0.00312495
8.30440000239,-0.0125
8.30460000239,-0.028125
8.30480000239,-0.0125
8.30500000239,-0.0125
8.30520000239,-0.0125
8.30540000239,-0.0125
8.30560000239,-0.0125
8.30580000239,-0.0125
8.30600000239,-0.0125
8.30620000239,-0.0125
8.30640000239,-0.028125
8.30660000239,-0.0125
8.30680000239,-0.0125
8.30700000239,-0.028125
8.30720000239,-0.028125
8.30740000239,-0.028125
8.30760000239,-0.0125
8.30780000239,-0.0125
8.30800000239,-0.0125
8.30820000239,-0.0125
8.30840000239,-0.0125
8.30860000239,-0.028125
8.30880000239,-0.028125
8.30900000239,-0.0125
8.30920000239,-0.0125
8.30940000239,-0.028125
8.30960000239,-0.028125
8.30980000239,0.00312495
8.31000000239,-0.0125
8.31020000239,-0.0125
8.31040000239,-0.0125
8.31060000239,-0.028125
8.31080000239,-0.0125
8.31100000239,-0.028125
8.31120000239,-0.0125
8.31140000239,-0.0125
8.31160000239,-0.0125
8.31180000239,-0.0125
8.31200000239,0.00312495
8.31220000239,-0.0125
8.31240000239,-0.0125
8.31260000239,-0.0125
8.31280000239,-0.0125
8.31300000239,-0.028125
8.31320000239,-0.0125
8.31340000239,-0.028125
8.31360000239,-0.028125
8.31380000239,-0.0125
8.31400000239,-0.0125
8.31420000239,-0.028125
8.31440000239,-0.0125
8.31460000239,-0.028125
8.31480000239,-0.0125
8.31500000239,-0.0125
8.31520000239,-0.0125
8.31540000239,-0.0125
8.31560000239,-0.028125
8.31580000239,-0.0125
8.31600000239,-0.028125
8.31620000239,-0.028125
8.31640000239,-0.0125
8.31660000239,-0.028125
8.31680000239,-0.0125
8.31700000239,-0.028125
8.31720000239,-0.0125
8.31740000239,0.00312495
8.31760000239,-0.028125
8.31780000239,-0.028125
8.31800000239,-0.0125
8.31820000239,-0.028125
8.31840000239,-0.0125
8.31860000239,-0.0125
8.31880000239,-0.028125
8.31900000239,-0.0125
8.31920000239,-0.028125
8.31940000239,-0.0125
8.31960000239,-0.0125
8.31980000239,-0.0125
8.32000000239,0.00312495
8.32020000239,-0.0125
8.32040000239,-0.028125
8.32060000239,0.00312495
8.32080000239,-0.0125
8.32100000239,-0.0125
8.32120000239,-0.0125
8.32140000239,-0.0125
8.32160000239,-0.028125
8.32180000239,0.00312495
8.32200000239,-0.028125
8.32220000239,-0.0125
8.32240000239,-0.0125
8.32260000239,0.00312495
8.32280000239,0.00312495
8.32300000239,-0.028125
8.32320000239,0.00312495
8.32340000239,-0.0125
8.32360000239,-0.0125
8.32380000239,-0.0125
8.32400000239,-0.0125
8.32420000239,0.00312495
8.32440000239,-0.028125
8.32460000239,0.00312495
8.32480000239,-0.028125
8.32500000239,-0.028125
8.32520000239,-0.028125
8.32540000239,-0.0125
8.32560000239,-0.028125
8.32580000239,-0.0125
8.32600000239,-0.0125
8.32620000239,0.00312495
8.32640000239,-0.0125
8.32660000239,-0.0125
8.32680000239,-0.0125
8.32700000239,0.00312495
8.32720000239,-0.0125
8.32740000239,-0.028125
8.32760000239,-0.028125
8.32780000239,-0.0125
8.32800000239,-0.0125
8.32820000239,-0.0125
8.32840000239,-0.0125
8.32860000239,-0.0125
8.32880000239,-0.0125
8.32900000239,-0.028125
8.32920000239,-0.028125
8.32940000239,-0.028125
8.32960000239,-0.0125
8.32980000239,-0.0125
8.33000000239,-0.0125
8.33020000239,-0.0125
8.33040000239,0.00312495
8.33060000239,0.00312495
8.33080000239,-0.0125
8.33100000239,-0.0125
8.33120000239,-0.028125
8.33140000239,-0.0125
8.33160000239,0.00312495
8.33180000239,-0.0125
8.33200000239,-0.0125
8.33220000239,-0.0125
8.33240000239,-0.0125
8.33260000239,0.00312495
8.33280000239,-0.0125
8.33300000239,0.00312495
8.33320000239,0.00312495
8.33340000239,-0.0125
8.33360000239,-0.0125
8.33380000239,-0.0125
8.33400000239,0.00312495
8.33420000239,-0.0125
8.33440000239,-0.0125
8.33460000239,0.00312495
8.33480000239,-0.028125
8.33500000239,-0.0125
8.33520000239,-0.028125
8.33540000239,-0.0125
8.33560000239,-0.0125
8.33580000239,-0.0125
8.33600000239,0.00312495
8.33620000239,0.00312495
8.33640000239,-0.028125
8.33660000239,0.00312495
8.33680000239,-0.028125
8.33700000239,-0.0125
8.33720000239,-0.0125
8.33740000239,0.00312495
8.33760000239,-0.0125
8.33780000239,0.00312495
8.33800000239,-0.0125
8.33820000239,-0.0125
8.33840000239,-0.0125
8.33860000239,-0.0125
8.33880000239,0.00312495
8.33900000239,-0.0125
8.33920000239,0.00312495
8.33940000239,-0.0125
8.33960000239,-0.0125
8.33980000239,0.00312495
8.34000000239,-0.0125
8.34020000239,0.00312495
8.34040000239,-0.0125
8.34060000239,0.00312495
8.34080000239,0.00312495
8.34100000239,-0.0125
8.34120000239,-0.0125
8.34140000239,0.00312495
8.34160000239,0.00312495
8.34180000239,-0.0125
8.34200000239,-0.0125
8.34220000239,0.00312495
8.34240000239,-0.0125
8.34260000239,-0.0125
8.34280000239,0.00312495
8.34300000239,0.00312495
8.34320000239,0.00312495
8.34340000239,0.00312495
8.34360000239,-0.0125
8.34380000239,-0.0125
8.34400000239,-0.0125
8.34420000239,-0.0125
8.34440000239,-0.0125
8.34460000239,0.00312495
8.34480000239,0.00312495
8.34500000239,-0.0125
8.34520000239,-0.0125
8.34540000239,-0.0125
8.34560000239,0.00312495
8.34580000239,0.00312495
8.34600000239,-0.0125
8.34620000239,-0.0125
8.34640000239,-0.0125
8.34660000239,0.00312495
8.34680000239,-0.0125
8.34700000239,0.00312495
8.34720000239,0.00312495
8.34740000239,0.00312495
8.34760000239,-0.0125
8.34780000239,-0.0125
8.34800000239,-0.0125
8.34820000239,0.00312495
8.34840000239,0.00312495
8.34860000239,-0.0125
8.34880000239,-0.0125
8.34900000239,-0.0125
8.34920000239,0.00312495
8.34940000239,-0.0125
8.34960000239,0.00312495
8.34980000239,-0.0125
8.35000000239,0.00312495
8.35020000239,0.00312495
8.35040000239,0.00312495
8.35060000239,0.00312495
8.35080000239,-0.0125
8.35100000239,-0.0125
8.35120000239,0.00312495
8.35140000239,-0.0125
8.35160000239,0.00312495
8.35180000239,0.00312495
8.35200000239,0.00312495
8.35220000239,-0.0125
8.35240000239,-0.0125
8.35260000239,-0.0125
8.35280000239,0.00312495
8.35300000239,0.00312495
8.35320000239,-0.0125
8.35340000239,-0.0125
8.35360000239,0.00312495
8.35380000239,-0.0125
8.35400000239,0.00312495
8.35420000239,0.00312495
8.35440000239,-0.0125
8.35460000239,0.00312495
8.35480000239,-0.0125
8.35500000239,0.00312495
8.35520000239,0.00312495
8.35540000239,0.00312495
8.35560000239,0.00312495
8.35580000239,0.00312495
8.35600000239,-0.0125
8.35620000239,0.00312495
8.35640000239,0.00312495
8.35660000239,0.00312495
8.35680000239,-0.0125
8.35700000239,-0.0125
8.35720000239,0.00312495
8.35740000239,0.00312495
8.35760000239,-0.0125
8.35780000239,0.00312495
8.35800000239,-0.0125
8.35820000239,-0.0125
8.35840000239,0.00312495
8.35860000239,0.00312495
8.35880000239,0.00312495
8.35900000239,0.00312495
8.35920000239,-0.0125
8.35940000239,0.00312495
8.35960000239,0.01875
8.35980000239,0.00312495
8.36000000239,-0.0125
8.36020000239,-0.0125
8.36040000239,0.00312495
8.36060000239,0.00312495
8.36080000239,0.00312495
8.36100000239,0.00312495
8.36120000239,0.00312495
8.36140000239,-0.0125
8.36160000239,0.00312495
8.36180000239,-0.0125
8.36200000239,-0.0125
8.36220000239,0.00312495
8.36240000239,0.00312495
8.36260000239,-0.0125
8.36280000239,0.00312495
8.36300000239,0.00312495
8.36320000239,0.00312495
8.36340000239,0.00312495
8.36360000239,0.00312495
8.36380000239,0.00312495
8.36400000239,0.00312495
8.36420000239,0.00312495
8.36440000239,0.00312495
8.36460000239,-0.0125
8.36480000239,0.01875
8.36500000239,-0.0125
8.36520000239,0.00312495
8.36540000239,0.00312495
8.36560000239,0.01875
8.36580000239,0.00312495
8.36600000239,0.00312495
8.36620000239,-0.0125
8.36640000239,0.01875
8.36660000239,0.00312495
8.36680000239,0.00312495
8.36700000239,0.00312495
8.36720000239,0.00312495
8.36740000239,0.01875
8.36760000239,0.01875
8.36780000239,0.00312495
8.36800000239,0.00312495
8.36820000239,0.00312495
8.36840000239,0.00312495
8.36860000239,0.00312495
8.36880000239,0.00312495
8.36900000239,-0.0125
8.36920000239,-0.0125
8.36940000239,0.00312495
8.36960000239,0.00312495
8.36980000239,0.01875
8.37000000239,-0.0125
8.37020000239,0.01875
8.37040000239,0.00312495
8.37060000239,0.00312495
8.37080000239,0.00312495
8.37100000239,0.00312495
8.37120000239,-0.0125
8.37140000239,0.01875
8.37160000239,0.00312495
8.37180000239,0.00312495
8.37200000239,0.00312495
8.37220000239,0.00312495
8.37240000239,0.00312495
8.37260000239,0.01875
8.37280000239,0.00312495
8.37300000239,0.00312495
8.37320000239,-0.0125
8.37340000239,0.00312495
8.37360000239,0.00312495
8.37380000239,0.00312495
8.37400000239,0.00312495
8.37420000239,0.00312495
8.37440000239,-0.0125
8.37460000239,0.00312495
8.37480000239,0.01875
8.37500000239,0.00312495
8.37520000239,0.01875
8.37540000239,0.00312495
8.37560000239,-0.0125
8.37580000239,0.00312495
8.37600000239,0.00312495
8.37620000239,0.00312495
8.37640000239,0.00312495
8.37660000239,0.00312495
8.37680000239,0.00312495
8.37700000239,0.00312495
8.37720000239,0.00312495
8.37740000239,0.00312495
8.37760000239,0.01875
8.37780000239,0.00312495
8.37800000239,0.00312495
8.37820000239,0.00312495
8.37840000239,-0.0125
8.37860000239,0.00312495
8.37880000239,0.00312495
8.37900000239,0.00312495
8.37920000239,-0.0125
8.37940000239,0.00312495
8.37960000239,0.00312495
8.37980000239,0.00312495
8.38000000239,0.00312495
8.38020000239,0.00312495
8.38040000239,-0.0125
8.38060000239,0.00312495
8.38080000239,0.034375
8.38100000239,0.00312495
8.38120000239,0.01875
8.38140000239,0.00312495
8.38160000239,0.00312495
8.38180000239,0.01875
8.38200000239,0.01875
8.38220000239,0.00312495
8.38240000239,0.00312495
8.38260000239,0.00312495
8.38280000239,0.00312495
8.38300000239,0.00312495
8.38320000239,0.00312495
8.38340000239,-0.0125
8.38360000239,0.01875
8.38380000239,0.01875
8.38400000239,0.00312495
8.38420000239,0.00312495
8.38440000239,0.00312495
8.38460000239,0.01875
8.38480000239,-0.0125
8.38500000239,0.01875
8.38520000239,0.00312495
8.38540000239,0.00312495
8.38560000239,0.00312495
8.38580000239,0.00312495
8.38600000239,0.00312495
8.38620000239,0.00312495
8.38640000239,0.00312495
8.38660000239,0.00312495
8.38680000239,0.00312495
8.38700000239,0.01875
8.38720000239,0.01875
8.38740000239,0.01875
8.38760000239,0.00312495
8.38780000239,0.01875
8.38800000239,0.01875
8.38820000239,0.00312495
8.38840000239,0.01875
8.38860000239,0.01875
8.38880000239,0.00312495
8.38900000239,0.00312495
8.38920000239,0.00312495
8.38940000239,0.01875
8.38960000239,0.01875
8.38980000239,-0.0125
8.39000000239,0.00312495
8.39020000239,0.01875
8.39040000239,0.01875
8.39060000239,0.01875
8.39080000239,0.01875
8.39100000239,0.00312495
8.39120000239,0.01875
8.39140000239,0.01875
8.39160000239,0.00312495
8.39180000239,0.00312495
8.39200000239,0.00312495
8.39220000239,0.01875
8.39240000239,0.01875
8.39260000239,0.01875
8.39280000239,0.00312495
8.39300000239,0.01875
8.39320000239,0.01875
8.39340000239,0.00312495
8.39360000239,0.00312495
8.39380000239,0.00312495
8.39400000239,0.01875
8.39420000239,0.00312495
8.39440000239,0.01875
8.39460000239,0.00312495
8.39480000239,0.01875
8.39500000239,0.01875
8.39520000239,0.01875
8.39540000239,0.00312495
8.39560000239,0.00312495
8.39580000239,0.00312495
8.39600000239,0.00312495
8.39620000239,0.01875
8.39640000239,0.00312495
8.39660000239,0.00312495
8.39680000239,0.01875
8.39700000239,0.01875
8.39720000239,0.01875
8.39740000239,0.034375
8.39760000239,0.01875
8.39780000239,0.034375
8.39800000239,0.01875
8.39820000239,0.00312495
8.39840000239,0.00312495
8.39860000239,0.00312495
8.39880000239,0.034375
8.39900000239,0.01875
8.39920000239,0.01875
8.39940000239,0.00312495
8.39960000239,0.00312495
8.39980000239,0.00312495
8.40000000239,0.01875
8.40020000239,0.01875
8.40040000239,0.00312495
8.40060000239,0.01875
8.40080000239,0.00312495
8.40100000239,0.034375
8.40120000239,0.034375
8.40140000239,0.01875
8.40160000239,0.01875
8.40180000239,0.01875
8.40200000239,0.00312495
8.40220000239,0.01875
8.40240000239,0.01875
8.40260000239,0.01875
8.40280000239,0.01875
8.40300000239,0.01875
8.40320000239,0.00312495
8.40340000239,0.00312495
8.40360000239,0.01875
8.40380000239,0.034375
8.40400000239,0.01875
8.40420000239,0.034375
8.40440000239,0.00312495
8.40460000239,0.01875
8.40480000239,0.00312495
8.40500000239,0.00312495
8.40520000239,0.00312495
8.40540000239,0.01875
8.40560000239,0.01875
8.40580000239,0.034375
8.40600000239,0.00312495
8.40620000239,0.01875
8.40640000239,0.00312495
8.40660000239,0.00312495
8.40680000239,0.01875
8.40700000239,0.01875
8.40720000239,0.01875
8.40740000239,0.01875
8.40760000239,0.034375
8.40780000239,0.01875
8.40800000239,0.034375
8.40820000239,0.00312495
8.40840000239,0.00312495
8.40860000239,0.034375
8.40880000239,0.01875
8.40900000239,0.01875
8.40920000239,0.00312495
8.40940000239,0.01875
8.40960000239,0.01875
8.40980000239,0.01875
8.41000000239,0.01875
8.41020000239,0.01875
8.41040000239,0.01875
8.41060000239,0.01875
8.41080000239,0.01875
8.41100000239,0.034375
8.41120000239,0.034375
8.41140000239,0.01875
8.41160000239,0.034375
8.41180000239,0.034375
8.41200000239,0.01875
8.41220000239,0.034375
8.41240000239,0.01875
8.41260000239,0.01875
8.41280000239,0.01875
8.41300000239,0.01875
8.41320000239,0.01875
8.41340000239,0.034375
8.41360000239,0.034375
8.41380000239,0.01875
8.41400000239,0.034375
8.41420000239,0.00312495
8.41440000239,0.034375
8.41460000239,0.034375
8.41480000239,0.01875
8.41500000239,0.01875
8.41520000239,0.01875
8.41540000239,0.01875
8.41560000239,0.01875
8.41580000239,0.01875
8.41600000239,0.034375
8.41620000239,0.00312495
8.41640000239,0.01875
8.41660000239,0.034375
8.41680000239,0.034375
8.41700000239,0.01875
8.41720000239,0.01875
8.41740000239,0.01875
8.41760000239,0.01875
8.41780000239,0.01875
8.41800000239,0.01875
8.41820000239,0.01875
8.41840000239,0.034375
8.41860000239,0.01875
8.41880000239,0.01875
8.41900000239,0.01875
8.41920000239,0.034375
8.41940000239,0.01875
8.41960000239,0.01875
8.41980000239,0.034375
8.42000000239,0.034375
8.42020000239,0.01875
8.42040000239,0.01875
8.42060000239,0.01875
8.42080000239,0.01875
8.42100000239,0.01875
8.42120000239,0.01875
8.42140000239,0.01875
8.42160000239,0.01875
8.42180000239,0.01875
8.42200000239,0.01875
8.42220000239,0.01875
8.42240000239,0.01875
8.42260000239,0.034375
8.42280000239,0.01875
8.42300000239,0.034375
8.42320000239,0.01875
8.42340000239,0.01875
8.42360000239,0.034375
8.42380000239,0.01875
8.42400000239,0.01875
8.42420000239,0.034375
8.42440000239,0.034375
8.42460000239,0.01875
8.42480000239,0.034375
8.42500000239,0.034375
8.42520000239,0.034375
8.42540000239,0.01875
8.42560000239,0.01875
8.42580000239,0.034375
8.42600000239,0.01875
8.42620000239,0.05
8.42640000239,0.034375
8.42660000239,0.01875
8.42680000239,0.034375
8.42700000239,0.034375
8.42720000239,0.01875
8.42740000239,0.034375
8.42760000239,0.01875
8.42780000239,0.034375
8.42800000239,0.01875
8.42820000239,0.034375
8.42840000239,0.034375
8.42860000239,0.034375
8.42880000239,0.01875
8.42900000239,0.01875
8.42920000239,0.034375
8.42940000239,0.034375
8.42960000239,0.034375
8.42980000239,0.034375
8.43000000239,0.034375
8.43020000239,0.05
8.43040000239,0.01875
8.43060000239,0.034375
8.43080000239,0.034375
8.43100000239,0.034375
8.43120000239,0.05
8.43140000239,0.01875
8.43160000239,0.034375
8.43180000239,0.034375
8.43200000239,0.034375
8.43220000239,0.034375
8.43240000239,0.01875
8.43260000239,0.034375
8.43280000239,0.01875
8.43300000239,0.034375
8.43320000239,0.034375
8.43340000239,0.034375
8.43360000239,0.01875
8.43380000239,0.01875
8.43400000239,0.034375
8.43420000239,0.01875
8.43440000239,0.034375
8.43460000239,0.034375
8.43480000239,0.034375
8.43500000239,0.034375
8.43520000239,0.01875
8.43540000239,0.01875
8.43560000239,0.034375
8.43580000239,0.034375
8.43600000239,0.034375
8.43620000239,0.01875
8.43640000239,0.034375
8.43660000239,0.034375
8.43680000239,0.034375
8.43700000239,0.034375
8.43720000239,0.034375
8.43740000239,0.01875
8.43760000239,0.034375
8.43780000239,0.034375
8.43800000239,0.034375
8.43820000239,0.034375
8.43840000239,0.034375
8.43860000239,0.05
8.43880000239,0.034375
8.43900000239,0.034375
8.43920000239,0.01875
8.43940000239,0.034375
8.43960000239,0.034375
8.43980000239,0.034375
8.44000000239,0.034375
8.44020000239,0.034375
8.44040000239,0.01875
8.44060000239,0.034375
8.44080000239,0.05
8.44100000239,0.034375
8.44120000239,0.034375
8.44140000239,0.034375
8.44160000239,0.01875
8.44180000239,0.05
8.44200000239,0.034375
8.44220000239,0.034375
8.44240000239,0.01875
8.44260000239,0.05
8.44280000239,0.034375
8.44300000239,0.034375
8.44320000239,0.034375
8.44340000239,0.05
8.44360000239,0.05
8.44380000239,0.034375
8.44400000239,0.034375
8.44420000239,0.05
8.44440000239,0.034375
8.44460000239,0.034375
8.44480000239,0.034375
8.44500000239,0.034375
8.44520000239,0.034375
8.44540000239,0.05
8.44560000239,0.01875
8.44580000239,0.034375
8.44600000239,0.05
8.44620000239,0.05
8.44640000239,0.034375
8.44660000239,0.034375
8.44680000239,0.034375
8.44700000239,0.034375
8.44720000239,0.034375
8.44740000239,0.01875
8.44760000239,0.05
8.44780000239,0.034375
8.44800000239,0.034375
8.44820000239,0.034375
8.44840000239,0.05
8.44860000239,0.05
8.44880000239,0.034375
8.44900000239,0.034375
8.44920000239,0.034375
8.44940000239,0.034375
8.44960000239,0.05
8.44980000239,0.034375
8.45000000239,0.034375
8.45020000239,0.05
8.45040000239,0.034375
8.45060000239,0.05
8.45080000239,0.05
8.45100000239,0.034375
8.45120000239,0.05
8.45140000239,0.034375
8.45160000239,0.034375
8.45180000239,0.05
8.45200000239,0.05
8.45220000239,0.034375
8.45240000239,0.05
8.45260000239,0.05
8.45280000239,0.05
8.45300000239,0.01875
8.45320000239,0.05
8.45340000239,0.034375
8.45360000239,0.05
8.45380000239,0.034375
8.45400000239,0.05
8.45420000239,0.034375
8.45440000239,0.05
8.45460000239,0.05
8.45480000239,0.05
8.45500000239,0.034375
8.45520000239,0.034375
8.45540000239,0.034375
8.45560000239,0.05
8.45580000239,0.034375
8.45600000239,0.034375
8.45620000239,0.034375
8.45640000239,0.05
8.45660000239,0.05
8.45680000239,0.034375
8.45700000239,0.034375
8.45720000239,0.05
8.45740000239,0.05
8.45760000239,0.05
8.45780000239,0.05
8.45800000239,0.05
8.45820000239,0.05
8.45840000239,0.034375
8.45860000239,0.05
8.45880000239,0.05
8.45900000239,0.05
8.45920000239,0.05
8.45940000239,0.05
8.45960000239,0.05
8.45980000239,0.05
8.46000000239,0.05
8.46020000239,0.05
8.46040000239,0.034375
8.46060000239,0.034375
8.46080000239,0.034375
8.46100000239,0.05
8.46120000239,0.034375
8.46140000239,0.05
8.46160000239,0.05
8.46180000239,0.05
8.46200000239,0.05
8.46220000239,0.05
8.46240000239,0.034375
8.46260000239,0.05
8.46280000239,0.05
8.46300000239,0.05
8.46320000239,0.05
8.46340000239,0.05
8.46360000239,0.034375
8.46380000239,0.05
8.46400000239,0.05
8.46420000239,0.05
8.46440000239,0.05
8.46460000239,0.05
8.46480000239,0.065625
8.46500000239,0.034375
8.46520000239,0.034375
8.46540000239,0.05
8.46560000239,0.05
8.46580000239,0.034375
8.46600000239,0.034375
8.46620000239,0.05
8.46640000239,0.065625
8.46660000239,0.05
8.46680000239,0.034375
8.46700000239,0.065625
8.46720000239,0.065625
8.46740000239,0.05
8.46760000239,0.05
8.46780000239,0.05
8.46800000239,0.034375
8.46820000239,0.05
8.46840000239,0.05
8.46860000239,0.05
8.46880000239,0.05
8.46900000239,0.05
8.46920000239,0.065625
8.46940000239,0.05
8.46960000239,0.05
8.46980000239,0.05
8.47000000239,0.05
8.47020000239,0.05
8.47040000239,0.065625
8.47060000239,0.065625
8.47080000239,0.05
8.47100000239,0.05
8.47120000239,0.034375
8.47140000239,0.065625
8.47160000239,0.065625
8.47180000239,0.05
8.47200000239,0.05
8.47220000239,0.065625
8.47240000239,0.05
8.47260000239,0.065625
8.47280000239,0.05
8.47300000239,0.05
8.47320000239,0.05
8.47340000239,0.05
8.47360000239,0.065625
8.47380000239,0.05
8.47400000239,0.034375
8.47420000239,0.065625
8.47440000239,0.05
8.47460000239,0.065625
8.47480000239,0.065625
8.47500000239,0.05
8.47520000239,0.065625
8.47540000239,0.05
8.47560000239,0.05
8.47580000239,0.05
8.47600000239,0.05
8.47620000239,0.05
8.47640000239,0.034375
8.47660000239,0.065625
8.47680000239,0.05
8.47700000239,0.05
8.47720000239,0.05
8.47740000239,0.05
8.47760000239,0.05
8.47780000239,0.05
8.47800000239,0.065625
8.47820000239,0.065625
8.47840000239,0.065625
8.47860000239,0.05
8.47880000239,0.05
8.47900000239,0.05
8.47920000239,0.05
8.47940000239,0.065625
8.47960000239,0.05
8.47980000239,0.034375
8.48000000239,0.065625
8.48020000239,0.034375
8.48040000239,0.05
8.48060000239,0.065625
8.48080000239,0.065625
8.48100000239,0.05
8.48120000239,0.065625
8.48140000239,0.065625
8.48160000239,0.05
8.48180000239,0.05
8.48200000239,0.05
8.48220000239,0.05
8.48240000239,0.05
8.48260000239,0.05
8.48280000239,0.05
8.48300000239,0.065625
8.48320000239,0.065625
8.48340000239,0.065625
8.48360000239,0.065625
8.48380000239,0.05
8.48400000239,0.065625
8.48420000239,0.05
8.48440000239,0.05
8.48460000239,0.065625
8.48480000239,0.065625
8.48500000239,0.05
8.48520000239,0.05
8.48540000239,0.05
8.48560000239,0.05
8.48580000239,0.065625
8.48600000239,0.065625
8.48620000239,0.05
8.48640000239,0.065625
8.48660000239,0.065625
8.48680000239,0.065625
8.48700000239,0.034375
8.48720000239,0.065625
8.48740000239,0.08125
8.48760000239,0.065625
8.48780000239,0.065625
8.48800000239,0.065625
8.48820000239,0.065625
8.48840000239,0.065625
8.48860000239,0.05
8.48880000239,0.05
8.48900000239,0.05
8.48920000239,0.065625
8.48940000239,0.05
8.48960000239,0.065625
8.48980000239,0.065625
8.49000000239,0.065625
8.49020000239,0.05
8.49040000239,0.08125
8.49060000239,0.05
8.49080000239,0.05
8.49100000239,0.065625
8.49120000239,0.05
8.49140000239,0.05
8.49160000239,0.065625
8.49180000239,0.065625
8.49200000239,0.065625
8.49220000239,0.065625
8.49240000239,0.05
8.49260000239,0.05
8.49280000239,0.05
8.49300000239,0.05
8.49320000239,0.08125
8.49340000239,0.065625
8.49360000239,0.065625
8.49380000239,0.08125
8.49400000239,0.08125
8.49420000239,0.05
8.49440000239,0.065625
8.49460000239,0.065625
8.49480000239,0.065625
8.49500000239,0.08125
8.49520000239,0.08125
8.49540000239,0.08125
8.49560000239,0.08125
8.49580000239,0.05
8.49600000239,0.05
8.49620000239,0.065625
8.49640000239,0.05
8.49660000239,0.065625
8.49680000239,0.065625
8.49700000239,0.08125
8.49720000239,0.065625
8.49740000239,0.05
8.49760000239,0.08125
8.49780000239,0.065625
8.49800000239,0.065625
8.49820000239,0.065625
8.49840000239,0.065625
8.49860000239,0.08125
8.49880000239,0.065625
8.49900000239,0.065625
8.49920000239,0.05
8.49940000239,0.096875
8.49960000239,0.065625
8.49980000239,0.065625
8.50000000239,0.065625
8.50020000239,0.065625
8.50040000239,0.065625
8.50060000239,0.034375
8.50080000239,0.08125
8.50100000239,0.08125
8.50120000239,0.065625
8.50140000239,0.08125
8.50160000239,0.065625
8.50180000239,0.05
8.50200000239,0.065625
8.50220000239,0.08125
8.50240000239,0.065625
8.50260000239,0.065625
8.50280000239,0.065625
8.50300000239,0.065625
8.50320000239,0.08125
8.50340000239,0.08125
8.50360000239,0.065625
8.50380000239,0.065625
8.50400000239,0.065625
8.50420000239,0.065625
8.50440000239,0.065625
8.50460000239,0.065625
8.50480000239,0.05
8.50500000239,0.05
8.50520000239,0.065625
8.50540000239,0.065625
8.50560000239,0.065625
8.50580000239,0.05
8.50600000239,0.065625
8.50620000239,0.08125
8.50640000239,0.065625
8.50660000239,0.065625
8.50680000239,0.065625
8.50700000239,0.065625
8.50720000239,0.065625
8.50740000239,0.08125
8.50760000239,0.065625
8.50780000239,0.065625
8.50800000239,0.065625
8.50820000239,0.065625
8.50840000239,0.065625
8.50860000239,0.08125
8.50880000239,0.065625
8.50900000239,0.065625
8.50920000239,0.08125
8.50940000239,0.08125
8.50960000239,0.08125
8.50980000239,0.065625
8.51000000239,0.08125
8.51020000239,0.065625
8.51040000239,0.08125
8.51060000239,0.065625
8.51080000239,0.08125
8.51100000239,0.065625
8.51120000239,0.08125
8.51140000239,0.08125
8.51160000239,0.08125
8.51180000239,0.08125
8.51200000239,0.065625
8.51220000239,0.08125
8.51240000239,0.05
8.51260000239,0.065625
8.51280000239,0.065625
8.51300000239,0.065625
8.51320000239,0.08125
8.51340000239,0.065625
8.51360000239,0.065625
8.51380000239,0.08125
8.51400000239,0.065625
8.51420000239,0.065625
8.51440000239,0.065625
8.51460000239,0.08125
8.51480000239,0.08125
8.51500000239,0.08125
8.51520000239,0.065625
8.51540000239,0.065625
8.51560000239,0.08125
8.51580000239,0.065625
8.51600000239,0.065625
8.51620000239,0.065625
8.51640000239,0.08125
8.51660000239,0.096875
8.51680000239,0.065625
8.51700000239,0.065625
8.51720000239,0.065625
8.51740000239,0.08125
8.51760000239,0.065625
8.51780000239,0.065625
8.51800000239,0.065625
8.51820000239,0.065625
8.51840000239,0.065625
8.51860000239,0.08125
8.51880000239,0.08125
8.51900000239,0.096875
8.51920000239,0.065625
8.51940000239,0.08125
8.51960000239,0.065625
8.51980000239,0.065625
8.52000000239,0.08125
8.52020000239,0.065625
8.52040000239,0.08125
8.52060000239,0.08125
8.52080000239,0.08125
8.52100000239,0.08125
8.52120000239,0.065625
8.52140000239,0.065625
8.52160000239,0.065625
8.52180000239,0.065625
8.52200000239,0.08125
8.52220000239,0.065625
8.52240000239,0.08125
8.52260000239,0.08125
8.52280000239,0.08125
8.52300000239,0.08125
8.52320000239,0.065625
8.52340000239,0.065625
8.52360000239,0.08125
8.52380000239,0.08125
8.52400000239,0.065625
8.52420000239,0.08125
8.52440000239,0.065625
8.52460000239,0.08125
8.52480000239,0.08125
8.52500000239,0.08125
8.52520000239,0.08125
8.52540000239,0.08125
8.52560000239,0.065625
8.52580000239,0.08125
8.52600000239,0.08125
8.52620000239,0.08125
8.52640000239,0.08125
8.52660000239,0.096875
8.52680000239,0.08125
8.52700000239,0.096875
8.52720000239,0.08125
8.52740000239,0.08125
8.52760000239,0.096875
8.52780000239,0.08125
8.52800000239,0.096875
8.52820000239,0.065625
8.52840000239,0.08125
8.52860000239,0.08125
8.52880000239,0.065625
8.52900000239,0.08125
8.52920000239,0.065625
8.52940000239,0.08125
8.52960000239,0.08125
8.52980000239,0.08125
8.53000000239,0.08125
8.53020000239,0.08125
8.53040000239,0.08125
8.53060000239,0.065625
8.53080000239,0.08125
8.53100000239,0.065625
8.53120000239,0.08125
8.53140000239,0.08125
8.53160000239,0.08125
8.53180000239,0.096875
8.53200000239,0.08125
8.53220000239,0.08125
8.53240000239,0.08125
8.53260000239,0.08125
8.53280000239,0.08125
8.53300000239,0.08125
8.53320000239,0.08125
8.53340000239,0.08125
8.53360000239,0.08125
8.53380000239,0.08125
8.53400000239,0.08125
8.53420000239,0.096875
8.53440000239,0.096875
8.53460000239,0.08125
8.53480000239,0.08125
8.53500000239,0.065625
8.53520000239,0.065625
8.53540000239,0.096875
8.53560000239,0.08125
8.53580000239,0.096875
8.53600000239,0.096875
8.53620000239,0.08125
8.53640000239,0.065625
8.53660000239,0.096875
8.53680000239,0.08125
8.53700000239,0.065625
8.53720000239,0.096875
8.53740000239,0.096875
8.53760000239,0.08125
8.53780000239,0.096875
8.53800000239,0.08125
8.53820000239,0.096875
8.53840000239,0.08125
8.53860000239,0.08125
8.53880000239,0.065625
8.53900000239,0.065625
8.53920000239,0.08125
8.53940000239,0.08125
8.53960000239,0.096875
8.53980000239,0.096875
8.54000000239,0.08125
8.54020000239,0.096875
8.54040000239,0.096875
8.54060000239,0.08125
8.54080000239,0.096875
8.54100000239,0.08125
8.54120000239,0.08125
8.54140000239,0.096875
8.54160000239,0.08125
8.54180000239,0.096875
8.54200000239,0.096875
8.54220000239,0.08125
8.54240000239,0.096875
8.54260000239,0.096875
8.54280000239,0.096875
8.54300000239,0.096875
8.54320000239,0.08125
8.54340000239,0.096875
8.54360000239,0.096875
8.54380000239,0.08125
8.54400000239,0.08125
8.54420000239,0.096875
8.54440000239,0.08125
8.54460000239,0.08125
8.54480000239,0.096875
8.54500000239,0.08125
8.54520000239,0.096875
8.54540000239,0.08125
8.54560000239,0.08125
8.54580000239,0.096875
8.54600000239,0.08125
8.54620000239,0.08125
8.54640000239,0.096875
8.54660000239,0.08125
8.54680000239,0.096875
8.54700000239,0.096875
8.54720000239,0.096875
8.54740000239,0.096875
8.54760000239,0.08125
8.54780000239,0.096875
8.54800000239,0.08125
8.54820000239,0.08125
8.54840000239,0.08125
8.54860000239,0.08125
8.54880000239,0.096875
8.54900000239,0.096875
8.54920000239,0.096875
8.54940000239,0.08125
8.54960000239,0.08125
8.54980000239,0.08125
8.55000000239,0.096875
8.55020000239,0.096875
8.55040000239,0.096875
8.55060000239,0.096875
8.55080000239,0.096875
8.55100000239,0.08125
8.55120000239,0.08125
8.55140000239,0.08125
8.55160000239,0.096875
8.55180000239,0.1125
8.55200000239,0.096875
8.55220000239,0.1125
8.55240000239,0.08125
8.55260000239,0.08125
8.55280000239,0.096875
8.55300000239,0.096875
8.55320000239,0.096875
8.55340000239,0.08125
8.55360000239,0.08125
8.55380000239,0.08125
8.55400000239,0.096875
8.55420000239,0.096875
8.55440000239,0.08125
8.55460000239,0.096875
8.55480000239,0.096875
8.55500000239,0.096875
8.55520000239,0.096875
8.55540000239,0.096875
8.55560000239,0.096875
8.55580000239,0.096875
8.55600000239,0.1125
8.55620000239,0.096875
8.55640000239,0.096875
8.55660000239,0.1125
8.55680000239,0.096875
8.55700000239,0.096875
8.55720000239,0.1125
8.55740000239,0.096875
8.55760000239,0.096875
8.55780000239,0.096875
8.55800000239,0.096875
8.55820000239,0.08125
8.55840000239,0.1125
8.55860000239,0.096875
8.55880000239,0.096875
8.55900000239,0.1125
8.55920000239,0.096875
8.55940000239,0.08125
8.55960000239,0.1125
8.55980000239,0.096875
8.56000000239,0.096875
8.56020000239,0.096875
8.56040000239,0.096875
8.56060000239,0.096875
8.56080000239,0.096875
8.56100000239,0.096875
8.56120000239,0.1125
8.56140000239,0.1125
8.56160000239,0.096875
8.56180000239,0.096875
8.56200000239,0.1125
8.56220000239,0.1125
8.56240000239,0.096875
8.56260000239,0.096875
8.56280000239,0.08125
8.56300000239,0.1125
8.56320000239,0.1125
8.56340000239,0.096875
8.56360000239,0.1125
8.56380000239,0.096875
8.56400000239,0.096875
8.56420000239,0.1125
8.56440000239,0.096875
8.56460000239,0.1125
8.56480000239,0.096875
8.56500000239,0.1125
8.56520000239,0.1125
8.56540000239,0.096875
8.56560000239,0.096875
8.56580000239,0.096875
8.56600000239,0.1125
8.56620000239,0.1125
8.56640000239,0.096875
8.56660000239,0.08125
8.56680000239,0.096875
8.56700000239,0.096875
8.56720000239,0.096875
8.56740000239,0.1125
8.56760000239,0.096875
8.56780000239,0.1125
8.56800000239,0.096875
8.56820000239,0.096875
8.56840000239,0.1125
8.56860000239,0.096875
8.56880000239,0.1125
8.56900000239,0.1125
8.56920000239,0.096875
8.56940000239,0.1125
8.56960000239,0.1125
8.56980000239,0.1125
8.57000000239,0.1125
8.57020000239,0.1125
8.57040000239,0.096875
8.57060000239,0.096875
8.57080000239,0.096875
8.57100000239,0.1125
8.57120000239,0.1125
8.57140000239,0.096875
8.57160000239,0.096875
8.57180000239,0.096875
8.57200000239,0.096875
8.57220000239,0.096875
8.57240000239,0.1125
8.57260000239,0.1125
8.57280000239,0.1125
8.57300000239,0.096875
8.57320000239,0.096875
8.57340000239,0.128125
8.57360000239,0.1125
8.57380000239,0.1125
8.57400000239,0.1125
8.57420000239,0.096875
8.57440000239,0.096875
8.57460000239,0.096875
8.57480000239,0.1125
8.57500000239,0.1125
8.57520000239,0.096875
8.57540000239,0.1125
8.57560000239,0.1125
8.57580000239,0.1125
8.57600000239,0.128125
8.57620000239,0.1125
8.57640000239,0.1125
8.57660000239,0.1125
8.57680000239,0.1125
8.57700000239,0.1125
8.57720000239,0.1125
8.57740000239,0.096875
8.57760000239,0.096875
8.57780000239,0.096875
8.57800000239,0.1125
8.57820000239,0.128125
8.57840000239,0.1125
8.57860000239,0.1125
8.57880000239,0.1125
8.57900000239,0.096875
8.57920000239,0.1125
8.57940000239,0.128125
8.57960000239,0.1125
8.57980000239,0.14375
8.58000000239,0.128125
8.58020000239,0.1125
8.58040000239,0.128125
8.58060000239,0.1125
8.58080000239,0.1125
8.58100000239,0.1125
8.58120000239,0.1125
8.58140000239,0.1125
8.58160000239,0.1125
8.58180000239,0.096875
8.58200000239,0.096875
8.58220000239,0.1125
8.58240000239,0.1125
8.58260000239,0.1125
8.58280000239,0.1125
8.58300000239,0.1125
8.58320000239,0.1125
8.58340000239,0.14375
8.58360000239,0.128125
8.58380000239,0.1125
8.58400000239,0.128125
8.58420000239,0.1125
8.58440000239,0.1125
8.58460000239,0.128125
8.58480000239,0.1125
8.58500000239,0.128125
8.58520000239,0.128125
8.58540000239,0.1125
8.58560000239,0.128125
8.58580000239,0.128125
8.58600000239,0.1125
8.58620000239,0.1125
8.58640000239,0.1125
8.58660000239,0.128125
8.58680000239,0.1125
8.58700000239,0.1125
8.58720000239,0.128125
8.58740000239,0.1125
8.58760000239,0.128125
8.58780000239,0.1125
8.58800000239,0.128125
8.58820000239,0.128125
8.58840000239,0.128125
8.58860000239,0.128125
8.58880000239,0.128125
8.58900000239,0.128125
8.58920000239,0.128125
8.58940000239,0.096875
8.58960000239,0.1125
8.58980000239,0.128125
8.59000000239,0.128125
8.59020000239,0.128125
8.59040000239,0.128125
8.59060000239,0.128125
8.59080000239,0.128125
8.59100000239,0.1125
8.59120000239,0.128125
8.59140000239,0.128125
8.59160000239,0.1125
8.59180000239,0.128125
8.59200000239,0.128125
8.59220000239,0.1125
8.59240000239,0.128125
8.59260000239,0.14375
8.59280000239,0.128125
8.59300000239,0.14375
8.59320000239,0.128125
8.59340000239,0.128125
8.59360000239,0.14375
8.59380000239,0.1125
8.59400000239,0.1125
8.59420000239,0.128125
8.59440000239,0.128125
8.59460000239,0.128125
8.59480000239,0.1125
8.59500000239,0.128125
8.59520000239,0.128125
8.59540000239,0.14375
8.59560000239,0.14375
8.59580000239,0.128125
8.59600000239,0.128125
8.59620000239,0.128125
8.59640000239,0.14375
8.59660000239,0.128125
8.59680000239,0.128125
8.59700000239,0.128125
8.59720000239,0.128125
8.59740000239,0.14375
8.59760000239,0.128125
8.59780000239,0.128125
8.59800000239,0.128125
8.59820000239,0.128125
8.59840000239,0.128125
8.59860000239,0.14375
8.59880000239,0.14375
8.59900000239,0.128125
8.59920000239,0.128125
8.59940000239,0.14375
8.59960000239,0.128125
8.59980000239,0.14375
8.60000000239,0.128125
8.60020000239,0.128125
8.60040000239,0.14375
8.60060000239,0.14375
8.60080000239,0.14375
8.60100000239,0.14375
8.60120000239,0.128125
8.60140000239,0.14375
8.60160000239,0.128125
8.60180000239,0.14375
8.60200000239,0.14375
8.60220000239,0.128125
8.60240000239,0.128125
8.60260000239,0.128125
8.60280000239,0.14375
8.60300000239,0.128125
8.60320000239,0.159375
8.60340000239,0.14375
8.60360000239,0.14375
8.60380000239,0.128125
8.60400000239,0.14375
8.60420000239,0.128125
8.60440000239,0.14375
8.60460000239,0.14375
8.60480000239,0.14375
8.60500000239,0.159375
8.60520000239,0.14375
8.60540000239,0.128125
8.60560000239,0.14375
8.60580000239,0.14375
8.60600000239,0.128125
8.60620000239,0.14375
8.60640000239,0.159375
8.60660000239,0.128125
8.60680000239,0.14375
8.60700000239,0.14375
8.60720000239,0.14375
8.60740000239,0.14375
8.60760000239,0.14375
8.60780000239,0.128125
8.60800000239,0.159375
8.60820000239,0.14375
8.60840000239,0.14375
8.60860000239,0.128125
8.60880000239,0.14375
8.60900000239,0.14375
8.60920000239,0.128125
8.60940000239,0.14375
8.60960000239,0.14375
8.60980000239,0.128125
8.61000000239,0.14375
8.61020000239,0.14375
8.61040000239,0.14375
8.61060000239,0.14375
8.61080000239,0.14375
8.61100000239,0.14375
8.61120000239,0.14375
8.61140000239,0.14375
8.61160000239,0.14375
8.61180000239,0.14375
8.61200000239,0.159375
8.61220000239,0.14375
8.61240000239,0.14375
8.61260000239,0.159375
8.61280000239,0.128125
8.61300000239,0.14375
8.61320000239,0.14375
8.61340000239,0.14375
8.61360000239,0.14375
8.61380000239,0.14375
8.61400000239,0.14375
8.61420000239,0.159375
8.61440000239,0.159375
8.61460000239,0.159375
8.61480000239,0.159375
8.61500000239,0.159375
8.61520000239,0.159375
8.61540000239,0.159375
8.61560000239,0.159375
8.61580000239,0.14375
8.61600000239,0.159375
8.61620000239,0.14375
8.61640000239,0.159375
8.61660000239,0.159375
8.61680000239,0.159375
8.61700000239,0.14375
8.61720000239,0.14375
8.61740000239,0.175
8.61760000239,0.159375
8.61780000239,0.159375
8.61800000239,0.159375
8.61820000239,0.159375
8.61840000239,0.14375
8.61860000239,0.159375
8.61880000239,0.159375
8.61900000239,0.159375
8.61920000239,0.159375
8.61940000239,0.159375
8.61960000239,0.159375
8.61980000239,0.159375
8.62000000239,0.159375
8.62020000239,0.159375
8.62040000239,0.159375
8.62060000239,0.159375
8.62080000239,0.159375
8.62100000239,0.175
8.62120000239,0.159375
8.62140000239,0.14375
8.62160000239,0.175
8.62180000239,0.159375
8.62200000239,0.159375
8.62220000239,0.175
8.62240000239,0.175
8.62260000239,0.14375
8.62280000239,0.159375
8.62300000239,0.159375
8.62320000239,0.159375
8.62340000239,0.159375
8.62360000239,0.159375
8.62380000239,0.159375
8.62400000239,0.159375
8.62420000239,0.175
8.62440000239,0.175
8.62460000239,0.175
8.62480000239,0.159375
8.62500000239,0.159375
8.62520000239,0.159375
8.62540000239,0.159375
8.62560000239,0.175
8.62580000239,0.175
8.62600000239,0.190625
8.62620000239,0.14375
8.62640000239,0.175
8.62660000239,0.159375
8.62680000239,0.14375
8.62700000239,0.175
8.62720000239,0.175
8.62740000239,0.175
8.62760000239,0.159375
8.62780000239,0.159375
8.62800000239,0.159375
8.62820000239,0.175
8.62840000239,0.175
8.62860000239,0.175
8.62880000239,0.190625
8.62900000239,0.159375
8.62920000239,0.175
8.62940000239,0.175
8.62960000239,0.159375
8.62980000239,0.175
8.63000000239,0.175
8.63020000239,0.159375
8.63040000239,0.190625
8.63060000239,0.159375
8.63080000239,0.175
8.63100000239,0.175
8.63120000239,0.175
8.63140000239,0.159375
8.63160000239,0.175
8.63180000239,0.175
8.63200000239,0.159375
8.63220000239,0.175
8.63240000239,0.175
8.63260000239,0.175
8.63280000239,0.175
8.63300000239,0.175
8.63320000239,0.190625
8.63340000239,0.175
8.63360000239,0.175
8.63380000239,0.175
8.63400000239,0.175
8.63420000239,0.175
8.63440000239,0.159375
8.63460000239,0.175
8.63480000239,0.175
8.63500000239,0.159375
8.63520000239,0.175
8.63540000239,0.175
8.63560000239,0.190625
8.63580000239,0.175
8.63600000239,0.190625
8.63620000239,0.175
8.63640000239,0.175
8.63660000239,0.190625
8.63680000239,0.190625
8.63700000239,0.20625
8.63720000239,0.190625
8.63740000239,0.190625
8.63760000239,0.175
8.63780000239,0.190625
8.63800000239,0.175
8.63820000239,0.190625
8.63840000239,0.190625
8.63860000239,0.175
8.63880000239,0.175
8.63900000239,0.175
8.63920000239,0.190625
8.63940000239,0.190625
8.63960000239,0.175
8.63980000239,0.175
8.64000000239,0.175
8.64020000239,0.175
8.64040000239,0.175
8.64060000239,0.175
8.64080000239,0.190625
8.64100000239,0.190625
8.64120000239,0.190625
8.64140000239,0.190625
8.64160000239,0.190625
8.64180000239,0.175
8.64200000239,0.190625
8.64220000239,0.190625
8.64240000239,0.175
8.64260000239,0.20625
8.64280000239,0.190625
8.64300000239,0.190625
8.64320000239,0.175
8.64340000239,0.190625
8.64360000239,0.20625
8.64380000239,0.190625
8.64400000239,0.190625
8.64420000239,0.20625
8.64440000239,0.175
8.64460000239,0.175
8.64480000239,0.20625
8.64500000239,0.175
8.64520000239,0.190625
8.64540000239,0.175
8.64560000239,0.190625
8.64580000239,0.190625
8.64600000239,0.190625
8.64620000239,0.190625
8.64640000239,0.190625
8.64660000239,0.20625
8.64680000239,0.190625
8.64700000239,0.190625
8.64720000239,0.20625
8.64740000239,0.190625
8.64760000239,0.190625
8.64780000239,0.20625
8.64800000239,0.190625
8.64820000239,0.20625
8.64840000239,0.190625
8.64860000239,0.20625
8.64880000239,0.190625
8.64900000239,0.190625
8.64920000239,0.190625
8.64940000239,0.190625
8.64960000239,0.20625
8.64980000239,0.20625
8.65000000239,0.20625
8.65020000239,0.20625
8.65040000239,0.20625
8.65060000239,0.20625
8.65080000239,0.20625
8.65100000239,0.20625
8.65120000239,0.190625
8.65140000239,0.20625
8.65160000239,0.190625
8.65180000239,0.20625
8.65200000239,0.20625
8.65220000239,0.20625
8.65240000239,0.190625
8.65260000239,0.190625
8.65280000239,0.20625
8.65300000239,0.20625
8.65320000239,0.20625
8.65340000239,0.20625
8.65360000239,0.20625
8.65380000239,0.190625
8.65400000239,0.190625
8.65420000239,0.20625
8.65440000239,0.20625
8.65460000239,0.20625
8.65480000239,0.20625
8.65500000239,0.190625
8.65520000239,0.20625
8.65540000239,0.20625
8.65560000239,0.20625
8.65580000239,0.20625
8.65600000239,0.20625
8.65620000239,0.20625
8.65640000239,0.20625
8.65660000239,0.20625
8.65680000239,0.190625
8.65700000239,0.20625
8.65720000239,0.20625
8.65740000239,0.20625
8.65760000239,0.20625
8.65780000239,0.20625
8.65800000239,0.221875
8.65820000239,0.20625
8.65840000239,0.20625
8.65860000239,0.20625
8.65880000239,0.20625
8.65900000239,0.20625
8.65920000239,0.20625
8.65940000239,0.20625
8.65960000239,0.221875
8.65980000239,0.20625
8.66000000239,0.20625
8.66020000239,0.221875
8.66040000239,0.20625
8.66060000239,0.20625
8.66080000239,0.20625
8.66100000239,0.221875
8.66120000239,0.221875
8.66140000239,0.20625
8.66160000239,0.20625
8.66180000239,0.221875
8.66200000239,0.221875
8.66220000239,0.20625
8.66240000239,0.20625
8.66260000239,0.20625
8.66280000239,0.20625
8.66300000239,0.221875
8.66320000239,0.20625
8.66340000239,0.20625
8.66360000239,0.221875
8.66380000239,0.20625
8.66400000239,0.20625
8.66420000239,0.221875
8.66440000239,0.20625
8.66460000239,0.221875
8.66480000239,0.221875
8.66500000239,0.2375
8.66520000239,0.2375
8.66540000239,0.221875
8.66560000239,0.221875
8.66580000239,0.20625
8.66600000239,0.20625
8.66620000239,0.221875
8.66640000239,0.221875
8.66660000239,0.20625
8.66680000239,0.221875
8.66700000239,0.20625
8.66720000239,0.221875
8.66740000239,0.221875
8.66760000239,0.221875
8.66780000239,0.221875
8.66800000239,0.20625
8.66820000239,0.20625
8.66840000239,0.221875
8.66860000239,0.221875
8.66880000239,0.221875
8.66900000239,0.221875
8.66920000239,0.221875
8.66940000239,0.2375
8.66960000239,0.221875
8.66980000239,0.221875
8.67000000239,0.221875
8.67020000239,0.221875
8.67040000239,0.221875
8.67060000239,0.221875
8.67080000239,0.2375
8.67100000239,0.221875
8.67120000239,0.2375
8.67140000239,0.2375
8.67160000239,0.2375
8.67180000239,0.221875
8.67200000239,0.221875
8.67220000239,0.2375
8.67240000239,0.221875
8.67260000239,0.2375
8.67280000239,0.221875
8.67300000239,0.221875
8.67320000239,0.20625
8.67340000239,0.221875
8.67360000239,0.2375
8.67380000239,0.2375
8.67400000239,0.221875
8.67420000239,0.2375
8.67440000239,0.221875
8.67460000239,0.2375
8.67480000239,0.2375
8.67500000239,0.2375
8.67520000239,0.221875
8.67540000239,0.2375
8.67560000239,0.2375
8.67580000239,0.2375
8.67600000239,0.2375
8.67620000239,0.221875
8.67640000239,0.2375
8.67660000239,0.2375
8.67680000239,0.221875
8.67700000239,0.253125
8.67720000239,0.2375
8.67740000239,0.2375
8.67760000239,0.2375
8.67780000239,0.253125
8.67800000239,0.2375
8.67820000239,0.2375
8.67840000239,0.2375
8.67860000239,0.2375
8.67880000239,0.2375
8.67900000239,0.2375
8.67920000239,0.2375
8.67940000239,0.221875
8.67960000239,0.2375
8.67980000239,0.2375
8.68000000239,0.253125
8.68020000239,0.2375
8.68040000239,0.221875
8.68060000239,0.2375
8.68080000239,0.2375
8.68100000239,0.2375
8.68120000239,0.2375
8.68140000239,0.253125
8.68160000239,0.2375
8.68180000239,0.2375
8.68200000239,0.2375
8.68220000239,0.2375
8.68240000239,0.2375
8.68260000239,0.2375
8.68280000239,0.2375
8.68300000239,0.253125
8.68320000239,0.2375
8.68340000239,0.253125
8.68360000239,0.253125
8.68380000239,0.2375
8.68400000239,0.253125
8.68420000239,0.253125
8.68440000239,0.2375
8.68460000239,0.253125
8.68480000239,0.253125
8.68500000239,0.253125
8.68520000239,0.2375
8.68540000239,0.253125
8.68560000239,0.2375
8.68580000239,0.2375
8.68600000239,0.2375
8.68620000239,0.253125
8.68640000239,0.253125
8.68660000239,0.2375
8.68680000239,0.2375
8.68700000239,0.2375
8.68720000239,0.253125
8.68740000239,0.253125
8.68760000239,0.2375
8.68780000239,0.26875
8.68800000239,0.253125
8.68820000239,0.253125
8.68840000239,0.26875
8.68860000239,0.253125
8.68880000239,0.253125
8.68900000239,0.253125
8.68920000239,0.26875
8.68940000239,0.253125
8.68960000239,0.253125
8.68980000239,0.2375
8.69000000239,0.253125
8.69020000239,0.253125
8.69040000239,0.253125
8.69060000239,0.253125
8.69080000239,0.26875
8.69100000239,0.253125
8.69120000239,0.2375
8.69140000239,0.253125
8.69160000239,0.253125
8.69180000239,0.253125
8.69200000239,0.253125
8.69220000239,0.26875
8.69240000239,0.253125
8.69260000239,0.253125
8.69280000239,0.2375
8.69300000239,0.253125
8.69320000239,0.26875
8.69340000239,0.253125
8.69360000239,0.253125
8.69380000239,0.26875
8.69400000239,0.26875
8.69420000239,0.2375
8.69440000239,0.253125
8.69460000239,0.2375
8.69480000239,0.253125
8.69500000239,0.253125
8.69520000239,0.253125
8.69540000239,0.253125
8.69560000239,0.26875
8.69580000239,0.253125
8.69600000239,0.253125
8.69620000239,0.26875
8.69640000239,0.26875
8.69660000239,0.253125
8.69680000239,0.2375
8.69700000239,0.253125
8.69720000239,0.253125
8.69740000239,0.253125
8.69760000239,0.26875
8.69780000239,0.26875
8.69800000239,0.26875
8.69820000239,0.26875
8.69840000239,0.253125
8.69860000239,0.253125
8.69880000239,0.26875
8.69900000239,0.253125
8.69920000239,0.253125
8.69940000239,0.253125
8.69960000239,0.253125
8.69980000239,0.26875
8.70000000239,0.26875
8.70020000239,0.253125
8.70040000239,0.253125
8.70060000239,0.253125
8.70080000239,0.284375
8.70100000239,0.26875
8.70120000239,0.284375
8.70140000239,0.253125
8.70160000239,0.26875
8.70180000239,0.26875
8.70200000239,0.26875
8.70220000239,0.26875
8.70240000239,0.26875
8.70260000239,0.26875
8.70280000239,0.26875
8.70300000239,0.26875
8.70320000239,0.26875
8.70340000239,0.26875
8.70360000239,0.26875
8.70380000239,0.26875
8.70400000239,0.26875
8.70420000239,0.26875
8.70440000239,0.26875
8.70460000239,0.284375
8.70480000239,0.284375
8.70500000239,0.284375
8.70520000239,0.26875
8.70540000239,0.253125
8.70560000239,0.26875
8.70580000239,0.26875
8.70600000239,0.26875
8.70620000239,0.26875
8.70640000239,0.284375
8.70660000239,0.26875
8.70680000239,0.26875
8.70700000239,0.26875
8.70720000239,0.284375
8.70740000239,0.26875
8.70760000239,0.284375
8.70780000239,0.284375
8.70800000239,0.26875
8.70820000239,0.26875
8.70840000239,0.26875
8.70860000239,0.26875
8.70880000239,0.284375
8.70900000239,0.26875
8.70920000239,0.284375
8.70940000239,0.26875
8.70960000239,0.284375
8.70980000239,0.284375
8.71000000239,0.284375
8.71020000239,0.26875
8.71040000239,0.284375
8.71060000239,0.26875
8.71080000239,0.284375
8.71100000239,0.253125
8.71120000239,0.26875
8.71140000239,0.26875
8.71160000239,0.26875
8.71180000239,0.284375
8.71200000239,0.26875
8.71220000239,0.284375
8.71240000239,0.284375
8.71260000239,0.284375
8.71280000239,0.284375
8.71300000239,0.253125
8.71320000239,0.284375
8.71340000239,0.284375
8.71360000239,0.284375
8.71380000239,0.284375
8.71400000239,0.26875
8.71420000239,0.284375
8.71440000239,0.284375
8.71460000239,0.26875
8.71480000239,0.284375
8.71500000239,0.284375
8.71520000239,0.26875
8.71540000239,0.26875
8.71560000239,0.284375
8.71580000239,0.3
8.71600000239,0.284375
8.71620000239,0.284375
8.71640000239,0.3
8.71660000239,0.284375
8.71680000239,0.284375
8.71700000239,0.284375
8.71720000239,0.284375
8.71740000239,0.3
8.71760000239,0.284375
8.71780000239,0.3
8.71800000239,0.284375
8.71820000239,0.3
8.71840000239,0.315625
8.71860000239,0.284375
8.71880000239,0.284375
8.71900000239,0.3
8.71920000239,0.3
8.71940000239,0.284375
8.71960000239,0.3
8.71980000239,0.3
8.72000000239,0.284375
8.72020000239,0.284375
8.72040000239,0.3
8.72060000239,0.284375
8.72080000239,0.3
8.72100000239,0.284375
8.72120000239,0.3
8.72140000239,0.284375
8.72160000239,0.284375
8.72180000239,0.3
8.72200000239,0.3
8.72220000239,0.284375
8.72240000239,0.284375
8.72260000239,0.3
8.72280000239,0.284375
8.72300000239,0.3
8.72320000239,0.284375
8.72340000239,0.284375
8.72360000239,0.315625
8.72380000239,0.284375
8.72400000239,0.3
8.72420000239,0.315625
8.72440000239,0.3
8.72460000239,0.3
8.72480000239,0.3
8.72500000239,0.3
8.72520000239,0.284375
8.72540000239,0.284375
8.72560000239,0.3
8.72580000239,0.3
8.72600000239,0.3
8.72620000239,0.3
8.72640000239,0.3
8.72660000239,0.3
8.72680000239,0.284375
8.72700000239,0.284375
8.72720000239,0.3
8.72740000239,0.26875
8.72760000239,0.3
8.72780000239,0.3
8.72800000239,0.3
8.72820000239,0.3
8.72840000239,0.284375
8.72860000239,0.3
8.72880000239,0.3
8.72900000239,0.3
8.72920000239,0.3
8.72940000239,0.3
8.72960000239,0.315625
8.72980000239,0.3
8.73000000239,0.3
8.73020000239,0.315625
8.73040000239,0.3
8.73060000239,0.3
8.73080000239,0.3
8.73100000239,0.315625
8.73120000239,0.3
8.73140000239,0.3
8.73160000239,0.3
8.73180000239,0.315625
8.73200000239,0.3
8.73220000239,0.315625
8.73240000239,0.315625
8.73260000239,0.315625
8.73280000239,0.3
8.73300000239,0.284375
8.73320000239,0.3
8.73340000239,0.3
8.73360000239,0.315625
8.73380000239,0.3
8.73400000239,0.315625
8.73420000239,0.3
8.73440000239,0.3
8.73460000239,0.3
8.73480000239,0.284375
8.73500000239,0.3
8.73520000239,0.3
8.73540000239,0.315625
8.73560000239,0.3
8.73580000239,0.315625
8.73600000239,0.3
8.73620000239,0.315625
8.73640000239,0.3
8.73660000239,0.33125
8.73680000239,0.3
8.73700000239,0.315625
8.73720000239,0.315625
8.73740000239,0.315625
8.73760000239,0.315625
8.73780000239,0.315625
8.73800000239,0.315625
8.73820000239,0.3
8.73840000239,0.315625
8.73860000239,0.315625
8.73880000239,0.315625
8.73900000239,0.3
8.73920000239,0.315625
8.73940000239,0.3
8.73960000239,0.315625
8.73980000239,0.315625
8.74000000239,0.315625
8.74020000239,0.315625
8.74040000239,0.3
8.74060000239,0.315625
8.74080000239,0.315625
8.74100000239,0.315625
8.74120000239,0.315625
8.74140000239,0.315625
8.74160000239,0.315625
8.74180000239,0.33125
8.74200000239,0.315625
8.74220000239,0.315625
8.74240000239,0.3
8.74260000239,0.315625
8.74280000239,0.315625
8.74300000239,0.315625
8.74320000239,0.315625
8.74340000239,0.315625
8.74360000239,0.315625
8.74380000239,0.315625
8.74400000239,0.315625
8.74420000239,0.315625
8.74440000239,0.315625
8.74460000239,0.33125
8.74480000239,0.33125
8.74500000239,0.315625
8.74520000239,0.315625
8.74540000239,0.315625
8.74560000239,0.315625
8.74580000239,0.315625
8.74600000239,0.315625
8.74620000239,0.315625
8.74640000239,0.315625
8.74660000239,0.33125
8.74680000239,0.315625
8.74700000239,0.315625
8.74720000239,0.33125
8.74740000239,0.315625
8.74760000239,0.33125
8.74780000239,0.315625
8.74800000239,0.3
8.74820000239,0.315625
8.74840000239,0.315625
8.74860000239,0.315625
8.74880000239,0.33125
8.74900000239,0.346875
8.74920000239,0.315625
8.74940000239,0.315625
8.74960000239,0.33125
8.74980000239,0.33125
8.75000000239,0.315625
8.75020000239,0.346875
8.75040000239,0.315625
8.75060000239,0.33125
8.75080000239,0.33125
8.75100000239,0.33125
8.75120000239,0.33125
8.75140000239,0.33125
8.75160000239,0.33125
8.75180000239,0.33125
8.75200000239,0.33125
8.75220000239,0.33125
8.75240000239,0.315625
8.75260000239,0.33125
8.75280000239,0.315625
8.75300000239,0.315625
8.75320000239,0.33125
8.75340000239,0.33125
8.75360000239,0.33125
8.75380000239,0.315625
8.75400000239,0.33125
8.75420000239,0.33125
8.75440000239,0.33125
8.75460000239,0.33125
8.75480000239,0.33125
8.75500000239,0.3625
8.75520000239,0.33125
8.75540000239,0.33125
8.75560000239,0.33125
8.75580000239,0.33125
8.75600000239,0.33125
8.75620000239,0.33125
8.75640000239,0.33125
8.75660000239,0.33125
8.75680000239,0.33125
8.75700000239,0.33125
8.75720000239,0.346875
8.75740000239,0.33125
8.75760000239,0.33125
8.75780000239,0.33125
8.75800000239,0.33125
8.75820000239,0.33125
8.75840000239,0.33125
8.75860000239,0.346875
8.75880000239,0.346875
8.75900000239,0.346875
8.75920000239,0.33125
8.75940000239,0.33125
8.75960000239,0.346875
8.75980000239,0.346875
8.76000000239,0.346875
8.76020000239,0.33125
8.76040000239,0.346875
8.76060000239,0.33125
8.76080000239,0.33125
8.76100000239,0.346875
8.76120000239,0.346875
8.76140000239,0.346875
8.76160000239,0.346875
8.76180000239,0.346875
8.76200000239,0.346875
8.76220000239,0.346875
8.76240000239,0.33125
8.76260000239,0.346875
8.76280000239,0.346875
8.76300000239,0.346875
8.76320000239,0.3625
8.76340000239,0.3625
8.76360000239,0.346875
8.76380000239,0.346875
8.76400000239,0.346875
8.76420000239,0.3625
8.76440000239,0.346875
8.76460000239,0.346875
8.76480000239,0.346875
8.76500000239,0.346875
8.76520000239,0.346875
8.76540000239,0.346875
8.76560000239,0.346875
8.76580000239,0.346875
8.76600000239,0.33125
8.76620000239,0.346875
8.76640000239,0.346875
8.76660000239,0.346875
8.76680000239,0.346875
8.76700000239,0.346875
8.76720000239,0.33125
8.76740000239,0.346875
8.76760000239,0.346875
8.76780000239,0.346875
8.76800000239,0.3625
8.76820000239,0.3625
8.76840000239,0.3625
8.76860000239,0.3625
8.76880000239,0.346875
8.76900000239,0.346875
8.76920000239,0.3625
8.76940000239,0.346875
8.76960000239,0.3625
8.76980000239,0.346875
8.77000000239,0.3625
8.77020000239,0.3625
8.77040000239,0.3625
8.77060000239,0.3625
8.77080000239,0.346875
8.77100000239,0.3625
8.77120000239,0.3625
8.77140000239,0.3625
8.77160000239,0.3625
8.77180000239,0.3625
8.77200000239,0.3625
8.77220000239,0.3625
8.77240000239,0.3625
8.77260000239,0.3625
8.77280000239,0.3625
8.77300000239,0.3625
8.77320000239,0.346875
8.77340000239,0.3625
8.77360000239,0.3625
8.77380000239,0.3625
8.77400000239,0.3625
8.77420000239,0.3625
8.77440000239,0.378125
8.77460000239,0.378125
8.77480000239,0.3625
8.77500000239,0.3625
8.77520000239,0.378125
8.77540000239,0.378125
8.77560000239,0.378125
8.77580000239,0.3625
8.77600000239,0.378125
8.77620000239,0.3625
8.77640000239,0.378125
8.77660000239,0.378125
8.77680000239,0.378125
8.77700000239,0.378125
8.77720000239,0.378125
8.77740000239,0.378125
8.77760000239,0.378125
8.77780000239,0.378125
8.77800000239,0.378125
8.77820000239,0.39375
8.77840000239,0.378125
8.77860000239,0.378125
8.77880000239,0.378125
8.77900000239,0.39375
8.77920000239,0.378125
8.77940000239,0.378125
8.77960000239,0.378125
8.77980000239,0.378125
8.78000000239,0.378125
8.78020000239,0.39375
8.78040000239,0.378125
8.78060000239,0.39375
8.78080000239,0.378125
8.78100000239,0.378125
8.78120000239,0.39375
8.78140000239,0.39375
8.78160000239,0.39375
8.78180000239,0.378125
8.78200000239,0.39375
8.78220000239,0.39375
8.78240000239,0.39375
8.78260000239,0.39375
8.78280000239,0.39375
8.78300000239,0.378125
8.78320000239,0.39375
8.78340000239,0.409375
8.78360000239,0.378125
8.78380000239,0.378125
8.78400000239,0.409375
8.78420000239,0.39375
8.78440000239,0.409375
8.78460000239,0.39375
8.78480000239,0.409375
8.78500000239,0.39375
8.78520000239,0.39375
8.78540000239,0.39375
8.78560000239,0.378125
8.78580000239,0.409375
8.78600000239,0.39375
8.78620000239,0.378125
8.78640000239,0.409375
8.78660000239,0.409375
8.78680000239,0.425
8.78700000239,0.39375
8.78720000239,0.409375
8.78740000239,0.409375
8.78760000239,0.409375
8.78780000239,0.39375
8.78800000239,0.409375
8.78820000239,0.39375
8.78840000239,0.409375
8.78860000239,0.409375
8.78880000239,0.409375
8.78900000239,0.409375
8.78920000239,0.409375
8.78940000239,0.409375
8.78960000239,0.409375
8.78980000239,0.409375
8.79000000239,0.409375
8.79020000239,0.425
8.79040000239,0.425
8.79060000239,0.425
8.79080000239,0.409375
8.79100000239,0.409375
8.79120000239,0.409375
8.79140000239,0.409375
8.79160000239,0.409375
8.79180000239,0.425
8.79200000239,0.409375
8.79220000239,0.425
8.79240000239,0.425
8.79260000239,0.425
8.79280000239,0.425
8.79300000239,0.409375
8.79320000239,0.425
8.79340000239,0.409375
8.79360000239,0.425
8.79380000239,0.425
8.79400000239,0.425
8.79420000239,0.425
8.79440000239,0.425
8.79460000239,0.409375
8.79480000239,0.409375
8.79500000239,0.425
8.79520000239,0.425
8.79540000239,0.425
8.79560000239,0.409375
8.79580000239,0.440625
8.79600000239,0.425
8.79620000239,0.425
8.79640000239,0.425
8.79660000239,0.425
8.79680000239,0.440625
8.79700000239,0.425
8.79720000239,0.440625
8.79740000239,0.425
8.79760000239,0.440625
8.79780000239,0.440625
8.79800000239,0.440625
8.79820000239,0.440625
8.79840000239,0.440625
8.79860000239,0.440625
8.79880000239,0.440625
8.79900000239,0.425
8.79920000239,0.440625
8.79940000239,0.440625
8.79960000239,0.440625
8.79980000239,0.440625
8.80000000239,0.440625
8.80020000239,0.440625
8.80040000239,0.45625
8.80060000239,0.440625
8.80080000239,0.45625
8.80100000239,0.425
8.80120000239,0.440625
8.80140000239,0.45625
8.80160000239,0.440625
8.80180000239,0.45625
8.80200000239,0.45625
8.80220000239,0.45625
8.80240000239,0.45625
8.80260000239,0.45625
8.80280000239,0.45625
8.80300000239,0.471875
8.80320000239,0.45625
8.80340000239,0.45625
8.80360000239,0.45625
8.80380000239,0.45625
8.80400000239,0.471875
8.80420000239,0.45625
8.80440000239,0.471875
8.80460000239,0.440625
8.80480000239,0.45625
8.80500000239,0.45625
8.80520000239,0.45625
8.80540000239,0.471875
8.80560000239,0.45625
8.80580000239,0.45625
8.80600000239,0.45625
8.80620000239,0.471875
8.80640000239,0.471875
8.80660000239,0.45625
8.80680000239,0.45625
8.80700000239,0.471875
8.80720000239,0.471875
8.80740000239,0.45625
8.80760000239,0.45625
8.80780000239,0.471875
8.80800000239,0.45625
8.80820000239,0.45625
8.80840000239,0.45625
8.80860000239,0.471875
8.80880000239,0.471875
8.80900000239,0.45625
8.80920000239,0.471875
8.80940000239,0.471875
8.80960000239,0.471875
8.80980000239,0.4875
8.81000000239,0.471875
8.81020000239,0.4875
8.81040000239,0.4875
8.81060000239,0.471875
8.81080000239,0.503125
8.81100000239,0.4875
8.81120000239,0.471875
8.81140000239,0.471875
8.81160000239,0.4875
8.81180000239,0.471875
8.81200000239,0.4875
8.81220000239,0.471875
8.81240000239,0.471875
8.81260000239,0.4875
8.81280000239,0.471875
8.81300000239,0.471875
8.81320000239,0.4875
8.81340000239,0.4875
8.81360000239,0.471875
8.81380000239,0.4875
8.81400000239,0.4875
8.81420000239,0.4875
8.81440000239,0.4875
8.81460000239,0.471875
8.81480000239,0.4875
8.81500000239,0.4875
8.81520000239,0.4875
8.81540000239,0.4875
8.81560000239,0.4875
8.81580000239,0.503125
8.81600000239,0.4875
8.81620000239,0.4875
8.81640000239,0.503125
8.81660000239,0.503125
8.81680000239,0.503125
8.81700000239,0.4875
8.81720000239,0.4875
8.81740000239,0.4875
8.81760000239,0.503125
8.81780000239,0.503125
8.81800000239,0.503125
8.81820000239,0.503125
8.81840000239,0.503125
8.81860000239,0.4875
8.81880000239,0.4875
8.81900000239,0.503125
8.81920000239,0.503125
8.81940000239,0.503125
8.81960000239,0.503125
8.81980000239,0.503125
8.82000000239,0.503125
8.82020000239,0.503125
8.82040000239,0.51875
8.82060000239,0.503125
8.82080000239,0.51875
8.82100000239,0.51875
8.82120000239,0.51875
8.82140000239,0.51875
8.82160000239,0.51875
8.82180000239,0.51875
8.82200000239,0.534375
8.82220000239,0.51875
8.82240000239,0.51875
8.82260000239,0.51875
8.82280000239,0.534375
8.82300000239,0.51875
8.82320000239,0.534375
8.82340000239,0.534375
8.82360000239,0.51875
8.82380000239,0.51875
8.82400000239,0.55
8.82420000239,0.51875
8.82440000239,0.534375
8.82460000239,0.534375
8.82480000239,0.534375
8.82500000239,0.534375
8.82520000239,0.51875
8.82540000239,0.534375
8.82560000239,0.534375
8.82580000239,0.534375
8.82600000239,0.51875
8.82620000239,0.51875
8.82640000239,0.51875
8.82660000239,0.534375
8.82680000239,0.534375
8.82700000239,0.51875
8.82720000239,0.534375
8.82740000239,0.534375
8.82760000239,0.534375
8.82780000239,0.534375
8.82800000239,0.55
8.82820000239,0.55
8.82840000239,0.51875
8.82860000239,0.534375
8.82880000239,0.55
8.82900000239,0.55
8.82920000239,0.534375
8.82940000239,0.55
8.82960000239,0.55
8.82980000239,0.55
8.83000000239,0.55
8.83020000239,0.534375
8.83040000239,0.565625
8.83060000239,0.565625
8.83080000239,0.55
8.83100000239,0.534375
8.83120000239,0.55
8.83140000239,0.565625
8.83160000239,0.55
8.83180000239,0.565625
8.83200000239,0.565625
8.83220000239,0.534375
8.83240000239,0.58125
8.83260000239,0.565625
8.83280000239,0.565625
8.83300000239,0.55
8.83320000239,0.565625
8.83340000239,0.55
8.83360000239,0.565625
8.83380000239,0.565625
8.83400000239,0.565625
8.83420000239,0.565625
8.83440000239,0.565625
8.83460000239,0.58125
8.83480000239,0.565625
8.83500000239,0.58125
8.83520000239,0.58125
8.83540000239,0.58125
8.83560000239,0.58125
8.83580000239,0.58125
8.83600000239,0.58125
8.83620000239,0.596875
8.83640000239,0.58125
8.83660000239,0.58125
8.83680000239,0.596875
8.83700000239,0.58125
8.83720000239,0.58125
8.83740000239,0.58125
8.83760000239,0.58125
8.83780000239,0.58125
8.83800000239,0.596875
8.83820000239,0.58125
8.83840000239,0.596875
8.83860000239,0.58125
8.83880000239,0.596875
8.83900000239,0.565625
8.83920000239,0.596875
8.83940000239,0.58125
8.83960000239,0.596875
8.83980000239,0.596875
8.84000000239,0.596875
8.84020000239,0.6125
8.84040000239,0.596875
8.84060000239,0.596875
8.84080000239,0.596875
8.84100000239,0.6125
8.84120000239,0.58125
8.84140000239,0.596875
8.84160000239,0.6125
8.84180000239,0.6125
8.84200000239,0.6125
8.84220000239,0.6125
8.84240000239,0.596875
8.84260000239,0.596875
8.84280000239,0.596875
8.84300000239,0.6125
8.84320000239,0.6125
8.84340000239,0.628125
8.84360000239,0.596875
8.84380000239,0.6125
8.84400000239,0.6125
8.84420000239,0.628125
8.84440000239,0.628125
8.84460000239,0.6125
8.84480000239,0.64375
8.84500000239,0.628125
8.84520000239,0.6125
8.84540000239,0.6125
8.84560000239,0.6125
8.84580000239,0.628125
8.84600000239,0.628125
8.84620000239,0.628125
8.84640000239,0.6125
8.84660000239,0.6125
8.84680000239,0.628125
8.84700000239,0.6125
8.84720000239,0.628125
8.84740000239,0.64375
8.84760000239,0.628125
8.84780000239,0.628125
8.84800000239,0.628125
8.84820000239,0.64375
8.84840000239,0.628125
8.84860000239,0.628125
8.84880000239,0.64375
8.84900000239,0.64375
8.84920000239,0.659375
8.84940000239,0.64375
8.84960000239,0.628125
8.84980000239,0.64375
8.85000000239,0.64375
8.85020000239,0.628125
8.85040000239,0.64375
8.85060000239,0.64375
8.85080000239,0.659375
8.85100000239,0.659375
8.85120000239,0.64375
8.85140000239,0.64375
8.85160000239,0.64375
8.85180000239,0.659375
8.85200000239,0.659375
8.85220000239,0.659375
8.85240000239,0.659375
8.85260000239,0.64375
8.85280000239,0.659375
8.85300000239,0.659375
8.85320000239,0.659375
8.85340000239,0.64375
8.85360000239,0.659375
8.85380000239,0.659375
8.85400000239,0.659375
8.85420000239,0.659375
8.85440000239,0.659375
8.85460000239,0.675
8.85480000239,0.659375
8.85500000239,0.659375
8.85520000239,0.659375
8.85540000239,0.659375
8.85560000239,0.675
8.85580000239,0.675
8.85600000239,0.675
8.85620000239,0.675
8.85640000239,0.675
8.85660000239,0.659375
8.85680000239,0.659375
8.85700000239,0.675
8.85720000239,0.675
8.85740000239,0.659375
8.85760000239,0.675
8.85780000239,0.675
8.85800000239,0.675
8.85820000239,0.675
8.85840000239,0.690625
8.85860000239,0.675
8.85880000239,0.675
8.85900000239,0.690625
8.85920000239,0.690625
8.85940000239,0.675
8.85960000239,0.690625
8.85980000239,0.70625
8.86000000239,0.690625
8.86020000239,0.70625
8.86040000239,0.690625
8.86060000239,0.690625
8.86080000239,0.690625
8.86100000239,0.690625
8.86120000239,0.690625
8.86140000239,0.70625
8.86160000239,0.70625
8.86180000239,0.70625
8.86200000239,0.70625
8.86220000239,0.70625
8.86240000239,0.675
8.86260000239,0.70625
8.86280000239,0.70625
8.86300000239,0.690625
8.86320000239,0.70625
8.86340000239,0.70625
8.86360000239,0.721875
8.86380000239,0.721875
8.86400000239,0.721875
8.86420000239,0.70625
8.86440000239,0.70625
8.86460000239,0.70625
8.86480000239,0.70625
8.86500000239,0.721875
8.86520000239,0.721875
8.86540000239,0.721875
8.86560000239,0.721875
8.86580000239,0.7375
8.86600000239,0.721875
8.86620000239,0.70625
8.86640000239,0.721875
8.86660000239,0.70625
8.86680000239,0.721875
8.86700000239,0.721875
8.86720000239,0.721875
8.86740000239,0.721875
8.86760000239,0.721875
8.86780000239,0.721875
8.86800000239,0.70625
8.86820000239,0.721875
8.86840000239,0.721875
8.86860000239,0.7375
8.86880000239,0.7375
8.86900000239,0.70625
8.86920000239,0.753125
8.86940000239,0.7375
8.86960000239,0.7375
8.86980000239,0.7375
8.87000000239,0.753125
8.87020000239,0.7375
8.87040000239,0.7375
8.87060000239,0.753125
8.87080000239,0.7375
8.87100000239,0.7375
8.87120000239,0.753125
8.87140000239,0.753125
8.87160000239,0.7375
8.87180000239,0.7375
8.87200000239,0.753125
8.87220000239,0.753125
8.87240000239,0.76875
8.87260000239,0.753125
8.87280000239,0.753125
8.87300000239,0.753125
8.87320000239,0.753125
8.87340000239,0.753125
8.87360000239,0.753125
8.87380000239,0.7375
8.87400000239,0.753125
8.87420000239,0.753125
8.87440000239,0.753125
8.87460000239,0.753125
8.87480000239,0.753125
8.87500000239,0.753125
8.87520000239,0.753125
8.87540000239,0.76875
8.87560000239,0.753125
8.87580000239,0.76875
8.87600000239,0.753125
8.87620000239,0.76875
8.87640000239,0.76875
8.87660000239,0.753125
8.87680000239,0.753125
8.87700000239,0.753125
8.87720000239,0.76875
8.87740000239,0.753125
8.87760000239,0.76875
8.87780000239,0.76875
8.87800000239,0.784375
8.87820000239,0.753125
8.87840000239,0.76875
8.87860000239,0.76875
8.87880000239,0.76875
8.87900000239,0.76875
8.87920000239,0.784375
8.87940000239,0.784375
8.87960000239,0.76875
8.87980000239,0.76875
8.88000000239,0.784375
8.88020000239,0.784375
8.88040000239,0.76875
8.88060000239,0.8
8.88080000239,0.784375
8.88100000239,0.784375
8.88120000239,0.784375
8.88140000239,0.784375
8.88160000239,0.784375
8.88180000239,0.8
8.88200000239,0.784375
8.88220000239,0.8
8.88240000239,0.8
8.88260000239,0.8
8.88280000239,0.784375
8.88300000239,0.8
8.88320000239,0.815625
8.88340000239,0.8
8.88360000239,0.8
8.88380000239,0.8
8.88400000239,0.8
8.88420000239,0.784375
8.88440000239,0.784375
8.88460000239,0.8
8.88480000239,0.8
8.88500000239,0.8
8.88520000239,0.784375
8.88540000239,0.8
8.88560000239,0.8
8.88580000239,0.8
8.88600000239,0.8
8.88620000239,0.8
8.88640000239,0.815625
8.88660000239,0.815625
8.88680000239,0.8
8.88700000239,0.8
8.88720000239,0.815625
8.88740000239,0.815625
8.88760000239,0.8
8.88780000239,0.815625
8.88800000239,0.815625
8.88820000239,0.815625
8.88840000239,0.815625
8.88860000239,0.815625
8.88880000239,0.815625
8.88900000239,0.815625
8.88920000239,0.83125
8.88940000239,0.815625
8.88960000239,0.83125
8.88980000239,0.83125
8.89000000239,0.83125
8.89020000239,0.83125
8.89040000239,0.815625
8.89060000239,0.815625
8.89080000239,0.83125
8.89100000239,0.815625
8.89120000239,0.815625
8.89140000239,0.83125
8.89160000239,0.83125
8.89180000239,0.83125
8.89200000239,0.83125
8.89220000239,0.83125
8.89240000239,0.83125
8.89260000239,0.83125
8.89280000239,0.846875
8.89300000239,0.83125
8.89320000239,0.83125
8.89340000239,0.83125
8.89360000239,0.83125
8.89380000239,0.83125
8.89400000239,0.83125
8.89420000239,0.83125
8.89440000239,0.83125
8.89460000239,0.846875
8.89480000239,0.846875
8.89500000239,0.83125
8.89520000239,0.83125
8.89540000239,0.846875
8.89560000239,0.846875
8.89580000239,0.846875
8.89600000239,0.846875
8.89620000239,0.846875
8.89640000239,0.846875
8.89660000239,0.83125
8.89680000239,0.8625
8.89700000239,0.8625
8.89720000239,0.846875
8.89740000239,0.846875
8.89760000239,0.8625
8.89780000239,0.8625
8.89800000239,0.8625
8.89820000239,0.846875
8.89840000239,0.846875
8.89860000239,0.846875
8.89880000239,0.8625
8.89900000239,0.846875
8.89920000239,0.8625
8.89940000239,0.846875
8.89960000239,0.8625
8.89980000239,0.846875
8.90000000239,0.878125
8.90020000239,0.8625
8.90040000239,0.8625
8.90060000239,0.8625
8.90080000239,0.878125
8.90100000239,0.878125
8.90120000239,0.8625
8.90140000239,0.8625
8.90160000239,0.8625
8.90180000239,0.8625
8.90200000239,0.8625
8.90220000239,0.8625
8.90240000239,0.878125
8.90260000239,0.8625
8.90280000239,0.8625
8.90300000239,0.878125
8.90320000239,0.878125
8.90340000239,0.89375
8.90360000239,0.878125
8.90380000239,0.89375
8.90400000239,0.8625
8.90420000239,0.878125
8.90440000239,0.878125
8.90460000239,0.878125
8.90480000239,0.89375
8.90500000239,0.89375
8.90520000239,0.89375
8.90540000239,0.89375
8.90560000239,0.89375
8.90580000239,0.89375
8.90600000239,0.89375
8.90620000239,0.89375
8.90640000239,0.89375
8.90660000239,0.878125
8.90680000239,0.89375
8.90700000239,0.878125
8.90720000239,0.909375
8.90740000239,0.89375
8.90760000239,0.909375
8.90780000239,0.909375
8.90800000239,0.89375
8.90820000239,0.909375
8.90840000239,0.909375
8.90860000239,0.909375
8.90880000239,0.909375
8.90900000239,0.909375
8.90920000239,0.909375
8.90940000239,0.909375
8.90960000239,0.909375
8.90980000239,0.925
8.91000000239,0.925
8.91020000239,0.925
8.91040000239,0.909375
8.91060000239,0.909375
8.91080000239,0.925
8.91100000239,0.925
8.91120000239,0.925
8.91140000239,0.909375
8.91160000239,0.909375
8.91180000239,0.925
8.91200000239,0.909375
8.91220000239,0.909375
8.91240000239,0.909375
8.91260000239,0.940625
8.91280000239,0.909375
8.91300000239,0.925
8.91320000239,0.925
8.91340000239,0.925
8.91360000239,0.940625
8.91380000239,0.940625
8.91400000239,0.940625
8.91420000239,0.940625
8.91440000239,0.909375
8.91460000239,0.940625
8.91480000239,0.940625
8.91500000239,0.940625
8.91520000239,0.940625
8.91540000239,0.940625
8.91560000239,0.940625
8.91580000239,0.95625
8.91600000239,0.95625
8.91620000239,0.95625
8.91640000239,0.95625
8.91660000239,0.971875
8.91680000239,0.95625
8.91700000239,0.95625
8.91720000239,0.95625
8.91740000239,0.971875
8.91760000239,0.95625
8.91780000239,0.95625
8.91800000239,0.95625
8.91820000239,0.95625
8.91840000239,0.971875
8.91860000239,0.971875
8.91880000239,0.95625
8.91900000239,0.95625
8.91920000239,0.971875
8.91940000239,0.9875
8.91960000239,0.971875
8.91980000239,0.9875
8.92000000239,0.9875
8.92020000239,0.971875
8.92040000239,0.971875
8.92060000239,0.971875
8.92080000239,0.971875
8.92100000239,0.971875
8.92120000239,0.9875
8.92140000239,0.971875
8.92160000239,0.9875
8.92180000239,0.971875
8.92200000239,0.9875
8.92220000239,0.971875
8.92240000239,0.9875
8.92260000239,0.971875
8.92280000239,0.971875
8.92300000239,0.971875
8.92320000239,0.9875
8.92340000239,1.00312
8.92360000239,1.00312
8.92380000239,1.00312
8.92400000239,1.00312
8.92420000239,1.00312
8.92440000239,1.00312
8.92460000239,1.00312
8.92480000239,1.00312
8.92500000239,1.00312
8.92520000239,1.01875
8.92540000239,1.01875
8.92560000239,1.01875
8.92580000239,1.01875
8.92600000239,1.00312
8.92620000239,1.00312
8.92640000239,1.00312
8.92660000239,1.00312
8.92680000239,1.00312
8.92700000239,1.01875
8.92720000239,1.01875
8.92740000239,1.01875
8.92760000239,1.01875
8.92780000239,1.03437
8.92800000239,1.01875
8.92820000239,1.01875
8.92840000239,1.03437
8.92860000239,1.03437
8.92880000239,1.01875
8.92900000239,1.03437
8.92920000239,1.03437
8.92940000239,1.03437
8.92960000239,1.03437
8.92980000239,1.03437
8.93000000239,1.05
8.93020000239,1.03437
8.93040000239,1.06562
8.93060000239,1.03437
8.93080000239,1.06562
8.93100000239,1.05
8.93120000239,1.06562
8.93140000239,1.05
8.93160000239,1.06562
8.93180000239,1.05
8.93200000239,1.06562
8.93220000239,1.05
8.93240000239,1.06562
8.93260000239,1.05
8.93280000239,1.05
8.93300000239,1.08125
8.93320000239,1.06562
8.93340000239,1.06562
8.93360000239,1.08125
8.93380000239,1.08125
8.93400000239,1.06562
8.93420000239,1.08125
8.93440000239,1.06562
8.93460000239,1.08125
8.93480000239,1.09687
8.93500000239,1.08125
8.93520000239,1.08125
8.93540000239,1.08125
8.93560000239,1.09687
8.93580000239,1.08125
8.93600000239,1.1125
8.93620000239,1.1125
8.93640000239,1.09687
8.93660000239,1.09687
8.93680000239,1.08125
8.93700000239,1.09687
8.93720000239,1.1125
8.93740000239,1.09687
8.93760000239,1.1125
8.93780000239,1.12812
8.93800000239,1.1125
8.93820000239,1.1125
8.93840000239,1.12812
8.93860000239,1.12812
8.93880000239,1.12812
8.93900000239,1.1125
8.93920000239,1.12812
8.93940000239,1.1125
8.93960000239,1.1125
8.93980000239,1.12812
8.94000000239,1.14375
8.94020000239,1.14375
8.94040000239,1.1125
8.94060000239,1.14375
8.94080000239,1.12812
8.94100000239,1.14375
8.94120000239,1.14375
8.94140000239,1.14375
8.94160000239,1.14375
8.94180000239,1.14375
8.94200000239,1.14375
8.94220000239,1.12812
8.94240000239,1.15937
8.94260000239,1.15937
8.94280000239,1.15937
8.94300000239,1.15937
8.94320000239,1.15937
8.94340000239,1.15937
8.94360000239,1.175
8.94380000239,1.175
8.94400000239,1.15937
8.94420000239,1.175
8.94440000239,1.15937
8.94460000239,1.175
8.94480000239,1.15937
8.94500000239,1.15937
8.94520000239,1.175
8.94540000239,1.19062
8.94560000239,1.175
8.94580000239,1.19062
8.94600000239,1.19062
8.94620000239,1.175
8.94640000239,1.19062
8.94660000239,1.19062
8.94680000239,1.19062
8.94700000239,1.19062
8.94720000239,1.19062
8.94740000239,1.20625
8.94760000239,1.20625
8.94780000239,1.22187
8.94800000239,1.20625
8.94820000239,1.20625
8.94840000239,1.2375
8.94860000239,1.20625
8.94880000239,1.22187
8.94900000239,1.20625
8.94920000239,1.22187
8.94940000239,1.22187
8.94960000239,1.2375
8.94980000239,1.2375
8.95000000239,1.2375
8.95020000239,1.2375
8.95040000239,1.22187
8.95060000239,1.2375
8.95080000239,1.22187
8.95100000239,1.25312
8.95120000239,1.25312
8.95140000239,1.25312
8.95160000239,1.2375
8.95180000239,1.26875
8.95200000239,1.25312
8.95220000239,1.25312
8.95240000239,1.25312
8.95260000239,1.25312
8.95280000239,1.26875
8.95300000239,1.26875
8.95320000239,1.25312
8.95340000239,1.25312
8.95360000239,1.26875
8.95380000239,1.26875
8.95400000239,1.28437
8.95420000239,1.26875
8.95440000239,1.26875
8.95460000239,1.28437
8.95480000239,1.28437
8.95500000239,1.28437
8.95520000239,1.28437
8.95540000239,1.28437
8.95560000239,1.28437
8.95580000239,1.28437
8.95600000239,1.31562
8.95620000239,1.31562
8.95640000239,1.3
8.95660000239,1.31562
8.95680000239,1.3
8.95700000239,1.31562
8.95720000239,1.31562
8.95740000239,1.31562
8.95760000239,1.31562
8.95780000239,1.31562
8.95800000239,1.31562
8.95820000239,1.31562
8.95840000239,1.33125
8.95860000239,1.31562
8.95880000239,1.31562
8.95900000239,1.31562
8.95920000239,1.33125
8.95940000239,1.33125
8.95960000239,1.33125
8.95980000239,1.33125
8.96000000239,1.33125
8.96020000239,1.34687
8.96040000239,1.33125
8.96060000239,1.34687
8.96080000239,1.3625
8.96100000239,1.34687
8.96120000239,1.3625
8.96140000239,1.3625
8.96160000239,1.34687
8.96180000239,1.34687
8.96200000239,1.3625
8.96220000239,1.3625
8.96240000239,1.3625
8.96260000239,1.3625
8.96280000239,1.3625
8.96300000239,1.3625
8.96320000239,1.3625
8.96340000239,1.3625
8.96360000239,1.37812
8.96380000239,1.39375
8.96400000239,1.39375
8.96420000239,1.39375
8.96440000239,1.39375
8.96460000239,1.39375
8.96480000239,1.39375
8.96500000239,1.39375
8.96520000239,1.39375
8.96540000239,1.40937
8.96560000239,1.40937
8.96580000239,1.39375
8.96600000239,1.37812
8.96620000239,1.39375
8.96640000239,1.39375
8.96660000239,1.425
8.96680000239,1.39375
8.96700000239,1.40937
8.96720000239,1.425
8.96740000239,1.40937
8.96760000239,1.425
8.96780000239,1.425
8.96800000239,1.425
8.96820000239,1.425
8.96840000239,1.44062
8.96860000239,1.44062
8.96880000239,1.44062
8.96900000239,1.44062
8.96920000239,1.44062
8.96940000239,1.44062
8.96960000239,1.45625
8.96980000239,1.44062
8.97000000239,1.44062
8.97020000239,1.44062
8.97040000239,1.44062
8.97060000239,1.45625
8.97080000239,1.44062
8.97100000239,1.44062
8.97120000239,1.45625
8.97140000239,1.45625
8.97160000239,1.45625
8.97180000239,1.47187
8.97200000239,1.44062
8.97220000239,1.45625
8.97240000239,1.45625
8.97260000239,1.47187
8.97280000239,1.44062
8.97300000239,1.47187
8.97320000239,1.45625
8.97340000239,1.47187
8.97360000239,1.4875
8.97380000239,1.47187
8.97400000239,1.47187
8.97420000239,1.47187
8.97440000239,1.47187
8.97460000239,1.4875
8.97480000239,1.4875
8.97500000239,1.4875
8.97520000239,1.47187
8.97540000239,1.4875
8.97560000239,1.4875
8.97580000239,1.50312
8.97600000239,1.50312
8.97620000239,1.50312
8.97640000239,1.50312
8.97660000239,1.50312
8.97680000239,1.4875
8.97700000239,1.50312
8.97720000239,1.51875
8.97740000239,1.51875
8.97760000239,1.50312
8.97780000239,1.50312
8.97800000239,1.50312
8.97820000239,1.51875
8.97840000239,1.51875
8.97860000239,1.51875
8.97880000239,1.50312
8.97900000239,1.51875
8.97920000239,1.51875
8.97940000239,1.51875
8.97960000239,1.50312
8.97980000239,1.50312
8.98000000239,1.51875
8.98020000239,1.51875
8.98040000239,1.51875
8.98060000239,1.51875
8.98080000239,1.51875
8.98100000239,1.53437
8.98120000239,1.53437
8.98140000239,1.53437
8.98160000239,1.53437
8.98180000239,1.53437
8.98200000239,1.51875
8.98220000239,1.51875
8.98240000239,1.53437
8.98260000239,1.51875
8.98280000239,1.55
8.98300000239,1.55
8.98320000239,1.55
8.98340000239,1.53437
8.98360000239,1.53437
8.98380000239,1.55
8.98400000239,1.53437
8.98420000239,1.55
8.98440000239,1.53437
8.98460000239,1.55
8.98480000239,1.55
8.98500000239,1.55
8.98520000239,1.55
8.98540000239,1.55
8.98560000239,1.55
8.98580000239,1.55
8.98600000239,1.55
8.98620000239,1.55
8.98640000239,1.56562
8.98660000239,1.55
8.98680000239,1.55
8.98700000239,1.56562
8.98720000239,1.56562
8.98740000239,1.55
8.98760000239,1.56562
8.98780000239,1.56562
8.98800000239,1.56562
8.98820000239,1.56562
8.98840000239,1.55
8.98860000239,1.56562
8.98880000239,1.56562
8.98900000239,1.56562
8.98920000239,1.56562
8.98940000239,1.56562
8.98960000239,1.56562
8.98980000239,1.56562
8.99000000239,1.55
8.99020000239,1.55
8.99040000239,1.56562
8.99060000239,1.56562
8.99080000239,1.56562
8.99100000239,1.56562
8.99120000239,1.55
8.99140000239,1.55
8.99160000239,1.56562
8.99180000239,1.55
8.99200000239,1.55
8.99220000239,1.55
8.99240000239,1.56562
8.99260000239,1.55
8.99280000239,1.56562
8.99300000239,1.56562
8.99320000239,1.56562
8.99340000239,1.55
8.99360000239,1.56562
8.99380000239,1.55
8.99400000239,1.55
8.99420000239,1.55
8.99440000239,1.56562
8.99460000239,1.56562
8.99480000239,1.55
8.99500000239,1.55
8.99520000239,1.55
8.99540000239,1.56562
8.99560000239,1.53437
8.99580000239,1.55
8.99600000239,1.55
8.99620000239,1.55
8.99640000239,1.55
8.99660000239,1.55
8.99680000239,1.55
8.99700000239,1.55
8.99720000239,1.55
8.99740000239,1.55
8.99760000239,1.56562
8.99780000239,1.55
8.99800000239,1.55
8.99820000239,1.53437
8.99840000239,1.55
8.99860000239,1.55
8.99880000239,1.55
8.99900000239,1.53437
8.99920000239,1.53437
8.99940000239,1.53437
8.99960000239,1.55
8.99980000239,1.55
9.00000000239,1.55
9.00020000239,1.53437
9.00040000239,1.53437
9.00060000239,1.53437
9.00080000239,1.53437
9.00100000239,1.55
9.00120000239,1.53437
9.00140000239,1.53437
9.00160000239,1.53437
9.00180000239,1.51875
9.00200000239,1.51875
9.00220000239,1.53437
9.00240000239,1.53437
9.00260000239,1.53437
9.00280000239,1.51875
9.00300000239,1.50312
9.00320000239,1.51875
9.00340000239,1.53437
9.00360000239,1.51875
9.00380000239,1.51875
9.00400000239,1.51875
9.00420000239,1.53437
9.00440000239,1.50312
9.00460000239,1.50312
9.00480000239,1.50312
9.00500000239,1.51875
9.00520000239,1.50312
9.00540000239,1.50312
9.00560000239,1.50312
9.00580000239,1.51875
9.00600000239,1.50312
9.00620000239,1.50312
9.00640000239,1.51875
9.00660000239,1.4875
9.00680000239,1.50312
9.00700000239,1.50312
9.00720000239,1.51875
9.00740000239,1.4875
9.00760000239,1.4875
9.00780000239,1.50312
9.00800000239,1.47187
9.00820000239,1.4875
9.00840000239,1.47187
9.00860000239,1.47187
9.00880000239,1.4875
9.00900000239,1.4875
9.00920000239,1.45625
9.00940000239,1.47187
9.00960000239,1.47187
9.00980000239,1.47187
9.01000000239,1.47187
9.01020000239,1.45625
9.01040000239,1.45625
9.01060000239,1.47187
9.01080000239,1.44062
9.01100000239,1.45625
9.01120000239,1.45625
9.01140000239,1.44062
9.01160000239,1.44062
9.01180000239,1.44062
9.01200000239,1.45625
9.01220000239,1.45625
9.01240000239,1.44062
9.01260000239,1.44062
9.01280000239,1.44062
9.01300000239,1.44062
9.01320000239,1.44062
9.01340000239,1.44062
9.01360000239,1.425
9.01380000239,1.425
9.01400000239,1.425
9.01420000239,1.425
9.01440000239,1.425
9.01460000239,1.425
9.01480000239,1.425
9.01500000239,1.425
9.01520000239,1.44062
9.01540000239,1.425
9.01560000239,1.40937
9.01580000239,1.39375
9.01600000239,1.39375
9.01620000239,1.425
9.01640000239,1.40937
9.01660000239,1.40937
9.01680000239,1.39375
9.01700000239,1.40937
9.01720000239,1.39375
9.01740000239,1.37812
9.01760000239,1.37812
9.01780000239,1.39375
9.01800000239,1.39375
9.01820000239,1.37812
9.01840000239,1.37812
9.01860000239,1.37812
9.01880000239,1.37812
9.01900000239,1.3625
9.01920000239,1.37812
9.01940000239,1.3625
9.01960000239,1.3625
9.01980000239,1.3625
9.02000000239,1.34687
9.02020000239,1.3625
9.02040000239,1.3625
9.02060000239,1.3625
9.02080000239,1.3625
9.02100000239,1.33125
9.02120000239,1.33125
9.02140000239,1.34687
9.02160000239,1.33125
9.02180000239,1.33125
9.02200000239,1.33125
9.02220000239,1.33125
9.02240000239,1.33125
9.02260000239,1.33125
9.02280000239,1.31562
9.02300000239,1.33125
9.02320000239,1.31562
9.02340000239,1.31562
9.02360000239,1.31562
9.02380000239,1.31562
9.02400000239,1.31562
9.02420000239,1.3
9.02440000239,1.31562
9.02460000239,1.3
9.02480000239,1.3
9.02500000239,1.3
9.02520000239,1.3
9.02540000239,1.3
9.02560000239,1.3
9.02580000239,1.28437
9.02600000239,1.3
9.02620000239,1.28437
9.02640000239,1.3
9.02660000239,1.26875
9.02680000239,1.28437
9.02700000239,1.25312
9.02720000239,1.28437
9.02740000239,1.26875
9.02760000239,1.2375
9.02780000239,1.25312
9.02800000239,1.25312
9.02820000239,1.26875
9.02840000239,1.25312
9.02860000239,1.2375
9.02880000239,1.25312
9.02900000239,1.2375
9.02920000239,1.2375
9.02940000239,1.2375
9.02960000239,1.22187
9.02980000239,1.2375
9.03000000239,1.22187
9.03020000239,1.22187
9.03040000239,1.22187
9.03060000239,1.22187
9.03080000239,1.19062
9.03100000239,1.19062
9.03120000239,1.19062
9.03140000239,1.19062
9.03160000239,1.19062
9.03180000239,1.19062
9.03200000239,1.175
9.03220000239,1.175
9.03240000239,1.175
9.03260000239,1.19062
9.03280000239,1.19062
9.03300000239,1.175
9.03320000239,1.175
9.03340000239,1.175
9.03360000239,1.175
9.03380000239,1.15937
9.03400000239,1.15937
9.03420000239,1.15937
9.03440000239,1.15937
9.03460000239,1.15937
9.03480000239,1.15937
9.03500000239,1.15937
9.03520000239,1.14375
9.03540000239,1.14375
9.03560000239,1.14375
9.03580000239,1.12812
9.03600000239,1.1125
9.03620000239,1.1125
9.03640000239,1.12812
9.03660000239,1.12812
9.03680000239,1.1125
9.03700000239,1.09687
9.03720000239,1.08125
9.03740000239,1.09687
9.03760000239,1.1125
9.03780000239,1.08125
9.03800000239,1.08125
9.03820000239,1.09687
9.03840000239,1.08125
9.03860000239,1.09687
9.03880000239,1.06562
9.03900000239,1.08125
9.03920000239,1.05
9.03940000239,1.06562
9.03960000239,1.06562
9.03980000239,1.05
9.04000000239,1.01875
9.04020000239,1.01875
9.04040000239,1.05
9.04060000239,1.03437
9.04080000239,1.00312
9.04100000239,1.03437
9.04120000239,1.01875
9.04140000239,1.00312
9.04160000239,0.9875
9.04180000239,1.00312
9.04200000239,1.01875
9.04220000239,1.00312
9.04240000239,1.00312
9.04260000239,1.00312
9.04280000239,1.00312
9.04300000239,1.00312
9.04320000239,0.9875
9.04340000239,0.9875
9.04360000239,0.971875
9.04380000239,0.971875
9.04400000239,0.971875
9.04420000239,0.971875
9.04440000239,0.9875
9.04460000239,0.971875
9.04480000239,0.940625
9.04500000239,0.971875
9.04520000239,0.940625
9.04540000239,0.940625
9.04560000239,0.940625
9.04580000239,0.95625
9.04600000239,0.940625
9.04620000239,0.940625
9.04640000239,0.925
9.04660000239,0.909375
9.04680000239,0.925
9.04700000239,0.925
9.04720000239,0.909375
9.04740000239,0.909375
9.04760000239,0.909375
9.04780000239,0.909375
9.04800000239,0.909375
9.04820000239,0.89375
9.04840000239,0.89375
9.04860000239,0.89375
9.04880000239,0.89375
9.04900000239,0.8625
9.04920000239,0.878125
9.04940000239,0.878125
9.04960000239,0.878125
9.04980000239,0.8625
9.05000000239,0.846875
9.05020000239,0.846875
9.05040000239,0.846875
9.05060000239,0.83125
9.05080000239,0.83125
9.05100000239,0.846875
9.05120000239,0.83125
9.05140000239,0.815625
9.05160000239,0.815625
9.05180000239,0.815625
9.05200000239,0.83125
9.05220000239,0.815625
9.05240000239,0.815625
9.05260000239,0.8
9.05280000239,0.815625
9.05300000239,0.83125
9.05320000239,0.8
9.05340000239,0.8
9.05360000239,0.8
9.05380000239,0.8
9.05400000239,0.8
9.05420000239,0.784375
9.05440000239,0.784375
9.05460000239,0.76875
9.05480000239,0.784375
9.05500000239,0.76875
9.05520000239,0.76875
9.05540000239,0.76875
9.05560000239,0.753125
9.05580000239,0.753125
9.05600000239,0.7375
9.05620000239,0.721875
9.05640000239,0.7375
9.05660000239,0.721875
9.05680000239,0.721875
9.05700000239,0.721875
9.05720000239,0.721875
9.05740000239,0.721875
9.05760000239,0.7375
9.05780000239,0.70625
9.05800000239,0.721875
9.05820000239,0.70625
9.05840000239,0.690625
9.05860000239,0.721875
9.05880000239,0.690625
9.05900000239,0.690625
9.05920000239,0.690625
9.05940000239,0.690625
9.05960000239,0.690625
9.05980000239,0.675
9.06000000239,0.659375
9.06020000239,0.659375
9.06040000239,0.675
9.06060000239,0.659375
9.06080000239,0.659375
9.06100000239,0.675
9.06120000239,0.64375
9.06140000239,0.628125
9.06160000239,0.64375
9.06180000239,0.64375
9.06200000239,0.64375
9.06220000239,0.628125
9.06240000239,0.64375
9.06260000239,0.64375
9.06280000239,0.628125
9.06300000239,0.628125
9.06320000239,0.628125
9.06340000239,0.6125
9.06360000239,0.6125
9.06380000239,0.6125
9.06400000239,0.628125
9.06420000239,0.596875
9.06440000239,0.6125
9.06460000239,0.596875
9.06480000239,0.596875
9.06500000239,0.596875
9.06520000239,0.58125
9.06540000239,0.596875
9.06560000239,0.596875
9.06580000239,0.58125
9.06600000239,0.58125
9.06620000239,0.58125
9.06640000239,0.565625
9.06660000239,0.58125
9.06680000239,0.58125
9.06700000239,0.565625
9.06720000239,0.565625
9.06740000239,0.565625
9.06760000239,0.565625
9.06780000239,0.565625
9.06800000239,0.565625
9.06820000239,0.55
9.06840000239,0.55
9.06860000239,0.534375
9.06880000239,0.534375
9.06900000239,0.534375
9.06920000239,0.534375
9.06940000239,0.534375
9.06960000239,0.534375
9.06980000239,0.534375
9.07000000239,0.51875
9.07020000239,0.51875
9.07040000239,0.51875
9.07060000239,0.51875
9.07080000239,0.503125
9.07100000239,0.51875
9.07120000239,0.503125
9.07140000239,0.503125
9.07160000239,0.503125
9.07180000239,0.503125
9.07200000239,0.4875
9.07220000239,0.471875
9.07240000239,0.4875
9.07260000239,0.471875
9.07280000239,0.51875
9.07300000239,0.4875
9.07320000239,0.4875
9.07340000239,0.4875
9.07360000239,0.4875
9.07380000239,0.4875
9.07400000239,0.471875
9.07420000239,0.471875
9.07440000239,0.471875
9.07460000239,0.471875
9.07480000239,0.4875
9.07500000239,0.471875
9.07520000239,0.45625
9.07540000239,0.45625
9.07560000239,0.45625
9.07580000239,0.440625
9.07600000239,0.440625
9.07620000239,0.440625
9.07640000239,0.440625
9.07660000239,0.440625
9.07680000239,0.45625
9.07700000239,0.440625
9.07720000239,0.425
9.07740000239,0.440625
9.07760000239,0.440625
9.07780000239,0.440625
9.07800000239,0.425
9.07820000239,0.425
9.07840000239,0.425
9.07860000239,0.409375
9.07880000239,0.409375
9.07900000239,0.425
9.07920000239,0.425
9.07940000239,0.409375
9.07960000239,0.409375
9.07980000239,0.409375
9.08000000239,0.409375
9.08020000239,0.409375
9.08040000239,0.378125
9.08060000239,0.378125
9.08080000239,0.378125
9.08100000239,0.39375
9.08120000239,0.378125
9.08140000239,0.378125
9.08160000239,0.378125
9.08180000239,0.39375
9.08200000239,0.378125
9.08220000239,0.3625
9.08240000239,0.39375
9.08260000239,0.378125
9.08280000239,0.378125
9.08300000239,0.378125
9.08320000239,0.378125
9.08340000239,0.3625
9.08360000239,0.3625
9.08380000239,0.3625
9.08400000239,0.3625
9.08420000239,0.3625
9.08440000239,0.3625
9.08460000239,0.346875
9.08480000239,0.3625
9.08500000239,0.3625
9.08520000239,0.346875
9.08540000239,0.346875
9.08560000239,0.3625
9.08580000239,0.346875
9.08600000239,0.346875
9.08620000239,0.346875
9.08640000239,0.346875
9.08660000239,0.346875
9.08680000239,0.346875
9.08700000239,0.346875
9.08720000239,0.346875
9.08740000239,0.346875
9.08760000239,0.346875
9.08780000239,0.3625
9.08800000239,0.33125
9.08820000239,0.33125
9.08840000239,0.315625
9.08860000239,0.33125
9.08880000239,0.346875
9.08900000239,0.315625
9.08920000239,0.33125
9.08940000239,0.346875
9.08960000239,0.315625
9.08980000239,0.315625
9.09000000239,0.315625
9.09020000239,0.3
9.09040000239,0.3
9.09060000239,0.33125
9.09080000239,0.315625
9.09100000239,0.315625
9.09120000239,0.3
9.09140000239,0.315625
9.09160000239,0.3
9.09180000239,0.315625
9.09200000239,0.284375
9.09220000239,0.315625
9.09240000239,0.3
9.09260000239,0.315625
9.09280000239,0.284375
9.09300000239,0.284375
9.09320000239,0.3
9.09340000239,0.3
9.09360000239,0.3
9.09380000239,0.3
9.09400000239,0.284375
9.09420000239,0.3
9.09440000239,0.284375
9.09460000239,0.284375
9.09480000239,0.284375
9.09500000239,0.284375
9.09520000239,0.284375
9.09540000239,0.26875
9.09560000239,0.284375
9.09580000239,0.284375
9.09600000239,0.26875
9.09620000239,0.26875
9.09640000239,0.26875
9.09660000239,0.26875
9.09680000239,0.26875
9.09700000239,0.26875
9.09720000239,0.253125
9.09740000239,0.253125
9.09760000239,0.253125
9.09780000239,0.253125
9.09800000239,0.253125
9.09820000239,0.253125
9.09840000239,0.2375
9.09860000239,0.253125
9.09880000239,0.2375
9.09900000239,0.253125
9.09920000239,0.253125
9.09940000239,0.2375
9.09960000239,0.253125
9.09980000239,0.2375
9.10000000239,0.2375
9.10020000239,0.2375
9.10040000239,0.2375
9.10060000239,0.2375
9.10080000239,0.2375
9.10100000239,0.221875
9.10120000239,0.253125
9.10140000239,0.2375
9.10160000239,0.221875
9.10180000239,0.2375
9.10200000239,0.2375
9.10220000239,0.2375
9.10240000239,0.221875
9.10260000239,0.2375
9.10280000239,0.221875
9.10300000239,0.221875
9.10320000239,0.2375
9.10340000239,0.221875
9.10360000239,0.20625
9.10380000239,0.20625
9.10400000239,0.221875
9.10420000239,0.221875
9.10440000239,0.20625
9.10460000239,0.20625
9.10480000239,0.20625
9.10500000239,0.221875
9.10520000239,0.221875
9.10540000239,0.20625
9.10560000239,0.20625
9.10580000239,0.20625
9.10600000239,0.20625
9.10620000239,0.221875
9.10640000239,0.20625
9.10660000239,0.20625
9.10680000239,0.20625
9.10700000239,0.20625
9.10720000239,0.20625
9.10740000239,0.190625
9.10760000239,0.20625
9.10780000239,0.20625
9.10800000239,0.20625
9.10820000239,0.190625
9.10840000239,0.190625
9.10860000239,0.20625
9.10880000239,0.190625
9.10900000239,0.20625
9.10920000239,0.190625
9.10940000239,0.190625
9.10960000239,0.190625
9.10980000239,0.175
9.11000000239,0.20625
9.11020000239,0.190625
9.11040000239,0.175
9.11060000239,0.175
9.11080000239,0.175
9.11100000239,0.190625
9.11120000239,0.175
9.11140000239,0.190625
9.11160000239,0.190625
9.11180000239,0.190625
9.11200000239,0.175
9.11220000239,0.190625
9.11240000239,0.175
9.11260000239,0.175
9.11280000239,0.175
9.11300000239,0.175
9.11320000239,0.175
9.11340000239,0.175
9.11360000239,0.175
9.11380000239,0.175
9.11400000239,0.175
9.11420000239,0.175
9.11440000239,0.175
9.11460000239,0.159375
9.11480000239,0.175
9.11500000239,0.175
9.11520000239,0.175
9.11540000239,0.159375
9.11560000239,0.175
9.11580000239,0.175
9.11600000239,0.159375
9.11620000239,0.175
9.11640000239,0.159375
9.11660000239,0.175
9.11680000239,0.159375
9.11700000239,0.159375
9.11720000239,0.14375
9.11740000239,0.175
9.11760000239,0.175
9.11780000239,0.159375
9.11800000239,0.159375
9.11820000239,0.159375
9.11840000239,0.159375
9.11860000239,0.14375
9.11880000239,0.159375
9.11900000239,0.159375
9.11920000239,0.159375
9.11940000239,0.159375
9.11960000239,0.14375
9.11980000239,0.14375
9.12000000239,0.159375
9.12020000239,0.14375
9.12040000239,0.14375
9.12060000239,0.14375
9.12080000239,0.14375
9.12100000239,0.14375
9.12120000239,0.14375
9.12140000239,0.14375
9.12160000239,0.159375
9.12180000239,0.14375
9.12200000239,0.14375
9.12220000239,0.14375
9.12240000239,0.14375
9.12260000239,0.14375
9.12280000239,0.14375
9.12300000239,0.14375
9.12320000239,0.14375
9.12340000239,0.128125
9.12360000239,0.128125
9.12380000239,0.128125
9.12400000239,0.14375
9.12420000239,0.14375
9.12440000239,0.128125
9.12460000239,0.128125
9.12480000239,0.14375
9.12500000239,0.128125
9.12520000239,0.14375
9.12540000239,0.128125
9.12560000239,0.14375
9.12580000239,0.1125
9.12600000239,0.128125
9.12620000239,0.128125
9.12640000239,0.14375
9.12660000239,0.14375
9.12680000239,0.128125
9.12700000239,0.128125
9.12720000239,0.128125
9.12740000239,0.128125
9.12760000239,0.1125
9.12780000239,0.1125
9.12800000239,0.1125
9.12820000239,0.1125
9.12840000239,0.1125
9.12860000239,0.1125
9.12880000239,0.14375
9.12900000239,0.128125
9.12920000239,0.1125
9.12940000239,0.1125
9.12960000239,0.128125
9.12980000239,0.1125
9.13000000239,0.128125
9.13020000239,0.128125
9.13040000239,0.128125
9.13060000239,0.128125
9.13080000239,0.1125
9.13100000239,0.1125
9.13120000239,0.096875
9.13140000239,0.1125
9.13160000239,0.1125
9.13180000239,0.1125
9.13200000239,0.096875
9.13220000239,0.1125
9.13240000239,0.096875
9.13260000239,0.1125
9.13280000239,0.1125
9.13300000239,0.1125
9.13320000239,0.1125
9.13340000239,0.1125
9.13360000239,0.1125
9.13380000239,0.096875
9.13400000239,0.1125
9.13420000239,0.1125
9.13440000239,0.096875
9.13460000239,0.096875
9.13480000239,0.1125
9.13500000239,0.096875
9.13520000239,0.096875
9.13540000239,0.1125
9.13560000239,0.1125
9.13580000239,0.096875
9.13600000239,0.096875
9.13620000239,0.096875
9.13640000239,0.096875
9.13660000239,0.08125
9.13680000239,0.096875
9.13700000239,0.096875
9.13720000239,0.096875
9.13740000239,0.096875
9.13760000239,0.096875
9.13780000239,0.08125
9.13800000239,0.096875
9.13820000239,0.096875
9.13840000239,0.096875
9.13860000239,0.08125
9.13880000239,0.096875
9.13900000239,0.096875
9.13920000239,0.096875
9.13940000239,0.08125
9.13960000239,0.096875
9.13980000239,0.096875
9.14000000239,0.08125
9.14020000239,0.08125
9.14040000239,0.096875
9.14060000239,0.096875
9.14080000239,0.096875
9.14100000239,0.096875
9.14120000239,0.08125
9.14140000239,0.08125
9.14160000239,0.08125
9.14180000239,0.096875
9.14200000239,0.08125
9.14220000239,0.08125
9.14240000239,0.08125
9.14260000239,0.08125
9.14280000239,0.08125
9.14300000239,0.08125
9.14320000239,0.096875
9.14340000239,0.08125
9.14360000239,0.065625
9.14380000239,0.08125
9.14400000239,0.08125
9.14420000239,0.08125
9.14440000239,0.08125
9.14460000239,0.08125
9.14480000239,0.065625
9.14500000239,0.08125
9.14520000239,0.065625
9.14540000239,0.08125
9.14560000239,0.08125
9.14580000239,0.065625
9.14600000239,0.096875
9.14620000239,0.08125
9.14640000239,0.08125
9.14660000239,0.065625
9.14680000239,0.08125
9.14700000239,0.065625
9.14720000239,0.08125
9.14740000239,0.065625
9.14760000239,0.08125
9.14780000239,0.065625
9.14800000239,0.08125
9.14820000239,0.065625
9.14840000239,0.08125
9.14860000239,0.08125
9.14880000239,0.065625
9.14900000239,0.05
9.14920000239,0.065625
9.14940000239,0.065625
9.14960000239,0.065625
9.14980000239,0.065625
9.15000000239,0.065625
9.15020000239,0.065625
9.15040000239,0.065625
9.15060000239,0.065625
9.15080000239,0.08125
9.15100000239,0.065625
9.15120000239,0.065625
9.15140000239,0.08125
9.15160000239,0.05
9.15180000239,0.065625
9.15200000239,0.065625
9.15220000239,0.065625
9.15240000239,0.065625
9.15260000239,0.05
9.15280000239,0.05
9.15300000239,0.05
9.15320000239,0.05
9.15340000239,0.08125
9.15360000239,0.08125
9.15380000239,0.065625
9.15400000239,0.065625
9.15420000239,0.065625
9.15440000239,0.065625
9.15460000239,0.065625
9.15480000239,0.065625
9.15500000239,0.065625
9.15520000239,0.065625
9.15540000239,0.065625
9.15560000239,0.065625
9.15580000239,0.065625
9.15600000239,0.065625
9.15620000239,0.065625
9.15640000239,0.05
9.15660000239,0.065625
9.15680000239,0.034375
9.15700000239,0.05
9.15720000239,0.065625
9.15740000239,0.05
9.15760000239,0.05
9.15780000239,0.065625
9.15800000239,0.05
9.15820000239,0.05
9.15840000239,0.065625
9.15860000239,0.034375
9.15880000239,0.05
9.15900000239,0.05
9.15920000239,0.05
9.15940000239,0.065625
9.15960000239,0.05
9.15980000239,0.065625
9.16000000239,0.05
9.16020000239,0.05
9.16040000239,0.05
9.16060000239,0.05
9.16080000239,0.05
9.16100000239,0.05
9.16120000239,0.05
9.16140000239,0.05
9.16160000239,0.05
9.16180000239,0.01875
9.16200000239,0.034375
9.16220000239,0.05
9.16240000239,0.065625
9.16260000239,0.05
9.16280000239,0.034375
9.16300000239,0.034375
9.16320000239,0.05
9.16340000239,0.034375
9.16360000239,0.034375
9.16380000239,0.034375
9.16400000239,0.05
9.16420000239,0.034375
9.16440000239,0.05
9.16460000239,0.034375
9.16480000239,0.034375
9.16500000239,0.05
9.16520000239,0.034375
9.16540000239,0.05
9.16560000239,0.05
9.16580000239,0.034375
9.16600000239,0.034375
9.16620000239,0.034375
9.16640000239,0.05
9.16660000239,0.034375
9.16680000239,0.05
9.16700000239,0.034375
9.16720000239,0.05
9.16740000239,0.065625
9.16760000239,0.034375
9.16780000239,0.034375
9.16800000239,0.034375
9.16820000239,0.034375
9.16840000239,0.034375
9.16860000239,0.05
9.16880000239,0.034375
9.16900000239,0.034375
9.16920000239,0.05
9.16940000239,0.034375
9.16960000239,0.034375
9.16980000239,0.034375
9.17000000239,0.034375
9.17020000239,0.05
9.17040000239,0.05
9.17060000239,0.05
9.17080000239,0.034375
9.17100000239,0.034375
9.17120000239,0.034375
9.17140000239,0.034375
9.17160000239,0.034375
9.17180000239,0.034375
9.17200000239,0.034375
9.17220000239,0.034375
9.17240000239,0.034375
9.17260000239,0.034375
9.17280000239,0.01875
9.17300000239,0.034375
9.17320000239,0.01875
9.17340000239,0.01875
9.17360000239,0.01875
9.17380000239,0.034375
9.17400000239,0.01875
9.17420000239,0.034375
9.17440000239,0.01875
9.17460000239,0.00312495
9.17480000239,0.01875
9.17500000239,0.034375
9.17520000239,0.034375
9.17540000239,0.034375
9.17560000239,0.01875
9.17580000239,0.01875
9.17600000239,0.01875
9.17620000239,0.01875
9.17640000239,0.034375
9.17660000239,0.01875
9.17680000239,0.01875
9.17700000239,0.01875
9.17720000239,0.01875
9.17740000239,0.00312495
9.17760000239,0.034375
9.17780000239,0.01875
9.17800000239,0.01875
9.17820000239,0.01875
9.17840000239,0.01875
9.17860000239,0.034375
9.17880000239,0.01875
9.17900000239,0.01875
9.17920000239,0.01875
9.17940000239,0.00312495
9.17960000239,0.01875
9.17980000239,0.034375
9.18000000239,0.034375
9.18020000239,0.01875
9.18040000239,0.01875
9.18060000239,0.01875
9.18080000239,0.01875
9.18100000239,0.01875
9.18120000239,0.01875
9.18140000239,0.034375
9.18160000239,0.01875
9.18180000239,0.01875
9.18200000239,0.01875
9.18220000239,0.034375
9.18240000239,0.00312495
9.18260000239,0.01875
9.18280000239,0.01875
9.18300000239,0.01875
9.18320000239,0.034375
9.18340000239,0.01875
9.18360000239,0.01875
9.18380000239,0.01875
9.18400000239,0.00312495
9.18420000239,0.01875
9.18440000239,0.01875
9.18460000239,0.00312495
9.18480000239,0.034375
9.18500000239,0.01875
9.18520000239,0.00312495
9.18540000239,0.01875
9.18560000239,0.01875
9.18580000239,0.034375
9.18600000239,0.01875
9.18620000239,0.01875
9.18640000239,0.01875
9.18660000239,0.00312495
9.18680000239,0.01875
9.18700000239,0.01875
9.18720000239,0.034375
9.18740000239,0.00312495
9.18760000239,0.01875
9.18780000239,0.01875
9.18800000239,0.00312495
9.18820000239,0.01875
9.18840000239,0.00312495
9.18860000239,0.00312495
9.18880000239,0.00312495
9.18900000239,0.00312495
9.18920000239,0.00312495
9.18940000239,0.00312495
9.18960000239,0.00312495
9.18980000239,0.01875
9.19000000239,0.01875
9.19020000239,0.01875
9.19040000239,0.01875
9.19060000239,0.00312495
9.19080000239,0.00312495
9.19100000239,0.00312495
9.19120000239,0.01875
9.19140000239,0.01875
9.19160000239,0.00312495
9.19180000239,-0.0125
9.19200000239,0.00312495
9.19220000239,0.01875
9.19240000239,0.00312495
9.19260000239,0.01875
9.19280000239,0.01875
9.19300000239,0.00312495
9.19320000239,0.00312495
9.19340000239,0.00312495
9.19360000239,0.00312495
9.19380000239,0.01875
9.19400000239,0.00312495
9.19420000239,0.00312495
9.19440000239,0.00312495
9.19460000239,0.00312495
9.19480000239,0.00312495
9.19500000239,0.00312495
9.19520000239,0.00312495
9.19540000239,0.00312495
9.19560000239,0.00312495
9.19580000239,0.00312495
9.19600000239,0.00312495
9.19620000239,-0.0125
9.19640000239,-0.0125
9.19660000239,0.00312495
9.19680000239,0.00312495
9.19700000239,0.00312495
9.19720000239,0.00312495
9.19740000239,0.00312495
9.19760000239,0.00312495
9.19780000239,-0.0125
9.19800000239,0.01875
9.19820000239,-0.0125
9.19840000239,0.00312495
9.19860000239,0.00312495
9.19880000239,0.00312495
9.19900000239,0.00312495
9.19920000239,0.00312495
9.19940000239,-0.0125
9.19960000239,0.00312495
9.19980000239,0.00312495
9.20000000239,0.00312495
9.20020000239,-0.0125
9.20040000239,0.01875
9.20060000239,0.00312495
9.20080000239,0.00312495
9.20100000239,0.00312495
9.20120000239,0.00312495
9.20140000239,0.00312495
9.20160000239,0.00312495
9.20180000239,0.00312495
9.20200000239,0.00312495
9.20220000239,0.00312495
9.20240000239,0.00312495
9.20260000239,0.00312495
9.20280000239,-0.0125
9.20300000239,0.00312495
9.20320000239,-0.0125
9.20340000239,0.00312495
9.20360000239,-0.0125
9.20380000239,0.00312495
9.20400000239,0.00312495
9.20420000239,-0.0125
9.20440000239,-0.0125
9.20460000239,0.00312495
9.20480000239,0.00312495
9.20500000239,0.00312495
9.20520000239,0.00312495
9.20540000239,0.00312495
9.20560000239,-0.0125
9.20580000239,0.00312495
9.20600000239,0.00312495
9.20620000239,0.00312495
9.20640000239,0.00312495
9.20660000239,0.00312495
9.20680000239,0.00312495
9.20700000239,0.00312495
9.20720000239,0.00312495
9.20740000239,0.00312495
9.20760000239,0.00312495
9.20780000239,0.00312495
9.20800000239,-0.0125
9.20820000239,0.00312495
9.20840000239,0.00312495
9.20860000239,0.00312495
9.20880000239,0.00312495
9.20900000239,0.00312495
9.20920000239,0.00312495
9.20940000239,0.00312495
9.20960000239,-0.0125
9.20980000239,-0.0125
9.21000000239,0.00312495
9.21020000239,0.00312495
9.21040000239,-0.0125
9.21060000239,0.00312495
9.21080000239,-0.0125
9.21100000239,-0.028125
9.21120000239,0.00312495
9.21140000239,-0.0125
9.21160000239,0.00312495
9.21180000239,0.00312495
9.21200000239,0.01875
9.21220000239,-0.0125
9.21240000239,-0.0125
9.21260000239,0.00312495
9.21280000239,0.00312495
9.21300000239,0.00312495
9.21320000239,-0.0125
9.21340000239,-0.0125
9.21360000239,0.00312495
9.21380000239,0.00312495
9.21400000239,-0.0125
9.21420000239,0.00312495
9.21440000239,-0.0125
9.21460000239,0.00312495
9.21480000239,0.00312495
9.21500000239,-0.0125
9.21520000239,0.00312495
9.21540000239,0.00312495
9.21560000239,-0.0125
9.21580000239,0.00312495
9.21600000239,-0.0125
9.21620000239,0.00312495
9.21640000239,-0.0125
9.21660000239,-0.0125
9.21680000239,-0.0125
9.21700000239,-0.0125
9.21720000239,-0.0125
9.21740000239,0.00312495
9.21760000239,-0.0125
9.21780000239,-0.0125
9.21800000239,-0.0125
9.21820000239,-0.0125
9.21840000239,-0.0125
9.21860000239,0.00312495
9.21880000239,-0.0125
9.21900000239,0.00312495
9.21920000239,-0.0125
9.21940000239,-0.0125
9.21960000239,-0.0125
9.21980000239,0.00312495
9.22000000239,-0.0125
9.22020000239,-0.0125
9.22040000239,-0.0125
9.22060000239,-0.0125
9.22080000239,-0.028125
9.22100000239,-0.0125
9.22120000239,-0.028125
9.22140000239,0.00312495
9.22160000239,-0.028125
9.22180000239,-0.0125
9.22200000239,-0.0125
9.22220000239,-0.0125
9.22240000239,-0.0125
9.22260000239,0.00312495
9.22280000239,-0.0125
9.22300000239,-0.0125
9.22320000239,-0.0125
9.22340000239,-0.0125
9.22360000239,-0.0125
9.22380000239,-0.028125
9.22400000239,0.00312495
9.22420000239,-0.0125
9.22440000239,0.00312495
9.22460000239,-0.0125
9.22480000239,-0.0125
9.22500000239,-0.028125
9.22520000239,0.00312495
9.22540000239,-0.0125
9.22560000239,-0.0125
9.22580000239,0.00312495
9.22600000239,-0.0125
9.22620000239,0.00312495
9.22640000239,-0.0125
9.22660000239,-0.0125
9.22680000239,-0.028125
9.22700000239,-0.0125
9.22720000239,-0.028125
9.22740000239,-0.028125
9.22760000239,-0.0125
9.22780000239,-0.0125
9.22800000239,-0.0125
9.22820000239,-0.0125
9.22840000239,-0.0125
9.22860000239,-0.0125
9.22880000239,-0.0125
9.22900000239,0.00312495
9.22920000239,0.00312495
9.22940000239,-0.028125
9.22960000239,-0.0125
9.22980000239,0.00312495
9.23000000239,-0.0125
9.23020000239,-0.028125
9.23040000239,-0.028125
9.23060000239,0.00312495
9.23080000239,0.00312495
9.23100000239,-0.028125
9.23120000239,-0.0125
9.23140000239,-0.0125
9.23160000239,-0.0125
9.23180000239,-0.0125
9.23200000239,-0.028125
9.23220000239,-0.0125
9.23240000239,-0.0125
9.23260000239,-0.0125
9.23280000239,-0.0125
9.23300000239,-0.0125
9.23320000239,-0.0125
9.23340000239,-0.04375
9.23360000239,-0.028125
9.23380000239,-0.0125
9.23400000239,-0.0125
9.23420000239,-0.0125
9.23440000239,-0.0125
9.23460000239,-0.028125
9.23480000239,-0.0125
9.23500000239,-0.0125
9.23520000239,-0.0125
9.23540000239,-0.028125
9.23560000239,-0.0125
9.23580000239,-0.0125
9.23600000239,-0.028125
9.23620000239,-0.028125
9.23640000239,-0.0125
9.23660000239,-0.0125
9.23680000239,-0.0125
9.23700000239,-0.028125
9.23720000239,-0.0125
9.23740000239,-0.028125
9.23760000239,-0.028125
9.23780000239,-0.028125
9.23800000239,-0.028125
9.23820000239,-0.028125
9.23840000239,-0.0125
9.23860000239,-0.028125
9.23880000239,0.00312495
9.23900000239,-0.028125
9.23920000239,-0.0125
9.23940000239,-0.028125
9.23960000239,-0.028125
9.23980000239,-0.0125
9.24000000239,-0.0125
9.24020000239,-0.0125
9.24040000239,-0.0125
9.24060000239,-0.028125
9.24080000239,-0.0125
9.24100000239,-0.0125
9.24120000239,-0.0125
9.24140000239,-0.028125
9.24160000239,-0.028125
9.24180000239,0.00312495
9.24200000239,-0.028125
9.24220000239,-0.0125
9.24240000239,-0.028125
9.24260000239,-0.0125
9.24280000239,-0.028125
9.24300000239,-0.028125
9.24320000239,-0.0125
9.24340000239,-0.028125
9.24360000239,-0.0125
9.24380000239,-0.0125
9.24400000239,-0.0125
9.24420000239,-0.0125
9.24440000239,-0.028125
9.24460000239,-0.04375
9.24480000239,-0.028125
9.24500000239,-0.028125
9.24520000239,-0.0125
9.24540000239,-0.0125
9.24560000239,-0.028125
9.24580000239,-0.028125
9.24600000239,-0.028125
9.24620000239,-0.028125
9.24640000239,-0.028125
9.24660000239,-0.028125
9.24680000239,-0.0125
9.24700000239,-0.028125
9.24720000239,-0.028125
9.24740000239,-0.0125
9.24760000239,-0.0125
9.24780000239,-0.0125
9.24800000239,-0.028125
9.24820000239,-0.0125
9.24840000239,-0.028125
9.24860000239,-0.028125
9.24880000239,-0.028125
9.24900000239,-0.028125
9.24920000239,-0.028125
9.24940000239,-0.028125
9.24960000239,-0.028125
9.24980000239,-0.028125
9.25000000239,-0.0125
9.25020000239,-0.0125
9.25040000239,-0.028125
9.25060000239,-0.04375
9.25080000239,-0.0125
9.25100000239,-0.0125
9.25120000239,-0.028125
9.25140000239,-0.0125
9.25160000239,-0.028125
9.25180000239,-0.028125
9.25200000239,-0.0125
9.25220000239,-0.028125
9.25240000239,-0.028125
9.25260000239,-0.028125
9.25280000239,-0.028125
9.25300000239,-0.0125
9.25320000239,-0.0125
9.25340000239,-0.028125
9.25360000239,-0.028125
9.25380000239,-0.028125
9.25400000239,-0.028125
9.25420000239,-0.028125
9.25440000239,-0.0125
9.25460000239,-0.0125
9.25480000239,-0.028125
9.25500000239,-0.028125
9.25520000239,-0.028125
9.25540000239,-0.028125
9.25560000239,-0.04375
9.25580000239,-0.0125
9.25600000239,-0.04375
9.25620000239,-0.028125
9.25640000239,-0.028125
9.25660000239,-0.028125
9.25680000239,-0.028125
9.25700000239,-0.028125
9.25720000239,-0.04375
9.25740000239,-0.028125
9.25760000239,-0.04375
9.25780000239,-0.028125
9.25800000239,-0.04375
9.25820000239,-0.028125
9.25840000239,-0.028125
9.25860000239,-0.028125
9.25880000239,-0.028125
9.25900000239,-0.028125
9.25920000239,-0.0125
9.25940000239,-0.028125
9.25960000239,-0.0125
9.25980000239,-0.04375
9.26000000239,-0.028125
9.26020000239,-0.0125
9.26040000239,-0.028125
9.26060000239,-0.028125
9.26080000239,-0.028125
9.26100000239,-0.028125
9.26120000239,-0.028125
9.26140000239,-0.04375
9.26160000239,-0.0125
9.26180000239,-0.028125
9.26200000239,-0.0125
9.26220000239,-0.028125
9.26240000239,-0.028125
9.26260000239,-0.028125
9.26280000239,-0.028125
9.26300000239,-0.028125
9.26320000239,-0.028125
9.26340000239,-0.028125
9.26360000239,-0.028125
9.26380000239,-0.028125
9.26400000239,-0.04375
9.26420000239,-0.028125
9.26440000239,-0.028125
9.26460000239,-0.028125
9.26480000239,-0.028125
9.26500000239,-0.028125
9.26520000239,-0.028125
9.26540000239,-0.04375
9.26560000239,-0.028125
9.26580000239,-0.028125
9.26600000239,-0.028125
9.26620000239,-0.028125
9.26640000239,-0.04375
9.26660000239,-0.028125
9.26680000239,-0.028125
9.26700000239,-0.028125
9.26720000239,-0.028125
9.26740000239,-0.028125
9.26760000239,-0.04375
9.26780000239,-0.028125
9.26800000239,-0.028125
9.26820000239,-0.0125
9.26840000239,-0.028125
9.26860000239,-0.04375
9.26880000239,-0.028125
9.26900000239,-0.028125
9.26920000239,-0.028125
9.26940000239,-0.028125
9.26960000239,-0.04375
9.26980000239,-0.028125
9.27000000239,-0.028125
9.27020000239,-0.04375
9.27040000239,-0.04375
9.27060000239,-0.028125
9.27080000239,-0.028125
9.27100000239,-0.028125
9.27120000239,-0.028125
9.27140000239,-0.028125
9.27160000239,-0.028125
9.27180000239,-0.028125
9.27200000239,-0.04375
9.27220000239,-0.028125
9.27240000239,-0.04375
9.27260000239,-0.028125
9.27280000239,-0.028125
9.27300000239,-0.028125
9.27320000239,-0.04375
9.27340000239,-0.04375
9.27360000239,-0.028125
9.27380000239,-0.028125
9.27400000239,-0.028125
9.27420000239,-0.028125
9.27440000239,-0.04375
9.27460000239,-0.028125
9.27480000239,-0.04375
9.27500000239,-0.0125
9.27520000239,-0.028125
9.27540000239,-0.028125
9.27560000239,-0.028125
9.27580000239,-0.028125
9.27600000239,-0.04375
9.27620000239,-0.028125
9.27640000239,-0.028125
9.27660000239,-0.0125
9.27680000239,-0.04375
9.27700000239,-0.028125
9.27720000239,-0.0125
9.27740000239,-0.028125
9.27760000239,-0.028125
9.27780000239,-0.04375
9.27800000239,-0.04375
9.27820000239,-0.028125
9.27840000239,-0.04375
9.27860000239,-0.028125
9.27880000239,-0.04375
9.27900000239,-0.04375
9.27920000239,-0.028125
9.27940000239,-0.028125
9.27960000239,-0.04375
9.27980000239,-0.04375
9.28000000239,-0.028125
9.28020000239,-0.028125
9.28040000239,-0.04375
9.28060000239,-0.028125
9.28080000239,-0.028125
9.28100000239,-0.028125
9.28120000239,-0.028125
9.28140000239,-0.04375
9.28160000239,-0.028125
9.28180000239,-0.028125
9.28200000239,-0.028125
9.28220000239,-0.028125
9.28240000239,-0.028125
9.28260000239,-0.028125
9.28280000239,-0.028125
9.28300000239,-0.028125
9.28320000239,-0.028125
9.28340000239,-0.028125
9.28360000239,-0.028125
9.28380000239,-0.04375
9.28400000239,-0.0125
9.28420000239,-0.028125
9.28440000239,-0.028125
9.28460000239,-0.04375
9.28480000239,-0.04375
9.28500000239,-0.028125
9.28520000239,-0.04375
9.28540000239,-0.04375
9.28560000239,-0.028125
9.28580000239,-0.04375
9.28600000239,-0.028125
9.28620000239,-0.028125
9.28640000239,-0.028125
9.28660000239,-0.028125
9.28680000239,-0.028125
9.28700000239,-0.028125
9.28720000239,-0.04375
9.28740000239,-0.04375
9.28760000239,-0.028125
9.28780000239,-0.028125
9.28800000239,-0.028125
9.28820000239,-0.04375
9.28840000239,-0.0125
9.28860000239,-0.028125
9.28880000239,-0.028125
9.28900000239,-0.04375
9.28920000239,-0.04375
9.28940000239,-0.04375
9.28960000239,-0.04375
9.28980000239,-0.04375
9.29000000239,-0.028125
9.29020000239,-0.028125
9.29040000239,-0.04375
9.29060000239,-0.028125
9.29080000239,-0.028125
9.29100000239,-0.04375
9.29120000239,-0.028125
9.29140000239,-0.028125
9.29160000239,-0.04375
9.29180000239,-0.028125
9.29200000239,-0.028125
9.29220000239,-0.04375
9.29240000239,-0.04375
9.29260000239,-0.04375
9.29280000239,-0.04375
9.29300000239,-0.028125
9.29320000239,-0.028125
9.29340000239,-0.028125
9.29360000239,-0.04375
9.29380000239,-0.028125
9.29400000239,-0.04375
9.29420000239,-0.04375
9.29440000239,-0.04375
9.29460000239,-0.028125
9.29480000239,-0.028125
9.29500000239,-0.04375
9.29520000239,-0.04375
9.29540000239,-0.04375
9.29560000239,-0.028125
9.29580000239,-0.04375
9.29600000239,-0.04375
9.29620000239,-0.0125
9.29640000239,-0.04375
9.29660000239,-0.04375
9.29680000239,-0.028125
9.29700000239,-0.04375
9.29720000239,-0.028125
9.29740000239,-0.059375
9.29760000239,-0.028125
9.29780000239,-0.04375
9.29800000239,-0.0125
9.29820000239,-0.028125
9.29840000239,-0.04375
9.29860000239,-0.04375
9.29880000239,-0.059375
9.29900000239,-0.028125
9.29920000239,-0.04375
9.29940000239,-0.028125
9.29960000239,-0.028125
9.29980000239,-0.04375
9.30000000239,-0.04375
9.30020000239,-0.04375
9.30040000239,-0.028125
9.30060000239,-0.028125
9.30080000239,-0.04375
9.30100000239,-0.04375
9.30120000239,-0.028125
9.30140000239,-0.04375
9.30160000239,-0.028125
9.30180000239,-0.04375
9.30200000239,-0.04375
9.30220000239,-0.059375
9.30240000239,-0.028125
9.30260000239,-0.028125
9.30280000239,-0.028125
9.30300000239,-0.04375
9.30320000239,-0.028125
9.30340000239,-0.028125
9.30360000239,-0.04375
9.30380000239,-0.028125
9.30400000239,-0.04375
9.30420000239,-0.04375
9.30440000239,-0.04375
9.30460000239,-0.04375
9.30480000239,-0.04375
9.30500000239,-0.04375
9.30520000239,-0.028125
9.30540000239,-0.028125
9.30560000239,-0.04375
9.30580000239,-0.028125
9.30600000239,-0.059375
9.30620000239,-0.028125
9.30640000239,-0.04375
9.30660000239,-0.028125
9.30680000239,-0.028125
9.30700000239,-0.04375
9.30720000239,-0.028125
9.30740000239,-0.04375
9.30760000239,-0.04375
9.30780000239,-0.059375
9.30800000239,-0.028125
9.30820000239,-0.04375
9.30840000239,-0.04375
9.30860000239,-0.04375
9.30880000239,-0.04375
9.30900000239,-0.028125
9.30920000239,-0.04375
9.30940000239,-0.04375
9.30960000239,-0.028125
9.30980000239,-0.04375
9.31000000239,-0.04375
9.31020000239,-0.028125
9.31040000239,-0.04375
9.31060000239,-0.059375
9.31080000239,-0.04375
9.31100000239,-0.04375
9.31120000239,-0.028125
9.31140000239,-0.028125
9.31160000239,-0.028125
9.31180000239,-0.028125
9.31200000239,-0.04375
9.31220000239,-0.04375
9.31240000239,-0.04375
9.31260000239,-0.04375
9.31280000239,-0.04375
9.31300000239,-0.04375
9.31320000239,-0.059375
9.31340000239,-0.04375
9.31360000239,-0.028125
9.31380000239,-0.04375
9.31400000239,-0.028125
9.31420000239,-0.028125
9.31440000239,-0.028125
9.31460000239,-0.04375
9.31480000239,-0.028125
9.31500000239,-0.028125
9.31520000239,-0.028125
9.31540000239,-0.028125
9.31560000239,-0.04375
9.31580000239,-0.059375
9.31600000239,-0.04375
9.31620000239,-0.028125
9.31640000239,-0.04375
9.31660000239,-0.04375
9.31680000239,-0.028125
9.31700000239,-0.04375
9.31720000239,-0.04375
9.31740000239,-0.04375
9.31760000239,-0.028125
9.31780000239,-0.04375
9.31800000239,-0.04375
9.31820000239,-0.04375
9.31840000239,-0.04375
9.31860000239,-0.04375
9.31880000239,-0.028125
9.31900000239,-0.04375
9.31920000239,-0.028125
9.31940000239,-0.04375
9.31960000239,-0.04375
9.31980000239,-0.028125
9.32000000239,-0.04375
9.32020000239,-0.04375
9.32040000239,-0.04375
9.32060000239,-0.059375
9.32080000239,-0.04375
9.32100000239,-0.04375
9.32120000239,-0.028125
9.32140000239,-0.04375
9.32160000239,-0.028125
9.32180000239,-0.028125
9.32200000239,-0.028125
9.32220000239,-0.059375
9.32240000239,-0.04375
9.32260000239,-0.028125
9.32280000239,-0.04375
9.32300000239,-0.028125
9.32320000239,-0.04375
9.32340000239,-0.028125
9.32360000239,-0.04375
9.32380000239,-0.04375
9.32400000239,-0.04375
9.32420000239,-0.04375
9.32440000239,-0.04375
9.32460000239,-0.028125
9.32480000239,-0.04375
9.32500000239,-0.04375
9.32520000239,-0.04375
9.32540000239,-0.04375
9.32560000239,-0.028125
9.32580000239,-0.028125
9.32600000239,-0.04375
9.32620000239,-0.04375
9.32640000239,-0.028125
9.32660000239,-0.04375
9.32680000239,-0.04375
9.32700000239,-0.04375
9.32720000239,-0.028125
9.32740000239,-0.028125
9.32760000239,-0.04375
9.32780000239,-0.04375
9.32800000239,-0.028125
9.32820000239,-0.028125
9.32840000239,-0.059375
9.32860000239,-0.04375
9.32880000239,-0.04375
9.32900000239,-0.04375
9.32920000239,-0.028125
9.32940000239,-0.028125
9.32960000239,-0.04375
9.32980000239,-0.04375
9.33000000239,-0.059375
9.33020000239,-0.04375
9.33040000239,-0.04375
9.33060000239,-0.04375
9.33080000239,-0.059375
9.33100000239,-0.028125
9.33120000239,-0.028125
9.33140000239,-0.059375
9.33160000239,-0.028125
9.33180000239,-0.04375
9.33200000239,-0.04375
9.33220000239,-0.028125
9.33240000239,-0.04375
9.33260000239,-0.04375
9.33280000239,-0.028125
9.33300000239,-0.059375
9.33320000239,-0.04375
9.33340000239,-0.04375
9.33360000239,-0.04375
9.33380000239,-0.04375
9.33400000239,-0.04375
9.33420000239,-0.059375
9.33440000239,-0.04375
9.33460000239,-0.04375
9.33480000239,-0.04375
9.33500000239,-0.04375
9.33520000239,-0.04375
9.33540000239,-0.04375
9.33560000239,-0.04375
9.33580000239,-0.04375
9.33600000239,-0.04375
9.33620000239,-0.04375
9.33640000239,-0.04375
9.33660000239,-0.028125
9.33680000239,-0.059375
9.33700000239,-0.04375
9.33720000239,-0.059375
9.33740000239,-0.04375
9.33760000239,-0.04375
9.33780000239,-0.04375
9.33800000239,-0.059375
9.33820000239,-0.04375
9.33840000239,-0.04375
9.33860000239,-0.04375
9.33880000239,-0.04375
9.33900000239,-0.028125
9.33920000239,-0.059375
9.33940000239,-0.028125
9.33960000239,-0.04375
9.33980000239,-0.04375
9.34000000239,-0.04375
9.34020000239,-0.04375
9.34040000239,-0.04375
9.34060000239,-0.028125
9.34080000239,-0.04375
9.34100000239,-0.04375
9.34120000239,-0.028125
9.34140000239,-0.04375
9.34160000239,-0.04375
9.34180000239,-0.04375
9.34200000239,-0.04375
9.34220000239,-0.059375
9.34240000239,-0.04375
9.34260000239,-0.059375
9.34280000239,-0.04375
9.34300000239,-0.028125
9.34320000239,-0.04375
9.34340000239,-0.04375
9.34360000239,-0.04375
9.34380000239,-0.04375
9.34400000239,-0.028125
9.34420000239,-0.04375
9.34440000239,-0.04375
9.34460000239,-0.04375
9.34480000239,-0.059375
9.34500000239,-0.059375
9.34520000239,-0.04375
9.34540000239,-0.04375
9.34560000239,-0.04375
9.34580000239,-0.04375
9.34600000239,-0.04375
9.34620000239,-0.04375
9.34640000239,-0.028125
9.34660000239,-0.04375
9.34680000239,-0.04375
9.34700000239,-0.059375
9.34720000239,-0.04375
9.34740000239,-0.04375
9.34760000239,-0.059375
9.34780000239,-0.04375
9.34800000239,-0.059375
9.34820000239,-0.04375
9.34840000239,-0.04375
9.34860000239,-0.028125
9.34880000239,-0.04375
9.34900000239,-0.04375
9.34920000239,-0.04375
9.34940000239,-0.04375
9.34960000239,-0.04375
9.34980000239,-0.028125
9.35000000239,-0.04375
9.35020000239,-0.04375
9.35040000239,-0.04375
9.35060000239,-0.04375
9.35080000239,-0.04375
9.35100000239,-0.04375
9.35120000239,-0.04375
9.35140000239,-0.028125
9.35160000239,-0.059375
9.35180000239,-0.04375
9.35200000239,-0.028125
9.35220000239,-0.04375
9.35240000239,-0.028125
9.35260000239,-0.04375
9.35280000239,-0.04375
9.35300000239,-0.059375
9.35320000239,-0.059375
9.35340000239,-0.04375
9.35360000239,-0.04375
9.35380000239,-0.04375
9.35400000239,-0.04375
9.35420000239,-0.059375
9.35440000239,-0.04375
9.35460000239,-0.04375
9.35480000239,-0.04375
9.35500000239,-0.059375
9.35520000239,-0.059375
9.35540000239,-0.04375
9.35560000239,-0.04375
9.35580000239,-0.04375
9.35600000239,-0.059375
9.35620000239,-0.04375
9.35640000239,-0.04375
9.35660000239,-0.04375
9.35680000239,-0.028125
9.35700000239,-0.059375
9.35720000239,-0.04375
9.35740000239,-0.04375
9.35760000239,-0.04375
9.35780000239,-0.059375
9.35800000239,-0.04375
9.35820000239,-0.04375
9.35840000239,-0.059375
9.35860000239,-0.04375
9.35880000239,-0.059375
9.35900000239,-0.04375
9.35920000239,-0.04375
9.35940000239,-0.04375
9.35960000239,-0.04375
9.35980000239,-0.04375
9.36000000239,-0.04375
9.36020000239,-0.059375
9.36040000239,-0.028125
9.36060000239,-0.04375
9.36080000239,-0.04375
9.36100000239,-0.028125
9.36120000239,-0.04375
9.36140000239,-0.04375
9.36160000239,-0.04375
9.36180000239,-0.059375
9.36200000239,-0.04375
9.36220000239,-0.04375
9.36240000239,-0.04375
9.36260000239,-0.04375
9.36280000239,-0.059375
9.36300000239,-0.04375
9.36320000239,-0.04375
9.36340000239,-0.059375
9.36360000239,-0.059375
9.36380000239,-0.04375
9.36400000239,-0.059375
9.36420000239,-0.04375
9.36440000239,-0.04375
9.36460000239,-0.04375
9.36480000239,-0.059375
9.36500000239,-0.028125
9.36520000239,-0.059375
9.36540000239,-0.04375
9.36560000239,-0.04375
9.36580000239,-0.059375
9.36600000239,-0.04375
9.36620000239,-0.04375
9.36640000239,-0.04375
9.36660000239,-0.059375
9.36680000239,-0.059375
9.36700000239,-0.04375
9.36720000239,-0.028125
9.36740000239,-0.04375
9.36760000239,-0.028125
9.36780000239,-0.04375
9.36800000239,-0.04375
9.36820000239,-0.04375
9.36840000239,-0.04375
9.36860000239,-0.028125
9.36880000239,-0.04375
9.36900000239,-0.059375
9.36920000239,-0.04375
9.36940000239,-0.04375
9.36960000239,-0.059375
9.36980000239,-0.04375
9.37000000239,-0.04375
9.37020000239,-0.04375
9.37040000239,-0.04375
9.37060000239,-0.028125
9.37080000239,-0.059375
9.37100000239,-0.04375
9.37120000239,-0.059375
9.37140000239,-0.04375
9.37160000239,-0.04375
9.37180000239,-0.04375
9.37200000239,-0.04375
9.37220000239,-0.059375
9.37240000239,-0.04375
9.37260000239,-0.059375
9.37280000239,-0.028125
9.37300000239,-0.04375
9.37320000239,-0.04375
9.37340000239,-0.059375
9.37360000239,-0.04375
9.37380000239,-0.04375
9.37400000239,-0.059375
9.37420000239,-0.04375
9.37440000239,-0.04375
9.37460000239,-0.059375
9.37480000239,-0.059375
9.37500000239,-0.04375
9.37520000239,-0.04375
9.37540000239,-0.04375
9.37560000239,-0.059375
9.37580000239,-0.04375
9.37600000239,-0.028125
9.37620000239,-0.04375
9.37640000239,-0.04375
9.37660000239,-0.04375
9.37680000239,-0.028125
9.37700000239,-0.04375
9.37720000239,-0.04375
9.37740000239,-0.04375
9.37760000239,-0.04375
9.37780000239,-0.028125
9.37800000239,-0.059375
9.37820000239,-0.028125
9.37840000239,-0.059375
9.37860000239,-0.04375
9.37880000239,-0.04375
9.37900000239,-0.04375
9.37920000239,-0.04375
9.37940000239,-0.04375
9.37960000239,-0.04375
9.37980000239,-0.04375
9.38000000239,-0.059375
9.38020000239,-0.059375
9.38040000239,-0.028125
9.38060000239,-0.059375
9.38080000239,-0.04375
9.38100000239,-0.04375
9.38120000239,-0.059375
9.38140000239,-0.04375
9.38160000239,-0.04375
9.38180000239,-0.028125
9.38200000239,-0.059375
9.38220000239,-0.04375
9.38240000239,-0.04375
9.38260000239,-0.04375
9.38280000239,-0.04375
9.38300000239,-0.04375
9.38320000239,-0.04375
9.38340000239,-0.04375
9.38360000239,-0.04375
9.38380000239,-0.04375
9.38400000239,-0.059375
9.38420000239,-0.04375
9.38440000239,-0.04375
9.38460000239,-0.04375
9.38480000239,-0.04375
9.38500000239,-0.04375
9.38520000239,-0.059375
9.38540000239,-0.04375
9.38560000239,-0.059375
9.38580000239,-0.059375
9.38600000239,-0.04375
9.38620000239,-0.059375
9.38640000239,-0.04375
9.38660000239,-0.04375
9.38680000239,-0.059375
9.38700000239,-0.059375
9.38720000239,-0.059375
9.38740000239,-0.059375
9.38760000239,-0.04375
9.38780000239,-0.04375
9.38800000239,-0.04375
9.38820000239,-0.04375
9.38840000239,-0.028125
9.38860000239,-0.04375
9.38880000239,-0.059375
9.38900000239,-0.028125
9.38920000239,-0.04375
9.38940000239,-0.04375
9.38960000239,-0.059375
9.38980000239,-0.04375
9.39000000239,-0.04375
9.39020000239,-0.059375
9.39040000239,-0.059375
9.39060000239,-0.059375
9.39080000239,-0.028125
9.39100000239,-0.04375
9.39120000239,-0.059375
9.39140000239,-0.059375
9.39160000239,-0.04375
9.39180000239,-0.04375
9.39200000239,-0.04375
9.39220000239,-0.04375
9.39240000239,-0.04375
9.39260000239,-0.04375
9.39280000239,-0.04375
9.39300000239,-0.04375
9.39320000239,-0.04375
9.39340000239,-0.04375
9.39360000239,-0.04375
9.39380000239,-0.04375
9.39400000239,-0.04375
9.39420000239,-0.04375
9.39440000239,-0.059375
9.39460000239,-0.04375
9.39480000239,-0.04375
9.39500000239,-0.059375
9.39520000239,-0.059375
9.39540000239,-0.04375
9.39560000239,-0.059375
9.39580000239,-0.059375
9.39600000239,-0.059375
9.39620000239,-0.059375
9.39640000239,-0.04375
9.39660000239,-0.028125
9.39680000239,-0.04375
9.39700000239,-0.04375
9.39720000239,-0.04375
9.39740000239,-0.059375
9.39760000239,-0.04375
9.39780000239,-0.028125
9.39800000239,-0.04375
9.39820000239,-0.04375
9.39840000239,-0.059375
9.39860000239,-0.059375
9.39880000239,-0.059375
9.39900000239,-0.04375
9.39920000239,-0.04375
9.39940000239,-0.04375
9.39960000239,-0.04375
9.39980000239,-0.04375
9.40000000239,-0.059375
9.40020000239,-0.04375
9.40040000239,-0.04375
9.40060000239,-0.04375
9.40080000239,-0.059375
9.40100000239,-0.059375
9.40120000239,-0.059375
9.40140000239,-0.04375
9.40160000239,-0.059375
9.40180000239,-0.04375
9.40200000239,-0.04375
9.40220000239,-0.04375
9.40240000239,-0.059375
9.40260000239,-0.04375
9.40280000239,-0.059375
9.40300000239,-0.059375
9.40320000239,-0.059375
9.40340000239,-0.059375
9.40360000239,-0.059375
9.40380000239,-0.04375
9.40400000239,-0.04375
9.40420000239,-0.059375
9.40440000239,-0.04375
9.40460000239,-0.04375
9.40480000239,-0.04375
9.40500000239,-0.04375
9.40520000239,-0.04375
9.40540000239,-0.04375
9.40560000239,-0.04375
9.40580000239,-0.04375
9.40600000239,-0.04375
9.40620000239,-0.04375
9.40640000239,-0.04375
9.40660000239,-0.04375
9.40680000239,-0.059375
9.40700000239,-0.059375
9.40720000239,-0.04375
9.40740000239,-0.04375
9.40760000239,-0.04375
9.40780000239,-0.04375
9.40800000239,-0.04375
9.40820000239,-0.04375
9.40840000239,-0.028125
9.40860000239,-0.059375
9.40880000239,-0.059375
9.40900000239,-0.059375
9.40920000239,-0.04375
9.40940000239,-0.04375
9.40960000239,-0.075
9.40980000239,-0.028125
9.41000000239,-0.04375
9.41020000239,-0.04375
9.41040000239,-0.059375
9.41060000239,-0.059375
9.41080000239,-0.059375
9.41100000239,-0.059375
9.41120000239,-0.059375
9.41140000239,-0.075
9.41160000239,-0.059375
9.41180000239,-0.059375
9.41200000239,-0.059375
9.41220000239,-0.059375
9.41240000239,-0.028125
9.41260000239,-0.04375
9.41280000239,-0.059375
9.41300000239,-0.059375
9.41320000239,-0.059375
9.41340000239,-0.04375
9.41360000239,-0.059375
9.41380000239,-0.059375
9.41400000239,-0.04375
9.41420000239,-0.04375
9.41440000239,-0.04375
9.41460000239,-0.059375
9.41480000239,-0.04375
9.41500000239,-0.04375
9.41520000239,-0.059375
9.41540000239,-0.04375
9.41560000239,-0.075
9.41580000239,-0.059375
9.41600000239,-0.059375
9.41620000239,-0.04375
9.41640000239,-0.059375
9.41660000239,-0.059375
9.41680000239,-0.059375
9.41700000239,-0.04375
9.41720000239,-0.04375
9.41740000239,-0.059375
9.41760000239,-0.04375
9.41780000239,-0.04375
9.41800000239,-0.059375
9.41820000239,-0.04375
9.41840000239,-0.04375
9.41860000239,-0.04375
9.41880000239,-0.04375
9.41900000239,-0.059375
9.41920000239,-0.059375
9.41940000239,-0.04375
9.41960000239,-0.04375
9.41980000239,-0.059375
9.42000000239,-0.04375
9.42020000239,-0.04375
9.42040000239,-0.059375
9.42060000239,-0.059375
9.42080000239,-0.04375
9.42100000239,-0.04375
9.42120000239,-0.04375
9.42140000239,-0.04375
9.42160000239,-0.059375
9.42180000239,-0.059375
9.42200000239,-0.075
9.42220000239,-0.059375
9.42240000239,-0.04375
9.42260000239,-0.075
9.42280000239,-0.04375
9.42300000239,-0.04375
9.42320000239,-0.059375
9.42340000239,-0.059375
9.42360000239,-0.059375
9.42380000239,-0.04375
9.42400000239,-0.04375
9.42420000239,-0.059375
9.42440000239,-0.059375
9.42460000239,-0.059375
9.42480000239,-0.059375
9.42500000239,-0.059375
9.42520000239,-0.04375
9.42540000239,-0.059375
9.42560000239,-0.04375
9.42580000239,-0.059375
9.42600000239,-0.04375
9.42620000239,-0.04375
9.42640000239,-0.04375
9.42660000239,-0.059375
9.42680000239,-0.059375
9.42700000239,-0.04375
9.42720000239,-0.04375
9.42740000239,-0.04375
9.42760000239,-0.04375
9.42780000239,-0.059375
9.42800000239,-0.04375
9.42820000239,-0.059375
9.42840000239,-0.059375
9.42860000239,-0.04375
9.42880000239,-0.04375
9.42900000239,-0.04375
9.42920000239,-0.04375
9.42940000239,-0.04375
9.42960000239,-0.04375
9.42980000239,-0.059375
9.43000000239,-0.059375
9.43020000239,-0.04375
9.43040000239,-0.059375
9.43060000239,-0.04375
9.43080000239,-0.059375
9.43100000239,-0.04375
9.43120000239,-0.059375
9.43140000239,-0.04375
9.43160000239,-0.059375
9.43180000239,-0.059375
9.43200000239,-0.04375
9.43220000239,-0.059375
9.43240000239,-0.04375
9.43260000239,-0.059375
9.43280000239,-0.04375
9.43300000239,-0.059375
9.43320000239,-0.059375
9.43340000239,-0.04375
9.43360000239,-0.04375
9.43380000239,-0.059375
9.43400000239,-0.04375
9.43420000239,-0.059375
9.43440000239,-0.059375
9.43460000239,-0.04375
9.43480000239,-0.059375
9.43500000239,-0.04375
9.43520000239,-0.04375
9.43540000239,-0.059375
9.43560000239,-0.059375
9.43580000239,-0.04375
9.43600000239,-0.059375
9.43620000239,-0.059375
9.43640000239,-0.059375
9.43660000239,-0.04375
9.43680000239,-0.059375
9.43700000239,-0.04375
9.43720000239,-0.059375
9.43740000239,-0.04375
9.43760000239,-0.059375
9.43780000239,-0.04375
9.43800000239,-0.04375
9.43820000239,-0.059375
9.43840000239,-0.059375
9.43860000239,-0.059375
9.43880000239,-0.059375
9.43900000239,-0.04375
9.43920000239,-0.059375
9.43940000239,-0.059375
9.43960000239,-0.04375
9.43980000239,-0.059375
9.44000000239,-0.059375
9.44020000239,-0.059375
9.44040000239,-0.059375
9.44060000239,-0.04375
9.44080000239,-0.059375
9.44100000239,-0.059375
9.44120000239,-0.059375
9.44140000239,-0.04375
9.44160000239,-0.059375
9.44180000239,-0.059375
9.44200000239,-0.059375
9.44220000239,-0.059375
9.44240000239,-0.04375
9.44260000239,-0.059375
9.44280000239,-0.059375
9.44300000239,-0.04375
9.44320000239,-0.04375
9.44340000239,-0.04375
9.44360000239,-0.04375
9.44380000239,-0.059375
9.44400000239,-0.059375
9.44420000239,-0.059375
9.44440000239,-0.059375
9.44460000239,-0.04375
9.44480000239,-0.059375
9.44500000239,-0.04375
9.44520000239,-0.059375
9.44540000239,-0.04375
9.44560000239,-0.059375
9.44580000239,-0.059375
9.44600000239,-0.059375
9.44620000239,-0.059375
9.44640000239,-0.059375
9.44660000239,-0.04375
9.44680000239,-0.059375
9.44700000239,-0.04375
9.44720000239,-0.04375
9.44740000239,-0.059375
9.44760000239,-0.059375
9.44780000239,-0.04375
9.44800000239,-0.04375
9.44820000239,-0.059375
9.44840000239,-0.059375
9.44860000239,-0.059375
9.44880000239,-0.04375
9.44900000239,-0.04375
9.44920000239,-0.059375
9.44940000239,-0.075
9.44960000239,-0.059375
9.44980000239,-0.04375
9.45000000239,-0.04375
9.45020000239,-0.059375
9.45040000239,-0.04375
9.45060000239,-0.04375
9.45080000239,-0.059375
9.45100000239,-0.059375
9.45120000239,-0.04375
9.45140000239,-0.04375
9.45160000239,-0.059375
9.45180000239,-0.028125
9.45200000239,-0.04375
9.45220000239,-0.028125
9.45240000239,-0.04375
9.45260000239,-0.059375
9.45280000239,-0.059375
9.45300000239,-0.059375
9.45320000239,-0.04375
9.45340000239,-0.04375
9.45360000239,-0.059375
9.45380000239,-0.059375
9.45400000239,-0.059375
9.45420000239,-0.04375
9.45440000239,-0.059375
9.45460000239,-0.04375
9.45480000239,-0.04375
9.45500000239,-0.059375
9.45520000239,-0.04375
9.45540000239,-0.059375
9.45560000239,-0.04375
9.45580000239,-0.059375
9.45600000239,-0.04375
9.45620000239,-0.059375
9.45640000239,-0.059375
9.45660000239,-0.059375
9.45680000239,-0.059375
9.45700000239,-0.059375
9.45720000239,-0.04375
9.45740000239,-0.059375
9.45760000239,-0.059375
9.45780000239,-0.059375
9.45800000239,-0.059375
9.45820000239,-0.04375
9.45840000239,-0.059375
9.45860000239,-0.059375
9.45880000239,-0.059375
9.45900000239,-0.059375
9.45920000239,-0.075
9.45940000239,-0.059375
9.45960000239,-0.059375
9.45980000239,-0.04375
9.46000000239,-0.059375
9.46020000239,-0.059375
9.46040000239,-0.059375
9.46060000239,-0.04375
9.46080000239,-0.059375
9.46100000239,-0.059375
9.46120000239,-0.04375
9.46140000239,-0.04375
9.46160000239,-0.059375
9.46180000239,-0.059375
9.46200000239,-0.059375
9.46220000239,-0.059375
9.46240000239,-0.04375
9.46260000239,-0.075
9.46280000239,-0.04375
9.46300000239,-0.04375
9.46320000239,-0.04375
9.46340000239,-0.059375
9.46360000239,-0.04375
9.46380000239,-0.059375
9.46400000239,-0.04375
9.46420000239,-0.059375
9.46440000239,-0.059375
9.46460000239,-0.075
9.46480000239,-0.04375
9.46500000239,-0.04375
9.46520000239,-0.04375
9.46540000239,-0.04375
9.46560000239,-0.059375
9.46580000239,-0.04375
9.46600000239,-0.059375
9.46620000239,-0.075
9.46640000239,-0.059375
9.46660000239,-0.04375
9.46680000239,-0.059375
9.46700000239,-0.059375
9.46720000239,-0.059375
9.46740000239,-0.04375
9.46760000239,-0.04375
9.46780000239,-0.04375
9.46800000239,-0.059375
9.46820000239,-0.04375
9.46840000239,-0.04375
9.46860000239,-0.059375
9.46880000239,-0.04375
9.46900000239,-0.04375
9.46920000239,-0.059375
9.46940000239,-0.04375
9.46960000239,-0.059375
9.46980000239,-0.059375
9.47000000239,-0.059375
9.47020000239,-0.04375
9.47040000239,-0.059375
9.47060000239,-0.059375
9.47080000239,-0.04375
9.47100000239,-0.059375
9.47120000239,-0.04375
9.47140000239,-0.059375
9.47160000239,-0.059375
9.47180000239,-0.04375
9.47200000239,-0.059375
9.47220000239,-0.059375
9.47240000239,-0.04375
9.47260000239,-0.04375
9.47280000239,-0.059375
9.47300000239,-0.04375
9.47320000239,-0.059375
9.47340000239,-0.059375
9.47360000239,-0.04375
9.47380000239,-0.04375
9.47400000239,-0.04375
9.47420000239,-0.059375
9.47440000239,-0.059375
9.47460000239,-0.04375
9.47480000239,-0.04375
9.47500000239,-0.04375
9.47520000239,-0.04375
9.47540000239,-0.059375
9.47560000239,-0.059375
9.47580000239,-0.059375
9.47600000239,-0.059375
9.47620000239,-0.059375
9.47640000239,-0.059375
9.47660000239,-0.075
9.47680000239,-0.059375
9.47700000239,-0.04375
9.47720000239,-0.059375
9.47740000239,-0.059375
9.47760000239,-0.04375
9.47780000239,-0.04375
9.47800000239,-0.059375
9.47820000239,-0.059375
9.47840000239,-0.059375
9.47860000239,-0.059375
9.47880000239,-0.04375
9.47900000239,-0.04375
9.47920000239,-0.059375
9.47940000239,-0.059375
9.47960000239,-0.059375
9.47980000239,-0.059375
9.48000000239,-0.059375
9.48020000239,-0.059375
9.48040000239,-0.04375
9.48060000239,-0.059375
9.48080000239,-0.059375
9.48100000239,-0.059375
9.48120000239,-0.059375
9.48140000239,-0.059375
9.48160000239,-0.059375
9.48180000239,-0.075
9.48200000239,-0.059375
9.48220000239,-0.04375
9.48240000239,-0.059375
9.48260000239,-0.059375
9.48280000239,-0.04375
9.48300000239,-0.059375
9.48320000239,-0.04375
9.48340000239,-0.059375
9.48360000239,-0.059375
9.48380000239,-0.028125
9.48400000239,-0.059375
9.48420000239,-0.059375
9.48440000239,-0.059375
9.48460000239,-0.04375
9.48480000239,-0.059375
9.48500000239,-0.059375
9.48520000239,-0.059375
9.48540000239,-0.059375
9.48560000239,-0.04375
9.48580000239,-0.04375
9.48600000239,-0.059375
9.48620000239,-0.059375
9.48640000239,-0.059375
9.48660000239,-0.059375
9.48680000239,-0.04375
9.48700000239,-0.059375
9.48720000239,-0.04375
9.48740000239,-0.04375
9.48760000239,-0.075
9.48780000239,-0.059375
9.48800000239,-0.04375
9.48820000239,-0.059375
9.48840000239,-0.059375
9.48860000239,-0.059375
9.48880000239,-0.04375
9.48900000239,-0.059375
9.48920000239,-0.04375
9.48940000239,-0.059375
9.48960000239,-0.04375
9.48980000239,-0.04375
9.49000000239,-0.04375
9.49020000239,-0.059375
9.49040000239,-0.04375
9.49060000239,-0.059375
9.49080000239,-0.059375
9.49100000239,-0.04375
9.49120000239,-0.04375
9.49140000239,-0.04375
9.49160000239,-0.059375
9.49180000239,-0.059375
9.49200000239,-0.059375
9.49220000239,-0.04375
9.49240000239,-0.04375
9.49260000239,-0.059375
9.49280000239,-0.04375
9.49300000239,-0.059375
9.49320000239,-0.059375
9.49340000239,-0.059375
9.49360000239,-0.059375
9.49380000239,-0.04375
9.49400000239,-0.059375
9.49420000239,-0.059375
9.49440000239,-0.059375
9.49460000239,-0.059375
9.49480000239,-0.059375
9.49500000239,-0.04375
9.49520000239,-0.04375
9.49540000239,-0.059375
9.49560000239,-0.059375
9.49580000239,-0.04375
9.49600000239,-0.04375
9.49620000239,-0.04375
9.49640000239,-0.059375
9.49660000239,-0.028125
9.49680000239,-0.059375
9.49700000239,-0.059375
9.49720000239,-0.04375
9.49740000239,-0.059375
9.49760000239,-0.059375
9.49780000239,-0.04375
9.49800000239,-0.059375
9.49820000239,-0.059375
9.49840000239,-0.04375
9.49860000239,-0.04375
9.49880000239,-0.04375
9.49900000239,-0.059375
9.49920000239,-0.059375
9.49940000239,-0.059375
9.49960000239,-0.059375
9.49980000239,-0.059375
9.50000000239,-0.059375
9.50020000239,-0.059375
9.50040000239,-0.04375
9.50060000239,-0.059375
9.50080000239,-0.04375
9.50100000239,-0.04375
9.50120000239,-0.059375
9.50140000239,-0.059375
9.50160000239,-0.04375
9.50180000239,-0.059375
9.50200000239,-0.04375
9.50220000239,-0.059375
9.50240000239,-0.04375
9.50260000239,-0.075
9.50280000239,-0.059375
9.50300000239,-0.075
9.50320000239,-0.04375
9.50340000239,-0.04375
9.50360000239,-0.059375
9.50380000239,-0.075
9.50400000239,-0.04375
9.50420000239,-0.04375
9.50440000239,-0.059375
9.50460000239,-0.059375
9.50480000239,-0.059375
9.50500000239,-0.04375
9.50520000239,-0.059375
9.50540000239,-0.059375
9.50560000239,-0.059375
9.50580000239,-0.059375
9.50600000239,-0.059375
9.50620000239,-0.059375
9.50640000239,-0.075
9.50660000239,-0.04375
9.50680000239,-0.04375
9.50700000239,-0.059375
9.50720000239,-0.04375
9.50740000239,-0.059375
9.50760000239,-0.059375
9.50780000239,-0.059375
9.50800000239,-0.04375
9.50820000239,-0.04375
9.50840000239,-0.04375
9.50860000239,-0.059375
9.50880000239,-0.059375
9.50900000239,-0.059375
9.50920000239,-0.04375
9.50940000239,-0.059375
9.50960000239,-0.059375
9.50980000239,-0.04375
9.51000000239,-0.059375
9.51020000239,-0.059375
9.51040000239,-0.059375
9.51060000239,-0.04375
9.51080000239,-0.059375
9.51100000239,-0.059375
9.51120000239,-0.04375
9.51140000239,-0.04375
9.51160000239,-0.059375
9.51180000239,-0.059375
9.51200000239,-0.04375
9.51220000239,-0.04375
9.51240000239,-0.059375
9.51260000239,-0.059375
9.51280000239,-0.04375
9.51300000239,-0.059375
9.51320000239,-0.04375
9.51340000239,-0.04375
9.51360000239,-0.059375
9.51380000239,-0.059375
9.51400000239,-0.059375
9.51420000239,-0.04375
9.51440000239,-0.04375
9.51460000239,-0.059375
9.51480000239,-0.059375
9.51500000239,-0.059375
9.51520000239,-0.059375
9.51540000239,-0.04375
9.51560000239,-0.059375
9.51580000239,-0.059375
9.51600000239,-0.04375
9.51620000239,-0.04375
9.51640000239,-0.04375
9.51660000239,-0.059375
9.51680000239,-0.04375
9.51700000239,-0.04375
9.51720000239,-0.059375
9.51740000239,-0.059375
9.51760000239,-0.075
9.51780000239,-0.04375
9.51800000239,-0.059375
9.51820000239,-0.059375
9.51840000239,-0.04375
9.51860000239,-0.04375
9.51880000239,-0.059375
9.51900000239,-0.04375
9.51920000239,-0.059375
9.51940000239,-0.059375
9.51960000239,-0.059375
9.51980000239,-0.059375
9.52000000239,-0.04375
9.52020000239,-0.059375
9.52040000239,-0.04375
9.52060000239,-0.04375
9.52080000239,-0.059375
9.52100000239,-0.059375
9.52120000239,-0.059375
9.52140000239,-0.04375
9.52160000239,-0.059375
9.52180000239,-0.04375
9.52200000239,-0.04375
9.52220000239,-0.04375
9.52240000239,-0.059375
9.52260000239,-0.04375
9.52280000239,-0.059375
9.52300000239,-0.04375
9.52320000239,-0.04375
9.52340000239,-0.04375
9.52360000239,-0.059375
9.52380000239,-0.059375
9.52400000239,-0.04375
9.52420000239,-0.04375
9.52440000239,-0.04375
9.52460000239,-0.059375
9.52480000239,-0.04375
9.52500000239,-0.059375
9.52520000239,-0.059375
9.52540000239,-0.059375
9.52560000239,-0.04375
9.52580000239,-0.028125
9.52600000239,-0.04375
9.52620000239,-0.059375
9.52640000239,-0.075
9.52660000239,-0.04375
9.52680000239,-0.059375
9.52700000239,-0.059375
9.52720000239,-0.04375
9.52740000239,-0.059375
9.52760000239,-0.059375
9.52780000239,-0.04375
9.52800000239,-0.059375
9.52820000239,-0.04375
9.52840000239,-0.04375
9.52860000239,-0.075
9.52880000239,-0.059375
9.52900000239,-0.04375
9.52920000239,-0.04375
9.52940000239,-0.04375
9.52960000239,-0.059375
9.52980000239,-0.04375
9.53000000239,-0.04375
9.53020000239,-0.04375
9.53040000239,-0.04375
9.53060000239,-0.04375
9.53080000239,-0.059375
9.53100000239,-0.059375
9.53120000239,-0.059375
9.53140000239,-0.04375
9.53160000239,-0.04375
9.53180000239,-0.04375
9.53200000239,-0.04375
9.53220000239,-0.059375
9.53240000239,-0.059375
9.53260000239,-0.04375
9.53280000239,-0.059375
9.53300000239,-0.059375
9.53320000239,-0.059375
9.53340000239,-0.04375
9.53360000239,-0.04375
9.53380000239,-0.04375
9.53400000239,-0.04375
9.53420000239,-0.04375
9.53440000239,-0.059375
9.53460000239,-0.04375
9.53480000239,-0.059375
9.53500000239,-0.04375
9.53520000239,-0.04375
9.53540000239,-0.04375
9.53560000239,-0.04375
9.53580000239,-0.04375
9.53600000239,-0.059375
9.53620000239,-0.04375
9.53640000239,-0.059375
9.53660000239,-0.059375
9.53680000239,-0.04375
9.53700000239,-0.059375
9.53720000239,-0.04375
9.53740000239,-0.04375
9.53760000239,-0.04375
9.53780000239,-0.04375
9.53800000239,-0.059375
9.53820000239,-0.04375
9.53840000239,-0.04375
9.53860000239,-0.059375
9.53880000239,-0.059375
9.53900000239,-0.059375
9.53920000239,-0.04375
9.53940000239,-0.04375
9.53960000239,-0.04375
9.53980000239,-0.075
9.54000000239,-0.04375
9.54020000239,-0.04375
9.54040000239,-0.04375
9.54060000239,-0.04375
9.54080000239,-0.059375
9.54100000239,-0.059375
9.54120000239,-0.04375
9.54140000239,-0.059375
9.54160000239,-0.04375
9.54180000239,-0.059375
9.54200000239,-0.04375
9.54220000239,-0.04375
9.54240000239,-0.04375
9.54260000239,-0.04375
9.54280000239,-0.04375
9.54300000239,-0.04375
9.54320000239,-0.059375
9.54340000239,-0.059375
9.54360000239,-0.059375
9.54380000239,-0.059375
9.54400000239,-0.04375
9.54420000239,-0.04375
9.54440000239,-0.04375
9.54460000239,-0.04375
9.54480000239,-0.04375
9.54500000239,-0.059375
9.54520000239,-0.059375
9.54540000239,-0.04375
9.54560000239,-0.075
9.54580000239,-0.059375
9.54600000239,-0.059375
9.54620000239,-0.04375
9.54640000239,-0.059375
9.54660000239,-0.059375
9.54680000239,-0.059375
9.54700000239,-0.075
9.54720000239,-0.04375
9.54740000239,-0.04375
9.54760000239,-0.04375
9.54780000239,-0.04375
9.54800000239,-0.059375
9.54820000239,-0.059375
9.54840000239,-0.04375
9.54860000239,-0.059375
9.54880000239,-0.059375
9.54900000239,-0.04375
9.54920000239,-0.04375
9.54940000239,-0.059375
9.54960000239,-0.059375
9.54980000239,-0.059375
9.55000000239,-0.059375
9.55020000239,-0.059375
9.55040000239,-0.04375
9.55060000239,-0.04375
9.55080000239,-0.04375
9.55100000239,-0.04375
9.55120000239,-0.059375
9.55140000239,-0.04375
9.55160000239,-0.04375
9.55180000239,-0.04375
9.55200000239,-0.04375
9.55220000239,-0.04375
9.55240000239,-0.04375
9.55260000239,-0.04375
9.55280000239,-0.04375
9.55300000239,-0.04375
9.55320000239,-0.04375
9.55340000239,-0.059375
9.55360000239,-0.059375
9.55380000239,-0.028125
9.55400000239,-0.059375
9.55420000239,-0.059375
9.55440000239,-0.059375
9.55460000239,-0.059375
9.55480000239,-0.04375
9.55500000239,-0.059375
9.55520000239,-0.04375
9.55540000239,-0.059375
9.55560000239,-0.04375
9.55580000239,-0.04375
9.55600000239,-0.059375
9.55620000239,-0.04375
9.55640000239,-0.04375
9.55660000239,-0.04375
9.55680000239,-0.059375
9.55700000239,-0.04375
9.55720000239,-0.059375
9.55740000239,-0.059375
9.55760000239,-0.059375
9.55780000239,-0.059375
9.55800000239,-0.059375
9.55820000239,-0.04375
9.55840000239,-0.059375
9.55860000239,-0.028125
9.55880000239,-0.04375
9.55900000239,-0.04375
9.55920000239,-0.059375
9.55940000239,-0.028125
9.55960000239,-0.04375
9.55980000239,-0.059375
9.56000000239,-0.059375
9.56020000239,-0.04375
9.56040000239,-0.059375
9.56060000239,-0.059375
9.56080000239,-0.075
9.56100000239,-0.04375
9.56120000239,-0.059375
9.56140000239,-0.04375
9.56160000239,-0.04375
9.56180000239,-0.04375
9.56200000239,-0.059375
9.56220000239,-0.059375
9.56240000239,-0.059375
9.56260000239,-0.04375
9.56280000239,-0.059375
9.56300000239,-0.059375
9.56320000239,-0.059375
9.56340000239,-0.04375
9.56360000239,-0.059375
9.56380000239,-0.059375
9.56400000239,-0.059375
9.56420000239,-0.04375
9.56440000239,-0.04375
9.56460000239,-0.04375
9.56480000239,-0.059375
9.56500000239,-0.04375
9.56520000239,-0.059375
9.56540000239,-0.04375
9.56560000239,-0.04375
9.56580000239,-0.059375
9.56600000239,-0.04375
9.56620000239,-0.04375
9.56640000239,-0.04375
9.56660000239,-0.059375
9.56680000239,-0.059375
9.56700000239,-0.04375
9.56720000239,-0.04375
9.56740000239,-0.04375
9.56760000239,-0.059375
9.56780000239,-0.04375
9.56800000239,-0.059375
9.56820000239,-0.059375
9.56840000239,-0.059375
9.56860000239,-0.04375
9.56880000239,-0.04375
9.56900000239,-0.04375
9.56920000239,-0.04375
9.56940000239,-0.04375
9.56960000239,-0.04375
9.56980000239,-0.04375
9.57000000239,-0.059375
9.57020000239,-0.04375
9.57040000239,-0.059375
9.57060000239,-0.04375
9.57080000239,-0.059375
9.57100000239,-0.04375
9.57120000239,-0.04375
9.57140000239,-0.028125
9.57160000239,-0.04375
9.57180000239,-0.04375
9.57200000239,-0.059375
9.57220000239,-0.04375
9.57240000239,-0.028125
9.57260000239,-0.059375
9.57280000239,-0.059375
9.57300000239,-0.059375
9.57320000239,-0.059375
9.57340000239,-0.04375
9.57360000239,-0.059375
9.57380000239,-0.059375
9.57400000239,-0.059375
9.57420000239,-0.04375
9.57440000239,-0.075
9.57460000239,-0.059375
9.57480000239,-0.059375
9.57500000239,-0.059375
9.57520000239,-0.04375
9.57540000239,-0.059375
9.57560000239,-0.059375
9.57580000239,-0.059375
9.57600000239,-0.059375
9.57620000239,-0.04375
9.57640000239,-0.059375
9.57660000239,-0.059375
9.57680000239,-0.04375
9.57700000239,-0.04375
9.57720000239,-0.04375
9.57740000239,-0.059375
9.57760000239,-0.04375
9.57780000239,-0.059375
9.57800000239,-0.04375
9.57820000239,-0.04375
9.57840000239,-0.028125
9.57860000239,-0.04375
9.57880000239,-0.04375
9.57900000239,-0.04375
9.57920000239,-0.04375
9.57940000239,-0.059375
9.57960000239,-0.059375
9.57980000239,-0.059375
9.58000000239,-0.04375
9.58020000239,-0.04375
9.58040000239,-0.059375
9.58060000239,-0.059375
9.58080000239,-0.04375
9.58100000239,-0.04375
9.58120000239,-0.04375
9.58140000239,-0.059375
9.58160000239,-0.04375
9.58180000239,-0.059375
9.58200000239,-0.04375
9.58220000239,-0.059375
9.58240000239,-0.04375
9.58260000239,-0.04375
9.58280000239,-0.04375
9.58300000239,-0.059375
9.58320000239,-0.04375
9.58340000239,-0.04375
9.58360000239,-0.075
9.58380000239,-0.04375
9.58400000239,-0.04375
9.58420000239,-0.059375
9.58440000239,-0.059375
9.58460000239,-0.04375
9.58480000239,-0.04375
9.58500000239,-0.059375
9.58520000239,-0.04375
9.58540000239,-0.059375
9.58560000239,-0.04375
9.58580000239,-0.04375
9.58600000239,-0.059375
9.58620000239,-0.059375
9.58640000239,-0.059375
9.58660000239,-0.04375
9.58680000239,-0.04375
9.58700000239,-0.04375
9.58720000239,-0.059375
9.58740000239,-0.075
9.58760000239,-0.04375
9.58780000239,-0.04375
9.58800000239,-0.04375
9.58820000239,-0.04375
9.58840000239,-0.04375
9.58860000239,-0.059375
9.58880000239,-0.04375
9.58900000239,-0.04375
9.58920000239,-0.059375
9.58940000239,-0.04375
9.58960000239,-0.04375
9.58980000239,-0.04375
9.59000000239,-0.04375
9.59020000239,-0.059375
9.59040000239,-0.059375
9.59060000239,-0.059375
9.59080000239,-0.059375
9.59100000239,-0.059375
9.59120000239,-0.059375
9.59140000239,-0.04375
9.59160000239,-0.059375
9.59180000239,-0.04375
9.59200000239,-0.04375
9.59220000239,-0.059375
9.59240000239,-0.059375
9.59260000239,-0.059375
9.59280000239,-0.04375
9.59300000239,-0.04375
9.59320000239,-0.04375
9.59340000239,-0.04375
9.59360000239,-0.059375
9.59380000239,-0.059375
9.59400000239,-0.059375
9.59420000239,-0.059375
9.59440000239,-0.059375
9.59460000239,-0.059375
9.59480000239,-0.04375
9.59500000239,-0.059375
9.59520000239,-0.04375
9.59540000239,-0.04375
9.59560000239,-0.059375
9.59580000239,-0.04375
9.59600000239,-0.059375
9.59620000239,-0.059375
9.59640000239,-0.04375
9.59660000239,-0.04375
9.59680000239,-0.059375
9.59700000239,-0.059375
9.59720000239,-0.04375
9.59740000239,-0.059375
9.59760000239,-0.04375
9.59780000239,-0.059375
9.59800000239,-0.075
9.59820000239,-0.059375
9.59840000239,-0.04375
9.59860000239,-0.04375
9.59880000239,-0.04375
9.59900000239,-0.04375
9.59920000239,-0.04375
9.59940000239,-0.059375
9.59960000239,-0.04375
9.59980000239,-0.04375
9.60000000239,-0.059375
9.60020000239,-0.04375
9.60040000239,-0.04375
9.60060000239,-0.04375
9.60080000239,-0.04375
9.60100000239,-0.04375
9.60120000239,-0.04375
9.60140000239,-0.059375
9.60160000239,-0.04375
9.60180000239,-0.04375
9.60200000239,-0.028125
9.60220000239,-0.04375
9.60240000239,-0.04375
9.60260000239,-0.059375
9.60280000239,-0.04375
9.60300000239,-0.04375
9.60320000239,-0.04375
9.60340000239,-0.04375
9.60360000239,-0.028125
9.60380000239,-0.059375
9.60400000239,-0.059375
9.60420000239,-0.04375
9.60440000239,-0.059375
9.60460000239,-0.04375
9.60480000239,-0.04375
9.60500000239,-0.04375
9.60520000239,-0.059375
9.60540000239,-0.04375
9.60560000239,-0.04375
9.60580000239,-0.059375
9.60600000239,-0.04375
9.60620000239,-0.059375
9.60640000239,-0.028125
9.60660000239,-0.04375
9.60680000239,-0.04375
9.60700000239,-0.059375
9.60720000239,-0.04375
9.60740000239,-0.04375
9.60760000239,-0.059375
9.60780000239,-0.059375
9.60800000239,-0.075
9.60820000239,-0.059375
9.60840000239,-0.04375
9.60860000239,-0.04375
9.60880000239,-0.04375
9.60900000239,-0.059375
9.60920000239,-0.059375
9.60940000239,-0.04375
9.60960000239,-0.059375
9.60980000239,-0.04375
9.61000000239,-0.059375
9.61020000239,-0.04375
9.61040000239,-0.059375
9.61060000239,-0.04375
9.61080000239,-0.059375
9.61100000239,-0.04375
9.61120000239,-0.04375
9.61140000239,-0.059375
9.61160000239,-0.059375
9.61180000239,-0.059375
9.61200000239,-0.059375
9.61220000239,-0.059375
9.61240000239,-0.04375
9.61260000239,-0.059375
9.61280000239,-0.059375
9.61300000239,-0.059375
9.61320000239,-0.04375
9.61340000239,-0.04375
9.61360000239,-0.04375
9.61380000239,-0.04375
9.61400000239,-0.059375
9.61420000239,-0.04375
9.61440000239,-0.04375
9.61460000239,-0.04375
9.61480000239,-0.04375
9.61500000239,-0.04375
9.61520000239,-0.059375
9.61540000239,-0.059375
9.61560000239,-0.04375
9.61580000239,-0.059375
9.61600000239,-0.059375
9.61620000239,-0.04375
9.61640000239,-0.04375
9.61660000239,-0.04375
9.61680000239,-0.04375
9.61700000239,-0.04375
9.61720000239,-0.059375
9.61740000239,-0.04375
9.61760000239,-0.04375
9.61780000239,-0.04375
9.61800000239,-0.04375
9.61820000239,-0.04375
9.61840000239,-0.059375
9.61860000239,-0.059375
9.61880000239,-0.04375
9.61900000239,-0.028125
9.61920000239,-0.059375
9.61940000239,-0.04375
9.61960000239,-0.059375
9.61980000239,-0.059375
9.62000000239,-0.04375
9.62020000239,-0.04375
9.62040000239,-0.04375
9.62060000239,-0.059375
9.62080000239,-0.059375
9.62100000239,-0.04375
9.62120000239,-0.04375
9.62140000239,-0.04375
9.62160000239,-0.04375
9.62180000239,-0.04375
9.62200000239,-0.04375
9.62220000239,-0.04375
9.62240000239,-0.04375
9.62260000239,-0.04375
9.62280000239,-0.04375
9.62300000239,-0.059375
9.62320000239,-0.059375
9.62340000239,-0.04375
9.62360000239,-0.04375
9.62380000239,-0.04375
9.62400000239,-0.04375
9.62420000239,-0.04375
9.62440000239,-0.04375
9.62460000239,-0.04375
9.62480000239,-0.04375
9.62500000239,-0.059375
9.62520000239,-0.059375
9.62540000239,-0.075
9.62560000239,-0.028125
9.62580000239,-0.059375
9.62600000239,-0.059375
9.62620000239,-0.028125
9.62640000239,-0.04375
9.62660000239,-0.059375
9.62680000239,-0.059375
9.62700000239,-0.059375
9.62720000239,-0.04375
9.62740000239,-0.04375
9.62760000239,-0.059375
9.62780000239,-0.059375
9.62800000239,-0.059375
9.62820000239,-0.059375
9.62840000239,-0.059375
9.62860000239,-0.059375
9.62880000239,-0.04375
9.62900000239,-0.04375
9.62920000239,-0.04375
9.62940000239,-0.059375
9.62960000239,-0.04375
9.62980000239,-0.04375
9.63000000239,-0.04375
9.63020000239,-0.059375
9.63040000239,-0.04375
9.63060000239,-0.059375
9.63080000239,-0.04375
9.63100000239,-0.04375
9.63120000239,-0.04375
9.63140000239,-0.059375
9.63160000239,-0.04375
9.63180000239,-0.04375
9.63200000239,-0.059375
9.63220000239,-0.04375
9.63240000239,-0.04375
9.63260000239,-0.059375
9.63280000239,-0.04375
9.63300000239,-0.04375
9.63320000239,-0.059375
9.63340000239,-0.04375
9.63360000239,-0.028125
9.63380000239,-0.04375
9.63400000239,-0.059375
9.63420000239,-0.04375
9.63440000239,-0.04375
9.63460000239,-0.04375
9.63480000239,-0.04375
9.63500000239,-0.028125
9.63520000239,-0.04375
9.63540000239,-0.04375
9.63560000239,-0.04375
9.63580000239,-0.04375
9.63600000239,-0.059375
9.63620000239,-0.04375
9.63640000239,-0.04375
9.63660000239,-0.059375
9.63680000239,-0.04375
9.63700000239,-0.059375
9.63720000239,-0.059375
9.63740000239,-0.04375
9.63760000239,-0.028125
9.63780000239,-0.04375
9.63800000239,-0.04375
9.63820000239,-0.059375
9.63840000239,-0.04375
9.63860000239,-0.04375
9.63880000239,-0.04375
9.63900000239,-0.04375
9.63920000239,-0.04375
9.63940000239,-0.059375
9.63960000239,-0.04375
9.63980000239,-0.04375
9.64000000239,-0.059375
9.64020000239,-0.059375
9.64040000239,-0.04375
9.64060000239,-0.028125
9.64080000239,-0.04375
9.64100000239,-0.04375
9.64120000239,-0.04375
9.64140000239,-0.04375
9.64160000239,-0.04375
9.64180000239,-0.028125
9.64200000239,-0.04375
9.64220000239,-0.059375
9.64240000239,-0.04375
9.64260000239,-0.04375
9.64280000239,-0.028125
9.64300000239,-0.028125
9.64320000239,-0.04375
9.64340000239,-0.028125
9.64360000239,-0.059375
9.64380000239,-0.04375
9.64400000239,-0.059375
9.64420000239,-0.059375
9.64440000239,-0.04375
9.64460000239,-0.059375
9.64480000239,-0.04375
9.64500000239,-0.04375
9.64520000239,-0.059375
9.64540000239,-0.04375
9.64560000239,-0.04375
9.64580000239,-0.04375
9.64600000239,-0.059375
9.64620000239,-0.04375
9.64640000239,-0.028125
9.64660000239,-0.059375
9.64680000239,-0.028125
9.64700000239,-0.04375
9.64720000239,-0.04375
9.64740000239,-0.028125
9.64760000239,-0.059375
9.64780000239,-0.028125
9.64800000239,-0.04375
9.64820000239,-0.04375
9.64840000239,-0.059375
9.64860000239,-0.04375
9.64880000239,-0.04375
9.64900000239,-0.04375
9.64920000239,-0.059375
9.64940000239,-0.04375
9.64960000239,-0.04375
9.64980000239,-0.04375
9.65000000239,-0.028125
9.65020000239,-0.059375
9.65040000239,-0.028125
9.65060000239,-0.04375
9.65080000239,-0.059375
9.65100000239,-0.059375
9.65120000239,-0.04375
9.65140000239,-0.028125
9.65160000239,-0.04375
9.65180000239,-0.04375
9.65200000239,-0.04375
9.65220000239,-0.04375
9.65240000239,-0.04375
9.65260000239,-0.04375
9.65280000239,-0.028125
9.65300000239,-0.04375
9.65320000239,-0.059375
9.65340000239,-0.04375
9.65360000239,-0.059375
9.65380000239,-0.04375
9.65400000239,-0.04375
9.65420000239,-0.04375
9.65440000239,-0.04375
9.65460000239,-0.04375
9.65480000239,-0.04375
9.65500000239,-0.04375
9.65520000239,-0.04375
9.65540000239,-0.059375
9.65560000239,-0.04375
9.65580000239,-0.04375
9.65600000239,-0.04375
9.65620000239,-0.059375
9.65640000239,-0.04375
9.65660000239,-0.059375
9.65680000239,-0.028125
9.65700000239,-0.028125
9.65720000239,-0.04375
9.65740000239,-0.04375
9.65760000239,-0.028125
9.65780000239,-0.04375
9.65800000239,-0.04375
9.65820000239,-0.04375
9.65840000239,-0.04375
9.65860000239,-0.028125
9.65880000239,-0.059375
9.65900000239,-0.04375
9.65920000239,-0.04375
9.65940000239,-0.059375
9.65960000239,-0.028125
9.65980000239,-0.059375
9.66000000239,-0.04375
9.66020000239,-0.028125
9.66040000239,-0.04375
9.66060000239,-0.04375
9.66080000239,-0.028125
9.66100000239,-0.04375
9.66120000239,-0.04375
9.66140000239,-0.04375
9.66160000239,-0.028125
9.66180000239,-0.059375
9.66200000239,-0.059375
9.66220000239,-0.059375
9.66240000239,-0.028125
9.66260000239,-0.04375
9.66280000239,-0.04375
9.66300000239,-0.04375
9.66320000239,-0.04375
9.66340000239,-0.059375
9.66360000239,-0.04375
9.66380000239,-0.04375
9.66400000239,-0.059375
9.66420000239,-0.059375
9.66440000239,-0.059375
9.66460000239,-0.04375
9.66480000239,-0.059375
9.66500000239,-0.028125
9.66520000239,-0.04375
9.66540000239,-0.059375
9.66560000239,-0.04375
9.66580000239,-0.04375
9.66600000239,-0.04375
9.66620000239,-0.04375
9.66640000239,-0.059375
9.66660000239,-0.059375
9.66680000239,-0.04375
9.66700000239,-0.059375
9.66720000239,-0.059375
9.66740000239,-0.059375
9.66760000239,-0.04375
9.66780000239,-0.028125
9.66800000239,-0.059375
9.66820000239,-0.04375
9.66840000239,-0.04375
9.66860000239,-0.04375
9.66880000239,-0.04375
9.66900000239,-0.04375
9.66920000239,-0.04375
9.66940000239,-0.04375
9.66960000239,-0.028125
9.66980000239,-0.04375
9.67000000239,-0.028125
9.67020000239,-0.04375
9.67040000239,-0.04375
9.67060000239,-0.059375
9.67080000239,-0.028125
9.67100000239,-0.028125
9.67120000239,-0.04375
9.67140000239,-0.04375
9.67160000239,-0.04375
9.67180000239,-0.028125
9.67200000239,-0.04375
9.67220000239,-0.04375
9.67240000239,-0.04375
9.67260000239,-0.028125
9.67280000239,-0.04375
9.67300000239,-0.04375
9.67320000239,-0.04375
9.67340000239,-0.028125
9.67360000239,-0.028125
9.67380000239,-0.04375
9.67400000239,-0.04375
9.67420000239,-0.028125
9.67440000239,-0.059375
9.67460000239,-0.059375
9.67480000239,-0.028125
9.67500000239,-0.04375
9.67520000239,-0.059375
9.67540000239,-0.028125
9.67560000239,-0.028125
9.67580000239,-0.028125
9.67600000239,-0.028125
9.67620000239,-0.059375
9.67640000239,-0.04375
9.67660000239,-0.028125
9.67680000239,-0.028125
9.67700000239,-0.04375
9.67720000239,-0.04375
9.67740000239,-0.04375
9.67760000239,-0.04375
9.67780000239,-0.04375
9.67800000239,-0.04375
9.67820000239,-0.04375
9.67840000239,-0.04375
9.67860000239,-0.059375
9.67880000239,-0.04375
9.67900000239,-0.04375
9.67920000239,-0.04375
9.67940000239,-0.04375
9.67960000239,-0.04375
9.67980000239,-0.04375
9.68000000239,-0.04375
9.68020000239,-0.04375
9.68040000239,-0.04375
9.68060000239,-0.028125
9.68080000239,-0.059375
9.68100000239,-0.028125
9.68120000239,-0.04375
9.68140000239,-0.04375
9.68160000239,-0.059375
9.68180000239,-0.028125
9.68200000239,-0.04375
9.68220000239,-0.04375
9.68240000239,-0.04375
9.68260000239,-0.04375
9.68280000239,-0.04375
9.68300000239,-0.04375
9.68320000239,-0.04375
9.68340000239,-0.028125
9.68360000239,-0.04375
9.68380000239,-0.04375
9.68400000239,-0.04375
9.68420000239,-0.04375
9.68440000239,-0.059375
9.68460000239,-0.04375
9.68480000239,-0.04375
9.68500000239,-0.04375
9.68520000239,-0.04375
9.68540000239,-0.04375
9.68560000239,-0.04375
9.68580000239,-0.04375
9.68600000239,-0.04375
9.68620000239,-0.04375
9.68640000239,-0.04375
9.68660000239,-0.04375
9.68680000239,-0.04375
9.68700000239,-0.04375
9.68720000239,-0.04375
9.68740000239,-0.059375
9.68760000239,-0.04375
9.68780000239,-0.04375
9.68800000239,-0.04375
9.68820000239,-0.04375
9.68840000239,-0.04375
9.68860000239,-0.028125
9.68880000239,-0.059375
9.68900000239,-0.028125
9.68920000239,-0.04375
9.68940000239,-0.04375
9.68960000239,-0.028125
9.68980000239,-0.04375
9.69000000239,-0.04375
9.69020000239,-0.04375
9.69040000239,-0.028125
9.69060000239,-0.028125
9.69080000239,-0.04375
9.69100000239,-0.04375
9.69120000239,-0.04375
9.69140000239,-0.04375
9.69160000239,-0.028125
9.69180000239,-0.04375
9.69200000239,-0.04375
9.69220000239,-0.04375
9.69240000239,-0.059375
9.69260000239,-0.04375
9.69280000239,-0.04375
9.69300000239,-0.028125
9.69320000239,-0.028125
9.69340000239,-0.04375
9.69360000239,-0.04375
9.69380000239,-0.04375
9.69400000239,-0.04375
9.69420000239,-0.028125
9.69440000239,-0.028125
9.69460000239,-0.04375
9.69480000239,-0.04375
9.69500000239,-0.04375
9.69520000239,-0.04375
9.69540000239,-0.04375
9.69560000239,-0.059375
9.69580000239,-0.04375
9.69600000239,-0.059375
9.69620000239,-0.04375
9.69640000239,-0.04375
9.69660000239,-0.04375
9.69680000239,-0.04375
9.69700000239,-0.059375
9.69720000239,-0.04375
9.69740000239,-0.04375
9.69760000239,-0.04375
9.69780000239,-0.028125
9.69800000239,-0.04375
9.69820000239,-0.04375
9.69840000239,-0.04375
9.69860000239,-0.04375
9.69880000239,-0.04375
9.69900000239,-0.028125
9.69920000239,-0.028125
9.69940000239,-0.028125
9.69960000239,-0.04375
9.69980000239,-0.059375
9.70000000239,-0.04375
9.70020000239,-0.028125
9.70040000239,-0.04375
9.70060000239,-0.04375
9.70080000239,-0.04375
9.70100000239,-0.0125
9.70120000239,-0.04375
9.70140000239,-0.04375
9.70160000239,-0.028125
9.70180000239,-0.04375
9.70200000239,-0.04375
9.70220000239,-0.028125
9.70240000239,-0.028125
9.70260000239,-0.059375
9.70280000239,-0.04375
9.70300000239,-0.028125
9.70320000239,-0.04375
9.70340000239,-0.028125
9.70360000239,-0.04375
9.70380000239,-0.04375
9.70400000239,-0.04375
9.70420000239,-0.04375
9.70440000239,-0.04375
9.70460000239,-0.04375
9.70480000239,-0.04375
9.70500000239,-0.04375
9.70520000239,-0.028125
9.70540000239,-0.04375
9.70560000239,-0.04375
9.70580000239,-0.04375
9.70600000239,-0.04375
9.70620000239,-0.04375
9.70640000239,-0.059375
9.70660000239,-0.04375
9.70680000239,-0.04375
9.70700000239,-0.04375
9.70720000239,-0.04375
9.70740000239,-0.04375
9.70760000239,-0.04375
9.70780000239,-0.04375
9.70800000239,-0.028125
9.70820000239,-0.028125
9.70840000239,-0.04375
9.70860000239,-0.04375
9.70880000239,-0.04375
9.70900000239,-0.04375
9.70920000239,-0.04375
9.70940000239,-0.04375
9.70960000239,-0.028125
9.70980000239,-0.04375
9.71000000239,-0.028125
9.71020000239,-0.028125
9.71040000239,-0.028125
9.71060000239,-0.028125
9.71080000239,-0.028125
9.71100000239,-0.04375
9.71120000239,-0.04375
9.71140000239,-0.04375
9.71160000239,-0.028125
9.71180000239,-0.04375
9.71200000239,-0.04375
9.71220000239,-0.028125
9.71240000239,-0.028125
9.71260000239,-0.028125
9.71280000239,-0.04375
9.71300000239,-0.04375
9.71320000239,-0.04375
9.71340000239,-0.028125
9.71360000239,-0.04375
9.71380000239,-0.04375
9.71400000239,-0.028125
9.71420000239,-0.04375
9.71440000239,-0.028125
9.71460000239,-0.04375
9.71480000239,-0.028125
9.71500000239,-0.059375
9.71520000239,-0.028125
9.71540000239,-0.028125
9.71560000239,-0.028125
9.71580000239,-0.04375
9.71600000239,-0.04375
9.71620000239,-0.04375
9.71640000239,-0.04375
9.71660000239,-0.028125
9.71680000239,-0.028125
9.71700000239,-0.04375
9.71720000239,-0.059375
9.71740000239,-0.04375
9.71760000239,-0.028125
9.71780000239,-0.028125
9.71800000239,-0.028125
9.71820000239,-0.04375
9.71840000239,-0.04375
9.71860000239,-0.028125
9.71880000239,-0.059375
9.71900000239,-0.04375
9.71920000239,-0.04375
9.71940000239,-0.028125
9.71960000239,-0.04375
9.71980000239,-0.04375
9.72000000239,-0.028125
9.72020000239,-0.028125
9.72040000239,-0.028125
9.72060000239,-0.04375
9.72080000239,-0.04375
9.72100000239,-0.028125
9.72120000239,-0.04375
9.72140000239,-0.04375
9.72160000239,-0.028125
9.72180000239,-0.028125
9.72200000239,-0.04375
9.72220000239,-0.0125
9.72240000239,-0.028125
9.72260000239,-0.04375
9.72280000239,-0.04375
9.72300000239,-0.028125
9.72320000239,-0.059375
9.72340000239,-0.028125
9.72360000239,-0.04375
9.72380000239,-0.04375
9.72400000239,-0.028125
9.72420000239,-0.04375
9.72440000239,-0.028125
9.72460000239,-0.028125
9.72480000239,-0.04375
9.72500000239,-0.028125
9.72520000239,-0.04375
9.72540000239,-0.028125
9.72560000239,-0.04375
9.72580000239,-0.028125
9.72600000239,-0.04375
9.72620000239,-0.028125
9.72640000239,-0.028125
9.72660000239,-0.028125
9.72680000239,-0.028125
9.72700000239,-0.04375
9.72720000239,-0.028125
9.72740000239,-0.0125
9.72760000239,-0.04375
9.72780000239,-0.028125
9.72800000239,-0.028125
9.72820000239,-0.028125
9.72840000239,-0.028125
9.72860000239,-0.028125
9.72880000239,-0.028125
9.72900000239,-0.028125
9.72920000239,-0.028125
9.72940000239,-0.028125
9.72960000239,-0.028125
9.72980000239,-0.04375
9.73000000239,-0.04375
9.73020000239,-0.04375
9.73040000239,-0.028125
9.73060000239,-0.028125
9.73080000239,-0.028125
9.73100000239,-0.028125
9.73120000239,-0.028125
9.73140000239,-0.028125
9.73160000239,-0.028125
9.73180000239,-0.04375
9.73200000239,-0.028125
9.73220000239,-0.04375
9.73240000239,-0.028125
9.73260000239,-0.04375
9.73280000239,-0.028125
9.73300000239,-0.04375
9.73320000239,-0.028125
9.73340000239,-0.028125
9.73360000239,-0.04375
9.73380000239,-0.028125
9.73400000239,-0.0125
9.73420000239,-0.04375
9.73440000239,-0.028125
9.73460000239,-0.028125
9.73480000239,-0.04375
9.73500000239,-0.028125
9.73520000239,-0.028125
9.73540000239,-0.0125
9.73560000239,-0.0125
9.73580000239,-0.028125
9.73600000239,-0.04375
9.73620000239,-0.04375
9.73640000239,-0.04375
9.73660000239,-0.028125
9.73680000239,-0.04375
9.73700000239,-0.028125
9.73720000239,-0.04375
9.73740000239,-0.028125
9.73760000239,-0.04375
9.73780000239,-0.028125
9.73800000239,-0.028125
9.73820000239,-0.028125
9.73840000239,-0.04375
9.73860000239,-0.04375
9.73880000239,-0.028125
9.73900000239,-0.04375
9.73920000239,-0.028125
9.73940000239,-0.028125
9.73960000239,-0.04375
9.73980000239,-0.04375
9.74000000239,-0.028125
9.74020000239,-0.028125
9.74040000239,-0.028125
9.74060000239,-0.028125
9.74080000239,-0.028125
9.74100000239,-0.04375
9.74120000239,-0.04375
9.74140000239,-0.0125
9.74160000239,-0.028125
9.74180000239,-0.028125
9.74200000239,-0.028125
9.74220000239,-0.028125
9.74240000239,-0.028125
9.74260000239,-0.028125
9.74280000239,-0.04375
9.74300000239,-0.028125
9.74320000239,-0.028125
9.74340000239,-0.028125
9.74360000239,-0.028125
9.74380000239,-0.028125
9.74400000239,-0.028125
9.74420000239,-0.028125
9.74440000239,-0.028125
9.74460000239,-0.028125
9.74480000239,-0.028125
9.74500000239,-0.028125
9.74520000239,-0.028125
9.74540000239,-0.028125
9.74560000239,-0.04375
9.74580000239,-0.028125
9.74600000239,-0.028125
9.74620000239,-0.028125
9.74640000239,-0.028125
9.74660000239,-0.0125
9.74680000239,-0.04375
9.74700000239,-0.04375
9.74720000239,-0.028125
9.74740000239,-0.028125
9.74760000239,-0.028125
9.74780000239,-0.028125
9.74800000239,-0.04375
9.74820000239,-0.04375
9.74840000239,-0.04375
9.74860000239,-0.028125
9.74880000239,-0.028125
9.74900000239,-0.028125
9.74920000239,-0.0125
9.74940000239,-0.028125
9.74960000239,-0.0125
9.74980000239,-0.028125
9.75000000239,-0.028125
9.75020000239,-0.028125
9.75040000239,-0.028125
9.75060000239,-0.028125
9.75080000239,-0.04375
9.75100000239,-0.028125
9.75120000239,-0.028125
9.75140000239,-0.028125
9.75160000239,-0.028125
9.75180000239,-0.028125
9.75200000239,-0.028125
9.75220000239,-0.04375
9.75240000239,-0.028125
9.75260000239,-0.028125
9.75280000239,-0.028125
9.75300000239,-0.028125
9.75320000239,-0.028125
9.75340000239,-0.028125
9.75360000239,-0.028125
9.75380000239,-0.028125
9.75400000239,-0.028125
9.75420000239,-0.028125
9.75440000239,-0.028125
9.75460000239,-0.04375
9.75480000239,-0.04375
9.75500000239,-0.028125
9.75520000239,-0.028125
9.75540000239,-0.0125
9.75560000239,-0.04375
9.75580000239,-0.028125
9.75600000239,-0.028125
9.75620000239,-0.028125
9.75640000239,-0.04375
9.75660000239,-0.028125
9.75680000239,-0.028125
9.75700000239,-0.028125
9.75720000239,-0.028125
9.75740000239,-0.028125
9.75760000239,-0.028125
9.75780000239,-0.04375
9.75800000239,-0.0125
9.75820000239,-0.0125
9.75840000239,-0.028125
9.75860000239,-0.028125
9.75880000239,-0.04375
9.75900000239,-0.04375
9.75920000239,-0.028125
9.75940000239,-0.04375
9.75960000239,-0.028125
9.75980000239,-0.028125
9.76000000239,-0.028125
9.76020000239,-0.028125
9.76040000239,-0.028125
9.76060000239,-0.028125
9.76080000239,-0.028125
9.76100000239,-0.04375
9.76120000239,-0.028125
9.76140000239,-0.0125
9.76160000239,-0.028125
9.76180000239,-0.028125
9.76200000239,-0.028125
9.76220000239,-0.028125
9.76240000239,-0.028125
9.76260000239,-0.0125
9.76280000239,-0.028125
9.76300000239,-0.028125
9.76320000239,-0.028125
9.76340000239,-0.028125
9.76360000239,-0.028125
9.76380000239,-0.0125
9.76400000239,-0.04375
9.76420000239,-0.028125
9.76440000239,-0.028125
9.76460000239,-0.028125
9.76480000239,-0.04375
9.76500000239,-0.04375
9.76520000239,-0.028125
9.76540000239,-0.028125
9.76560000239,-0.028125
9.76580000239,-0.028125
9.76600000239,-0.04375
9.76620000239,-0.028125
9.76640000239,-0.04375
9.76660000239,-0.0125
9.76680000239,-0.028125
9.76700000239,-0.028125
9.76720000239,-0.028125
9.76740000239,-0.028125
9.76760000239,-0.028125
9.76780000239,-0.028125
9.76800000239,-0.028125
9.76820000239,-0.0125
9.76840000239,-0.028125
9.76860000239,-0.028125
9.76880000239,-0.028125
9.76900000239,-0.028125
9.76920000239,-0.0125
9.76940000239,-0.028125
9.76960000239,-0.028125
9.76980000239,-0.028125
9.77000000239,-0.028125
9.77020000239,-0.028125
9.77040000239,-0.0125
9.77060000239,-0.0125
9.77080000239,-0.028125
9.77100000239,-0.028125
9.77120000239,-0.028125
9.77140000239,-0.0125
9.77160000239,-0.028125
9.77180000239,-0.028125
9.77200000239,-0.028125
9.77220000239,-0.028125
9.77240000239,-0.028125
9.77260000239,-0.0125
9.77280000239,-0.028125
9.77300000239,-0.028125
9.77320000239,-0.04375
9.77340000239,-0.028125
9.77360000239,-0.04375
9.77380000239,-0.0125
9.77400000239,-0.04375
9.77420000239,-0.028125
9.77440000239,-0.028125
9.77460000239,-0.028125
9.77480000239,-0.028125
9.77500000239,-0.028125
9.77520000239,-0.028125
9.77540000239,-0.04375
9.77560000239,-0.028125
9.77580000239,-0.028125
9.77600000239,-0.0125
9.77620000239,-0.028125
9.77640000239,-0.028125
9.77660000239,-0.028125
9.77680000239,-0.028125
9.77700000239,-0.0125
9.77720000239,-0.028125
9.77740000239,-0.04375
9.77760000239,0.00312495
9.77780000239,-0.028125
9.77800000239,-0.0125
9.77820000239,-0.0125
9.77840000239,-0.0125
9.77860000239,-0.028125
9.77880000239,-0.028125
9.77900000239,-0.0125
9.77920000239,-0.028125
9.77940000239,-0.0125
9.77960000239,-0.0125
9.77980000239,-0.028125
9.78000000239,-0.028125
9.78020000239,-0.028125
9.78040000239,-0.028125
9.78060000239,-0.0125
9.78080000239,-0.028125
9.78100000239,-0.0125
9.78120000239,-0.0125
9.78140000239,-0.028125
9.78160000239,-0.028125
9.78180000239,-0.0125
9.78200000239,-0.0125
9.78220000239,-0.028125
9.78240000239,-0.028125
9.78260000239,-0.028125
9.78280000239,-0.0125
9.78300000239,-0.0125
9.78320000239,-0.028125
9.78340000239,-0.028125
9.78360000239,-0.028125
9.78380000239,-0.0125
9.78400000239,-0.028125
9.78420000239,-0.028125
9.78440000239,-0.028125
9.78460000239,-0.0125
9.78480000239,-0.028125
9.78500000239,-0.028125
9.78520000239,-0.0125
9.78540000239,-0.04375
9.78560000239,-0.028125
9.78580000239,-0.028125
9.78600000239,-0.0125
9.78620000239,-0.0125
9.78640000239,-0.028125
9.78660000239,-0.0125
9.78680000239,-0.0125
9.78700000239,-0.028125
9.78720000239,-0.028125
9.78740000239,-0.04375
9.78760000239,-0.028125
9.78780000239,-0.028125
9.78800000239,-0.0125
9.78820000239,-0.0125
9.78840000239,-0.0125
9.78860000239,-0.0125
9.78880000239,-0.0125
9.78900000239,-0.0125
9.78920000239,-0.028125
9.78940000239,-0.028125
9.78960000239,-0.0125
9.78980000239,-0.028125
9.79000000239,0.00312495
9.79020000239,-0.0125
9.79040000239,-0.0125
9.79060000239,-0.0125
9.79080000239,-0.0125
9.79100000239,-0.028125
9.79120000239,-0.0125
9.79140000239,-0.0125
9.79160000239,-0.028125
9.79180000239,-0.0125
9.79200000239,-0.028125
9.79220000239,0.00312495
9.79240000239,-0.028125
9.79260000239,-0.0125
9.79280000239,-0.028125
9.79300000239,-0.028125
9.79320000239,-0.0125
9.79340000239,-0.028125
9.79360000239,0.00312495
9.79380000239,-0.028125
9.79400000239,-0.028125
9.79420000239,-0.0125
9.79440000239,-0.028125
9.79460000239,-0.0125
9.79480000239,-0.0125
9.79500000239,-0.0125
9.79520000239,-0.0125
9.79540000239,-0.0125
9.79560000239,-0.0125
9.79580000239,-0.0125
9.79600000239,-0.0125
9.79620000239,-0.028125
9.79640000239,-0.0125
9.79660000239,-0.0125
9.79680000239,-0.0125
9.79700000239,-0.028125
9.79720000239,-0.0125
9.79740000239,-0.028125
9.79760000239,-0.028125
9.79780000239,-0.028125
9.79800000239,-0.0125
9.79820000239,-0.028125
9.79840000239,-0.0125
9.79860000239,-0.0125
9.79880000239,-0.0125
9.79900000239,-0.0125
9.79920000239,-0.028125
9.79940000239,-0.0125
9.79960000239,-0.028125
9.79980000239,-0.0125
9.80000000239,-0.028125
9.80020000239,-0.028125
9.80040000239,-0.028125
9.80060000239,-0.0125
9.80080000239,-0.028125
9.80100000239,-0.028125
9.80120000239,-0.0125
9.80140000239,-0.0125
9.80160000239,-0.0125
9.80180000239,-0.0125
9.80200000239,-0.0125
9.80220000239,0.00312495
9.80240000239,-0.0125
9.80260000239,-0.0125
9.80280000239,-0.028125
9.80300000239,-0.0125
9.80320000239,-0.0125
9.80340000239,-0.0125
9.80360000239,-0.0125
9.80380000239,-0.028125
9.80400000239,-0.0125
9.80420000239,-0.0125
9.80440000239,-0.0125
9.80460000239,-0.0125
9.80480000239,-0.0125
9.80500000239,-0.028125
9.80520000239,-0.0125
9.80540000239,-0.028125
9.80560000239,-0.0125
9.80580000239,-0.0125
9.80600000239,-0.028125
9.80620000239,-0.0125
9.80640000239,0.00312495
9.80660000239,-0.0125
9.80680000239,-0.0125
9.80700000239,-0.028125
9.80720000239,-0.0125
9.80740000239,-0.028125
9.80760000239,0.00312495
9.80780000239,0.00312495
9.80800000239,-0.028125
9.80820000239,-0.028125
9.80840000239,-0.0125
9.80860000239,-0.028125
9.80880000239,-0.0125
9.80900000239,-0.0125
9.80920000239,0.00312495
9.80940000239,-0.0125
9.80960000239,-0.028125
9.80980000239,-0.0125
9.81000000239,-0.0125
9.81020000239,-0.028125
9.81040000239,-0.0125
9.81060000239,-0.0125
9.81080000239,-0.028125
9.81100000239,-0.028125
9.81120000239,-0.0125
9.81140000239,-0.028125
9.81160000239,-0.0125
9.81180000239,-0.0125
9.81200000239,-0.0125
9.81220000239,-0.0125
9.81240000239,-0.0125
9.81260000239,-0.0125
9.81280000239,-0.0125
9.81300000239,-0.0125
9.81320000239,0.00312495
9.81340000239,-0.0125
9.81360000239,-0.0125
9.81380000239,-0.028125
9.81400000239,-0.0125
9.81420000239,-0.0125
9.81440000239,-0.0125
9.81460000239,-0.0125
9.81480000239,-0.028125
9.81500000239,-0.0125
9.81520000239,-0.0125
9.81540000239,-0.028125
9.81560000239,-0.0125
9.81580000239,-0.028125
9.81600000239,-0.0125
9.81620000239,-0.0125
9.81640000239,-0.0125
9.81660000239,-0.0125
9.81680000239,-0.0125
9.81700000239,-0.0125
9.81720000239,-0.0125
9.81740000239,-0.028125
9.81760000239,-0.0125
9.81780000239,-0.0125
9.81800000239,-0.0125
9.81820000239,-0.028125
9.81840000239,-0.0125
9.81860000239,-0.0125
9.81880000239,-0.0125
9.81900000239,-0.0125
9.81920000239,-0.0125
9.81940000239,0.00312495
9.81960000239,-0.028125
9.81980000239,0.00312495
9.82000000239,-0.028125
9.82020000239,-0.0125
9.82040000239,0.00312495
9.82060000239,-0.028125
9.82080000239,-0.0125
9.82100000239,-0.0125
9.82120000239,-0.0125
9.82140000239,-0.0125
9.82160000239,-0.0125
9.82180000239,-0.0125
9.82200000239,-0.0125
9.82220000239,-0.0125
9.82240000239,-0.0125
9.82260000239,-0.0125
9.82280000239,0.00312495
9.82300000239,0.00312495
9.82320000239,0.00312495
9.82340000239,-0.0125
9.82360000239,-0.0125
9.82380000239,-0.0125
9.82400000239,0.00312495
9.82420000239,0.00312495
9.82440000239,-0.0125
9.82460000239,-0.0125
9.82480000239,-0.028125
9.82500000239,0.00312495
9.82520000239,0.00312495
9.82540000239,-0.0125
9.82560000239,-0.0125
9.82580000239,0.00312495
9.82600000239,-0.0125
9.82620000239,0.00312495
9.82640000239,-0.028125
9.82660000239,0.00312495
9.82680000239,-0.0125
9.82700000239,-0.0125
9.82720000239,0.00312495
9.82740000239,-0.0125
9.82760000239,0.00312495
9.82780000239,-0.0125
9.82800000239,-0.028125
9.82820000239,-0.0125
9.82840000239,0.00312495
9.82860000239,0.00312495
9.82880000239,-0.0125
9.82900000239,-0.0125
9.82920000239,-0.0125
9.82940000239,-0.0125
9.82960000239,0.00312495
9.82980000239,-0.0125
9.83000000239,-0.0125
9.83020000239,-0.0125
9.83040000239,-0.0125
9.83060000239,-0.0125
9.83080000239,-0.0125
9.83100000239,-0.0125
9.83120000239,-0.0125
9.83140000239,0.00312495
9.83160000239,-0.0125
9.83180000239,-0.0125
9.83200000239,-0.0125
9.83220000239,-0.0125
9.83240000239,-0.0125
9.83260000239,-0.0125
9.83280000239,-0.0125
9.83300000239,0.00312495
9.83320000239,-0.0125
9.83340000239,-0.028125
9.83360000239,0.00312495
9.83380000239,-0.0125
9.83400000239,0.00312495
9.83420000239,-0.0125
9.83440000239,-0.0125
9.83460000239,-0.0125
9.83480000239,0.00312495
9.83500000239,0.00312495
9.83520000239,0.00312495
9.83540000239,-0.0125
9.83560000239,-0.0125
9.83580000239,-0.0125
9.83600000239,0.00312495
9.83620000239,0.00312495
9.83640000239,0.00312495
9.83660000239,-0.0125
9.83680000239,-0.0125
9.83700000239,-0.0125
9.83720000239,0.00312495
9.83740000239,-0.0125
9.83760000239,-0.028125
9.83780000239,-0.0125
9.83800000239,-0.0125
9.83820000239,-0.0125
9.83840000239,-0.0125
9.83860000239,0.00312495
9.83880000239,-0.0125
9.83900000239,-0.0125
9.83920000239,-0.0125
9.83940000239,0.00312495
9.83960000239,0.00312495
9.83980000239,0.00312495
9.84000000239,0.00312495
9.84020000239,0.00312495
9.84040000239,0.00312495
9.84060000239,0.01875
9.84080000239,-0.0125
9.84100000239,-0.0125
9.84120000239,-0.0125
9.84140000239,0.01875
9.84160000239,0.00312495
9.84180000239,0.00312495
9.84200000239,-0.0125
9.84220000239,0.00312495
9.84240000239,-0.0125
9.84260000239,0.00312495
9.84280000239,0.00312495
9.84300000239,0.00312495
9.84320000239,0.00312495
9.84340000239,0.00312495
9.84360000239,-0.0125
9.84380000239,-0.0125
9.84400000239,-0.0125
9.84420000239,0.00312495
9.84440000239,0.00312495
9.84460000239,-0.0125
9.84480000239,-0.0125
9.84500000239,-0.0125
9.84520000239,-0.0125
9.84540000239,0.00312495
9.84560000239,0.00312495
9.84580000239,-0.0125
9.84600000239,0.01875
9.84620000239,0.00312495
9.84640000239,-0.0125
9.84660000239,0.00312495
9.84680000239,0.00312495
9.84700000239,-0.0125
9.84720000239,-0.0125
9.84740000239,0.00312495
9.84760000239,-0.0125
9.84780000239,0.00312495
9.84800000239,0.00312495
9.84820000239,-0.0125
9.84840000239,0.00312495
9.84860000239,-0.0125
9.84880000239,-0.0125
9.84900000239,-0.0125
9.84920000239,-0.0125
9.84940000239,0.00312495
9.84960000239,0.00312495
9.84980000239,0.00312495
9.85000000239,-0.0125
9.85020000239,0.01875
9.85040000239,0.00312495
9.85060000239,0.00312495
9.85080000239,0.01875
9.85100000239,0.00312495
9.85120000239,0.00312495
9.85140000239,0.00312495
9.85160000239,0.00312495
9.85180000239,-0.0125
9.85200000239,-0.0125
9.85220000239,0.01875
9.85240000239,0.01875
9.85260000239,-0.0125
9.85280000239,0.01875
9.85300000239,-0.0125
9.85320000239,0.00312495
9.85340000239,0.00312495
9.85360000239,0.00312495
9.85380000239,0.00312495
9.85400000239,0.00312495
9.85420000239,0.00312495
9.85440000239,0.00312495
9.85460000239,0.00312495
9.85480000239,-0.0125
9.85500000239,0.00312495
9.85520000239,0.00312495
9.85540000239,0.00312495
9.85560000239,0.00312495
9.85580000239,0.01875
9.85600000239,-0.0125
9.85620000239,0.00312495
9.85640000239,-0.0125
9.85660000239,0.00312495
9.85680000239,-0.0125
9.85700000239,0.00312495
9.85720000239,0.00312495
9.85740000239,0.00312495
9.85760000239,0.00312495
9.85780000239,-0.0125
9.85800000239,0.00312495
9.85820000239,0.01875
9.85840000239,0.00312495
9.85860000239,0.00312495
9.85880000239,0.01875
9.85900000239,0.00312495
9.85920000239,0.00312495
9.85940000239,0.00312495
9.85960000239,0.00312495
9.85980000239,0.00312495
9.86000000239,0.00312495
9.86020000239,0.00312495
9.86040000239,-0.0125
9.86060000239,0.01875
9.86080000239,0.00312495
9.86100000239,0.00312495
9.86120000239,0.00312495
9.86140000239,0.00312495
9.86160000239,0.00312495
9.86180000239,-0.0125
9.86200000239,0.01875
9.86220000239,0.00312495
9.86240000239,-0.0125
9.86260000239,0.00312495
9.86280000239,0.00312495
9.86300000239,0.00312495
9.86320000239,0.00312495
9.86340000239,0.01875
9.86360000239,0.00312495
9.86380000239,0.00312495
9.86400000239,0.00312495
9.86420000239,0.00312495
9.86440000239,0.00312495
9.86460000239,0.00312495
9.86480000239,0.00312495
9.86500000239,-0.0125
9.86520000239,0.00312495
9.86540000239,0.00312495
9.86560000239,0.00312495
9.86580000239,0.00312495
9.86600000239,-0.0125
9.86620000239,0.00312495
9.86640000239,0.00312495
9.86660000239,-0.0125
9.86680000239,0.00312495
9.86700000239,0.00312495
9.86720000239,0.00312495
9.86740000239,-0.0125
9.86760000239,0.01875
9.86780000239,0.00312495
9.86800000239,0.01875
9.86820000239,0.00312495
9.86840000239,0.00312495
9.86860000239,0.01875
9.86880000239,0.00312495
9.86900000239,0.01875
9.86920000239,0.01875
9.86940000239,0.00312495
9.86960000239,0.01875
9.86980000239,0.00312495
9.87000000239,0.00312495
9.87020000239,0.00312495
9.87040000239,0.00312495
9.87060000239,0.01875
9.87080000239,0.034375
9.87100000239,0.00312495
9.87120000239,0.01875
9.87140000239,0.01875
9.87160000239,0.00312495
9.87180000239,0.01875
9.87200000239,0.00312495
9.87220000239,0.00312495
9.87240000239,0.01875
9.87260000239,0.01875
9.87280000239,0.01875
9.87300000239,0.00312495
9.87320000239,0.00312495
9.87340000239,0.01875
9.87360000239,0.01875
9.87380000239,0.00312495
9.87400000239,0.01875
9.87420000239,-0.0125
9.87440000239,0.00312495
9.87460000239,0.00312495
9.87480000239,0.01875
9.87500000239,0.00312495
9.87520000239,0.01875
9.87540000239,0.01875
9.87560000239,0.01875
9.87580000239,0.01875
9.87600000239,0.00312495
9.87620000239,0.00312495
9.87640000239,0.00312495
9.87660000239,0.00312495
9.87680000239,0.01875
9.87700000239,0.00312495
9.87720000239,0.00312495
9.87740000239,0.01875
9.87760000239,0.00312495
9.87780000239,0.00312495
9.87800000239,0.00312495
9.87820000239,0.00312495
9.87840000239,0.00312495
9.87860000239,0.00312495
9.87880000239,0.00312495
9.87900000239,0.01875
9.87920000239,0.01875
9.87940000239,0.01875
9.87960000239,0.01875
9.87980000239,0.00312495
9.88000000239,0.00312495
9.88020000239,0.00312495
9.88040000239,0.01875
9.88060000239,0.01875
9.88080000239,0.00312495
9.88100000239,0.01875
9.88120000239,0.01875
9.88140000239,0.01875
9.88160000239,0.01875
9.88180000239,0.00312495
9.88200000239,0.00312495
9.88220000239,0.00312495
9.88240000239,0.00312495
9.88260000239,0.01875
9.88280000239,0.01875
9.88300000239,0.01875
9.88320000239,0.01875
9.88340000239,0.034375
9.88360000239,0.01875
9.88380000239,0.01875
9.88400000239,0.01875
9.88420000239,0.00312495
9.88440000239,0.00312495
9.88460000239,0.00312495
9.88480000239,0.00312495
9.88500000239,0.034375
9.88520000239,0.01875
9.88540000239,0.01875
9.88560000239,0.01875
9.88580000239,0.034375
9.88600000239,0.01875
9.88620000239,0.01875
9.88640000239,0.00312495
9.88660000239,0.00312495
9.88680000239,0.01875
9.88700000239,0.00312495
9.88720000239,0.00312495
9.88740000239,0.034375
9.88760000239,0.01875
9.88780000239,0.034375
9.88800000239,0.01875
9.88820000239,0.00312495
9.88840000239,0.01875
9.88860000239,0.00312495
9.88880000239,0.01875
9.88900000239,0.01875
9.88920000239,0.00312495
9.88940000239,0.034375
9.88960000239,0.01875
9.88980000239,0.01875
9.89000000239,0.01875
9.89020000239,0.00312495
9.89040000239,0.01875
9.89060000239,0.01875
9.89080000239,0.00312495
9.89100000239,0.00312495
9.89120000239,0.01875
9.89140000239,0.01875
9.89160000239,0.034375
9.89180000239,0.01875
9.89200000239,0.034375
9.89220000239,0.00312495
9.89240000239,0.01875
9.89260000239,0.01875
9.89280000239,0.01875
9.89300000239,0.00312495
9.89320000239,0.01875
9.89340000239,0.01875
9.89360000239,0.01875
9.89380000239,0.01875
9.89400000239,0.00312495
9.89420000239,0.01875
9.89440000239,0.01875
9.89460000239,0.01875
9.89480000239,0.01875
9.89500000239,0.01875
9.89520000239,0.01875
9.89540000239,0.00312495
9.89560000239,0.00312495
9.89580000239,0.01875
9.89600000239,0.01875
9.89620000239,0.01875
9.89640000239,0.01875
9.89660000239,0.01875
9.89680000239,0.01875
9.89700000239,0.01875
9.89720000239,0.034375
9.89740000239,0.034375
9.89760000239,0.01875
9.89780000239,0.01875
9.89800000239,0.01875
9.89820000239,0.034375
9.89840000239,0.01875
9.89860000239,0.01875
9.89880000239,0.01875
9.89900000239,0.034375
9.89920000239,0.034375
9.89940000239,0.01875
9.89960000239,0.01875
9.89980000239,0.01875
9.90000000239,0.01875
9.90020000239,0.034375
9.90040000239,0.034375
9.90060000239,0.01875
9.90080000239,0.034375
9.90100000239,0.034375
9.90120000239,0.034375
9.90140000239,0.01875
9.90160000239,0.034375
9.90180000239,0.01875
9.90200000239,0.034375
9.90220000239,0.034375
9.90240000239,0.01875
9.90260000239,0.034375
9.90280000239,0.01875
9.90300000239,0.034375
9.90320000239,0.034375
9.90340000239,0.00312495
9.90360000239,0.034375
9.90380000239,0.01875
9.90400000239,0.034375
9.90420000239,0.034375
9.90440000239,0.01875
9.90460000239,0.034375
9.90480000239,0.01875
9.90500000239,0.034375
9.90520000239,0.01875
9.90540000239,0.01875
9.90560000239,0.01875
9.90580000239,0.01875
9.90600000239,0.034375
9.90620000239,0.01875
9.90640000239,0.034375
9.90660000239,0.034375
9.90680000239,0.05
9.90700000239,0.034375
9.90720000239,0.01875
9.90740000239,0.01875
9.90760000239,0.01875
9.90780000239,0.034375
9.90800000239,0.034375
9.90820000239,0.01875
9.90840000239,0.01875
9.90860000239,0.034375
9.90880000239,0.01875
9.90900000239,0.034375
9.90920000239,0.034375
9.90940000239,0.034375
9.90960000239,0.034375
9.90980000239,0.01875
9.91000000239,0.034375
9.91020000239,0.01875
9.91040000239,0.034375
9.91060000239,0.034375
9.91080000239,0.01875
9.91100000239,0.01875
9.91120000239,0.01875
9.91140000239,0.01875
9.91160000239,0.034375
9.91180000239,0.034375
9.91200000239,0.01875
9.91220000239,0.01875
9.91240000239,0.01875
9.91260000239,0.034375
9.91280000239,0.01875
9.91300000239,0.034375
9.91320000239,0.01875
9.91340000239,0.05
9.91360000239,0.034375
9.91380000239,0.01875
9.91400000239,0.05
9.91420000239,0.01875
9.91440000239,0.01875
9.91460000239,0.034375
9.91480000239,0.01875
9.91500000239,0.01875
9.91520000239,0.034375
9.91540000239,0.01875
9.91560000239,0.034375
9.91580000239,0.01875
9.91600000239,0.01875
9.91620000239,0.01875
9.91640000239,0.034375
9.91660000239,0.034375
9.91680000239,0.01875
9.91700000239,0.034375
9.91720000239,0.034375
9.91740000239,0.034375
9.91760000239,0.034375
9.91780000239,0.034375
9.91800000239,0.034375
9.91820000239,0.034375
9.91840000239,0.034375
9.91860000239,0.034375
9.91880000239,0.034375
9.91900000239,0.01875
9.91920000239,0.034375
9.91940000239,0.034375
9.91960000239,0.034375
9.91980000239,0.05
9.92000000239,0.01875
9.92020000239,0.05
9.92040000239,0.05
9.92060000239,0.05
9.92080000239,0.034375
9.92100000239,0.034375
9.92120000239,0.034375
9.92140000239,0.01875
9.92160000239,0.034375
9.92180000239,0.034375
9.92200000239,0.01875
9.92220000239,0.034375
9.92240000239,0.05
9.92260000239,0.034375
9.92280000239,0.034375
9.92300000239,0.05
9.92320000239,0.034375
9.92340000239,0.034375
9.92360000239,0.01875
9.92380000239,0.034375
9.92400000239,0.034375
9.92420000239,0.05
9.92440000239,0.034375
9.92460000239,0.05
9.92480000239,0.034375
9.92500000239,0.034375
9.92520000239,0.034375
9.92540000239,0.034375
9.92560000239,0.034375
9.92580000239,0.05
9.92600000239,0.034375
9.92620000239,0.05
9.92640000239,0.034375
9.92660000239,0.05
9.92680000239,0.01875
9.92700000239,0.05
9.92720000239,0.05
9.92740000239,0.034375
9.92760000239,0.034375
9.92780000239,0.034375
9.92800000239,0.05
9.92820000239,0.034375
9.92840000239,0.05
9.92860000239,0.034375
9.92880000239,0.05
9.92900000239,0.05
9.92920000239,0.034375
9.92940000239,0.05
9.92960000239,0.034375
9.92980000239,0.05
9.93000000239,0.034375
9.93020000239,0.05
9.93040000239,0.05
9.93060000239,0.05
9.93080000239,0.05
9.93100000239,0.05
9.93120000239,0.05
9.93140000239,0.034375
9.93160000239,0.034375
9.93180000239,0.034375
9.93200000239,0.034375
9.93220000239,0.034375
9.93240000239,0.034375
9.93260000239,0.034375
9.93280000239,0.034375
9.93300000239,0.05
9.93320000239,0.034375
9.93340000239,0.034375
9.93360000239,0.034375
9.93380000239,0.034375
9.93400000239,0.034375
9.93420000239,0.034375
9.93440000239,0.05
9.93460000239,0.05
9.93480000239,0.034375
9.93500000239,0.034375
9.93520000239,0.034375
9.93540000239,0.034375
9.93560000239,0.065625
9.93580000239,0.05
9.93600000239,0.05
9.93620000239,0.05
9.93640000239,0.05
9.93660000239,0.034375
9.93680000239,0.034375
9.93700000239,0.05
9.93720000239,0.034375
9.93740000239,0.034375
9.93760000239,0.05
9.93780000239,0.05
9.93800000239,0.05
9.93820000239,0.05
9.93840000239,0.05
9.93860000239,0.05
9.93880000239,0.05
9.93900000239,0.05
9.93920000239,0.05
9.93940000239,0.05
9.93960000239,0.05
9.93980000239,0.05
9.94000000239,0.05
9.94020000239,0.05
9.94040000239,0.05
9.94060000239,0.05
9.94080000239,0.05
9.94100000239,0.065625
9.94120000239,0.05
9.94140000239,0.05
9.94160000239,0.05
9.94180000239,0.05
9.94200000239,0.065625
9.94220000239,0.05
9.94240000239,0.05
9.94260000239,0.05
9.94280000239,0.05
9.94300000239,0.05
9.94320000239,0.05
9.94340000239,0.065625
9.94360000239,0.05
9.94380000239,0.05
9.94400000239,0.05
9.94420000239,0.05
9.94440000239,0.05
9.94460000239,0.05
9.94480000239,0.05
9.94500000239,0.05
9.94520000239,0.065625
9.94540000239,0.05
9.94560000239,0.065625
9.94580000239,0.065625
9.94600000239,0.05
9.94620000239,0.034375
9.94640000239,0.05
9.94660000239,0.05
9.94680000239,0.034375
9.94700000239,0.034375
9.94720000239,0.05
9.94740000239,0.034375
9.94760000239,0.05
9.94780000239,0.065625
9.94800000239,0.065625
9.94820000239,0.05
9.94840000239,0.05
9.94860000239,0.05
9.94880000239,0.065625
9.94900000239,0.065625
9.94920000239,0.05
9.94940000239,0.05
9.94960000239,0.05
9.94980000239,0.05
9.95000000239,0.065625
9.95020000239,0.034375
9.95040000239,0.05
9.95060000239,0.034375
9.95080000239,0.05
9.95100000239,0.05
9.95120000239,0.05
9.95140000239,0.05
9.95160000239,0.05
9.95180000239,0.034375
9.95200000239,0.05
9.95220000239,0.05
9.95240000239,0.05
9.95260000239,0.05
9.95280000239,0.05
9.95300000239,0.05
9.95320000239,0.05
9.95340000239,0.05
9.95360000239,0.034375
9.95380000239,0.05
9.95400000239,0.05
9.95420000239,0.05
9.95440000239,0.05
9.95460000239,0.05
9.95480000239,0.05
9.95500000239,0.05
9.95520000239,0.065625
9.95540000239,0.05
9.95560000239,0.05
9.95580000239,0.05
9.95600000239,0.05
9.95620000239,0.034375
9.95640000239,0.05
9.95660000239,0.065625
9.95680000239,0.05
9.95700000239,0.065625
9.95720000239,0.034375
9.95740000239,0.05
9.95760000239,0.065625
9.95780000239,0.065625
9.95800000239,0.065625
9.95820000239,0.05
9.95840000239,0.05
9.95860000239,0.05
9.95880000239,0.065625
9.95900000239,0.065625
9.95920000239,0.05
9.95940000239,0.065625
9.95960000239,0.05
9.95980000239,0.05
9.96000000239,0.05
9.96020000239,0.05
9.96040000239,0.05
9.96060000239,0.065625
9.96080000239,0.065625
9.96100000239,0.065625
9.96120000239,0.05
9.96140000239,0.065625
9.96160000239,0.065625
9.96180000239,0.065625
9.96200000239,0.05
9.96220000239,0.065625
9.96240000239,0.05
9.96260000239,0.05
9.96280000239,0.065625
9.96300000239,0.05
9.96320000239,0.065625
9.96340000239,0.05
9.96360000239,0.065625
9.96380000239,0.065625
9.96400000239,0.065625
9.96420000239,0.05
9.96440000239,0.05
9.96460000239,0.05
9.96480000239,0.05
9.96500000239,0.065625
9.96520000239,0.065625
9.96540000239,0.065625
9.96560000239,0.05
9.96580000239,0.05
9.96600000239,0.065625
9.96620000239,0.05
9.96640000239,0.05
9.96660000239,0.065625
9.96680000239,0.05
9.96700000239,0.05
9.96720000239,0.05
9.96740000239,0.065625
9.96760000239,0.065625
9.96780000239,0.065625
9.96800000239,0.08125
9.96820000239,0.065625
9.96840000239,0.065625
9.96860000239,0.065625
9.96880000239,0.065625
9.96900000239,0.05
9.96920000239,0.065625
9.96940000239,0.065625
9.96960000239,0.065625
9.96980000239,0.05
9.97000000239,0.05
9.97020000239,0.065625
9.97040000239,0.065625
9.97060000239,0.05
9.97080000239,0.08125
9.97100000239,0.065625
9.97120000239,0.034375
9.97140000239,0.08125
9.97160000239,0.065625
9.97180000239,0.05
9.97200000239,0.065625
9.97220000239,0.065625
9.97240000239,0.065625
9.97260000239,0.065625
9.97280000239,0.05
9.97300000239,0.05
9.97320000239,0.065625
9.97340000239,0.065625
9.97360000239,0.065625
9.97380000239,0.065625
9.97400000239,0.05
9.97420000239,0.05
9.97440000239,0.065625
9.97460000239,0.08125
9.97480000239,0.065625
9.97500000239,0.05
9.97520000239,0.065625
9.97540000239,0.065625
9.97560000239,0.065625
9.97580000239,0.065625
9.97600000239,0.05
9.97620000239,0.05
9.97640000239,0.065625
9.97660000239,0.08125
9.97680000239,0.065625
9.97700000239,0.05
9.97720000239,0.065625
9.97740000239,0.065625
9.97760000239,0.065625
9.97780000239,0.05
9.97800000239,0.05
9.97820000239,0.065625
9.97840000239,0.05
9.97860000239,0.065625
9.97880000239,0.065625
9.97900000239,0.065625
9.97920000239,0.065625
9.97940000239,0.065625
9.97960000239,0.065625
9.97980000239,0.065625
9.98000000239,0.065625
9.98020000239,0.065625
9.98040000239,0.065625
9.98060000239,0.065625
9.98080000239,0.065625
9.98100000239,0.05
9.98120000239,0.08125
9.98140000239,0.065625
9.98160000239,0.065625
9.98180000239,0.065625
9.98200000239,0.065625
9.98220000239,0.065625
9.98240000239,0.08125
9.98260000239,0.065625
9.98280000239,0.065625
9.98300000239,0.08125
9.98320000239,0.08125
9.98340000239,0.08125
9.98360000239,0.065625
9.98380000239,0.065625
9.98400000239,0.065625
9.98420000239,0.065625
9.98440000239,0.065625
9.98460000239,0.065625
9.98480000239,0.08125
9.98500000239,0.065625
9.98520000239,0.08125
9.98540000239,0.065625
9.98560000239,0.065625
9.98580000239,0.065625
9.98600000239,0.08125
9.98620000239,0.05
9.98640000239,0.08125
9.98660000239,0.065625
9.98680000239,0.065625
9.98700000239,0.08125
9.98720000239,0.065625
9.98740000239,0.065625
9.98760000239,0.05
9.98780000239,0.065625
9.98800000239,0.065625
9.98820000239,0.065625
9.98840000239,0.065625
9.98860000239,0.08125
9.98880000239,0.08125
9.98900000239,0.05
9.98920000239,0.065625
9.98940000239,0.05
9.98960000239,0.065625
9.98980000239,0.08125
9.99000000239,0.08125
9.99020000239,0.08125
9.99040000239,0.05
9.99060000239,0.065625
9.99080000239,0.065625
9.99100000239,0.08125
9.99120000239,0.08125
9.99140000239,0.08125
9.99160000239,0.08125
9.99180000239,0.065625
9.99200000239,0.065625
9.99220000239,0.05
9.99240000239,0.08125
9.99260000239,0.065625
9.99280000239,0.08125
9.99300000239,0.065625
9.99320000239,0.065625
9.99340000239,0.08125
9.99360000239,0.08125
9.99380000239,0.096875
9.99400000239,0.065625
9.99420000239,0.065625
9.99440000239,0.065625
9.99460000239,0.08125
9.99480000239,0.08125
9.99500000239,0.08125
9.99520000239,0.08125
9.99540000239,0.065625
9.99560000239,0.065625
9.99580000239,0.065625
9.99600000239,0.065625
9.99620000239,0.08125
9.99640000239,0.065625
9.99660000239,0.08125
9.99680000239,0.08125
9.99700000239,0.08125
9.99720000239,0.065625
9.99740000239,0.08125
9.99760000239,0.05
9.99780000239,0.08125
9.99800000239,0.08125
9.99820000239,0.065625
9.99840000239,0.065625
9.99860000239,0.065625
9.99880000239,0.065625
9.99900000239,0.065625
9.99920000239,0.08125
9.99940000239,0.065625
9.99960000239,0.08125
9.99980000239,0.065625
10.0000000024,0.08125
10.0002000024,0.08125
10.0004000024,0.08125
10.0006000024,0.096875
10.0008000024,0.08125
10.0010000024,0.065625
10.0012000024,0.065625
10.0014000024,0.08125
10.0016000024,0.08125
10.0018000024,0.065625
10.0020000024,0.08125
10.0022000024,0.08125
10.0024000024,0.08125
10.0026000024,0.096875
10.0028000024,0.08125
10.0030000024,0.08125
10.0032000024,0.065625
10.0034000024,0.08125
10.0036000024,0.08125
10.0038000024,0.08125
10.0040000024,0.065625
10.0042000024,0.08125
10.0044000024,0.08125
10.0046000024,0.08125
10.0048000024,0.08125
10.0050000024,0.08125
10.0052000024,0.08125
10.0054000024,0.08125
10.0056000024,0.096875
10.0058000024,0.08125
10.0060000024,0.08125
10.0062000024,0.096875
10.0064000024,0.08125
10.0066000024,0.096875
10.0068000024,0.096875
10.0070000024,0.08125
10.0072000024,0.08125
10.0074000024,0.08125
10.0076000024,0.08125
10.0078000024,0.08125
10.0080000024,0.08125
10.0082000024,0.096875
10.0084000024,0.08125
10.0086000024,0.096875
10.0088000024,0.096875
10.0090000024,0.08125
10.0092000024,0.08125
10.0094000024,0.08125
10.0096000024,0.08125
10.0098000024,0.08125
10.0100000024,0.065625
10.0102000024,0.08125
10.0104000024,0.096875
10.0106000024,0.096875
10.0108000024,0.08125
10.0110000024,0.08125
10.0112000024,0.096875
10.0114000024,0.096875
10.0116000024,0.08125
10.0118000024,0.08125
10.0120000024,0.096875
10.0122000024,0.08125
10.0124000024,0.08125
10.0126000024,0.096875
10.0128000024,0.096875
10.0130000024,0.096875
10.0132000024,0.08125
10.0134000024,0.096875
10.0136000024,0.096875
10.0138000024,0.096875
10.0140000024,0.08125
10.0142000024,0.096875
10.0144000024,0.08125
10.0146000024,0.08125
10.0148000024,0.096875
10.0150000024,0.08125
10.0152000024,0.08125
10.0154000024,0.08125
10.0156000024,0.08125
10.0158000024,0.096875
10.0160000024,0.08125
10.0162000024,0.096875
10.0164000024,0.096875
10.0166000024,0.08125
10.0168000024,0.065625
10.0170000024,0.08125
10.0172000024,0.08125
10.0174000024,0.096875
10.0176000024,0.08125
10.0178000024,0.096875
10.0180000024,0.08125
10.0182000024,0.08125
10.0184000024,0.065625
10.0186000024,0.096875
10.0188000024,0.065625
10.0190000024,0.096875
10.0192000024,0.08125
10.0194000024,0.08125
10.0196000024,0.096875
10.0198000024,0.08125
10.0200000024,0.096875
10.0202000024,0.096875
10.0204000024,0.08125
10.0206000024,0.096875
10.0208000024,0.08125
10.0210000024,0.096875
10.0212000024,0.096875
10.0214000024,0.096875
10.0216000024,0.08125
10.0218000024,0.065625
10.0220000024,0.096875
10.0222000024,0.096875
10.0224000024,0.096875
10.0226000024,0.096875
10.0228000024,0.096875
10.0230000024,0.096875
10.0232000024,0.08125
10.0234000024,0.08125
10.0236000024,0.08125
10.0238000024,0.08125
10.0240000024,0.096875
10.0242000024,0.096875
10.0244000024,0.096875
10.0246000024,0.096875
10.0248000024,0.08125
10.0250000024,0.096875
10.0252000024,0.096875
10.0254000024,0.096875
10.0256000024,0.096875
10.0258000024,0.08125
10.0260000024,0.096875
10.0262000024,0.096875
10.0264000024,0.08125
10.0266000024,0.08125
10.0268000024,0.096875
10.0270000024,0.096875
10.0272000024,0.096875
10.0274000024,0.08125
10.0276000024,0.08125
10.0278000024,0.096875
10.0280000024,0.096875
10.0282000024,0.096875
10.0284000024,0.1125
10.0286000024,0.096875
10.0288000024,0.096875
10.0290000024,0.096875
10.0292000024,0.096875
10.0294000024,0.096875
10.0296000024,0.08125
10.0298000024,0.096875
10.0300000024,0.096875
10.0302000024,0.096875
10.0304000024,0.096875
10.0306000024,0.08125
10.0308000024,0.096875
10.0310000024,0.08125
10.0312000024,0.096875
10.0314000024,0.096875
10.0316000024,0.1125
10.0318000024,0.096875
10.0320000024,0.096875
10.0322000024,0.1125
10.0324000024,0.08125
10.0326000024,0.1125
10.0328000024,0.096875
10.0330000024,0.1125
10.0332000024,0.096875
10.0334000024,0.1125
10.0336000024,0.096875
10.0338000024,0.096875
10.0340000024,0.1125
10.0342000024,0.096875
10.0344000024,0.08125
10.0346000024,0.096875
10.0348000024,0.096875
10.0350000024,0.096875
10.0352000024,0.096875
10.0354000024,0.096875
10.0356000024,0.096875
10.0358000024,0.096875
10.0360000024,0.08125
10.0362000024,0.096875
10.0364000024,0.1125
10.0366000024,0.1125
10.0368000024,0.096875
10.0370000024,0.096875
10.0372000024,0.08125
10.0374000024,0.1125
10.0376000024,0.096875
10.0378000024,0.096875
10.0380000024,0.096875
10.0382000024,0.096875
10.0384000024,0.096875
10.0386000024,0.08125
10.0388000024,0.096875
10.0390000024,0.1125
10.0392000024,0.1125
10.0394000024,0.1125
10.0396000024,0.096875
10.0398000024,0.096875
10.0400000024,0.096875
10.0402000024,0.1125
10.0404000024,0.096875
10.0406000024,0.1125
10.0408000024,0.096875
10.0410000024,0.1125
10.0412000024,0.096875
10.0414000024,0.1125
10.0416000024,0.096875
10.0418000024,0.1125
10.0420000024,0.096875
10.0422000024,0.1125
10.0424000024,0.1125
10.0426000024,0.1125
10.0428000024,0.096875
10.0430000024,0.096875
10.0432000024,0.1125
10.0434000024,0.096875
10.0436000024,0.1125
10.0438000024,0.128125
10.0440000024,0.1125
10.0442000024,0.1125
10.0444000024,0.128125
10.0446000024,0.1125
10.0448000024,0.1125
10.0450000024,0.1125
10.0452000024,0.1125
10.0454000024,0.1125
10.0456000024,0.1125
10.0458000024,0.1125
10.0460000024,0.096875
10.0462000024,0.096875
10.0464000024,0.1125
10.0466000024,0.1125
10.0468000024,0.1125
10.0470000024,0.128125
10.0472000024,0.096875
10.0474000024,0.096875
10.0476000024,0.1125
10.0478000024,0.1125
10.0480000024,0.1125
10.0482000024,0.1125
10.0484000024,0.1125
10.0486000024,0.096875
10.0488000024,0.096875
10.0490000024,0.128125
10.0492000024,0.128125
10.0494000024,0.096875
10.0496000024,0.128125
10.0498000024,0.1125
10.0500000024,0.128125
10.0502000024,0.1125
10.0504000024,0.128125
10.0506000024,0.1125
10.0508000024,0.1125
10.0510000024,0.128125
10.0512000024,0.096875
10.0514000024,0.1125
10.0516000024,0.096875
10.0518000024,0.128125
10.0520000024,0.1125
10.0522000024,0.1125
10.0524000024,0.128125
10.0526000024,0.1125
10.0528000024,0.128125
10.0530000024,0.1125
10.0532000024,0.1125
10.0534000024,0.1125
10.0536000024,0.1125
10.0538000024,0.1125
10.0540000024,0.1125
10.0542000024,0.128125
10.0544000024,0.1125
10.0546000024,0.096875
10.0548000024,0.128125
10.0550000024,0.1125
10.0552000024,0.1125
10.0554000024,0.096875
10.0556000024,0.096875
10.0558000024,0.1125
10.0560000024,0.1125
10.0562000024,0.1125
10.0564000024,0.128125
10.0566000024,0.1125
10.0568000024,0.1125
10.0570000024,0.128125
10.0572000024,0.1125
10.0574000024,0.1125
10.0576000024,0.128125
10.0578000024,0.128125
10.0580000024,0.128125
10.0582000024,0.1125
10.0584000024,0.128125
10.0586000024,0.1125
10.0588000024,0.1125
10.0590000024,0.1125
10.0592000024,0.128125
10.0594000024,0.1125
10.0596000024,0.128125
10.0598000024,0.1125
10.0600000024,0.1125
10.0602000024,0.128125
10.0604000024,0.1125
10.0606000024,0.14375
10.0608000024,0.128125
10.0610000024,0.128125
10.0612000024,0.128125
10.0614000024,0.128125
10.0616000024,0.14375
10.0618000024,0.128125
10.0620000024,0.128125
10.0622000024,0.128125
10.0624000024,0.128125
10.0626000024,0.128125
10.0628000024,0.128125
10.0630000024,0.1125
10.0632000024,0.128125
10.0634000024,0.14375
10.0636000024,0.1125
10.0638000024,0.128125
10.0640000024,0.128125
10.0642000024,0.1125
10.0644000024,0.14375
10.0646000024,0.14375
10.0648000024,0.128125
10.0650000024,0.128125
10.0652000024,0.128125
10.0654000024,0.128125
10.0656000024,0.128125
10.0658000024,0.128125
10.0660000024,0.128125
10.0662000024,0.1125
10.0664000024,0.128125
10.0666000024,0.1125
10.0668000024,0.14375
10.0670000024,0.128125
10.0672000024,0.128125
10.0674000024,0.1125
10.0676000024,0.128125
10.0678000024,0.128125
10.0680000024,0.128125
10.0682000024,0.128125
10.0684000024,0.1125
10.0686000024,0.128125
10.0688000024,0.14375
10.0690000024,0.1125
10.0692000024,0.14375
10.0694000024,0.128125
10.0696000024,0.14375
10.0698000024,0.14375
10.0700000024,0.14375
10.0702000024,0.14375
10.0704000024,0.1125
10.0706000024,0.128125
10.0708000024,0.128125
10.0710000024,0.128125
10.0712000024,0.128125
10.0714000024,0.128125
10.0716000024,0.128125
10.0718000024,0.128125
10.0720000024,0.128125
10.0722000024,0.14375
10.0724000024,0.14375
10.0726000024,0.14375
10.0728000024,0.159375
10.0730000024,0.14375
10.0732000024,0.14375
10.0734000024,0.14375
10.0736000024,0.14375
10.0738000024,0.14375
10.0740000024,0.14375
10.0742000024,0.159375
10.0744000024,0.14375
10.0746000024,0.14375
10.0748000024,0.14375
10.0750000024,0.159375
10.0752000024,0.14375
10.0754000024,0.14375
10.0756000024,0.14375
10.0758000024,0.14375
10.0760000024,0.14375
10.0762000024,0.14375
10.0764000024,0.128125
10.0766000024,0.128125
10.0768000024,0.128125
10.0770000024,0.14375
10.0772000024,0.14375
10.0774000024,0.14375
10.0776000024,0.14375
10.0778000024,0.159375
10.0780000024,0.14375
10.0782000024,0.14375
10.0784000024,0.14375
10.0786000024,0.14375
10.0788000024,0.14375
10.0790000024,0.159375
10.0792000024,0.14375
10.0794000024,0.14375
10.0796000024,0.14375
10.0798000024,0.159375
10.0800000024,0.14375
10.0802000024,0.14375
10.0804000024,0.14375
10.0806000024,0.14375
10.0808000024,0.159375
10.0810000024,0.159375
10.0812000024,0.159375
10.0814000024,0.159375
10.0816000024,0.159375
10.0818000024,0.14375
10.0820000024,0.159375
10.0822000024,0.159375
10.0824000024,0.14375
10.0826000024,0.14375
10.0828000024,0.14375
10.0830000024,0.14375
10.0832000024,0.14375
10.0834000024,0.159375
10.0836000024,0.159375
10.0838000024,0.14375
10.0840000024,0.14375
10.0842000024,0.159375
10.0844000024,0.14375
10.0846000024,0.159375
10.0848000024,0.14375
10.0850000024,0.159375
10.0852000024,0.14375
10.0854000024,0.14375
10.0856000024,0.159375
10.0858000024,0.14375
10.0860000024,0.159375
10.0862000024,0.175
10.0864000024,0.159375
10.0866000024,0.128125
10.0868000024,0.159375
10.0870000024,0.159375
10.0872000024,0.159375
10.0874000024,0.14375
10.0876000024,0.159375
10.0878000024,0.159375
10.0880000024,0.175
10.0882000024,0.14375
10.0884000024,0.14375
10.0886000024,0.175
10.0888000024,0.175
10.0890000024,0.175
10.0892000024,0.159375
10.0894000024,0.159375
10.0896000024,0.159375
10.0898000024,0.159375
10.0900000024,0.159375
10.0902000024,0.159375
10.0904000024,0.175
10.0906000024,0.159375
10.0908000024,0.159375
10.0910000024,0.159375
10.0912000024,0.159375
10.0914000024,0.159375
10.0916000024,0.159375
10.0918000024,0.159375
10.0920000024,0.175
10.0922000024,0.175
10.0924000024,0.14375
10.0926000024,0.159375
10.0928000024,0.159375
10.0930000024,0.159375
10.0932000024,0.159375
10.0934000024,0.175
10.0936000024,0.14375
10.0938000024,0.159375
10.0940000024,0.159375
10.0942000024,0.175
10.0944000024,0.14375
10.0946000024,0.159375
10.0948000024,0.175
10.0950000024,0.159375
10.0952000024,0.175
10.0954000024,0.175
10.0956000024,0.175
10.0958000024,0.175
10.0960000024,0.175
10.0962000024,0.175
10.0964000024,0.175
10.0966000024,0.159375
10.0968000024,0.175
10.0970000024,0.159375
10.0972000024,0.159375
10.0974000024,0.175
10.0976000024,0.175
10.0978000024,0.190625
10.0980000024,0.159375
10.0982000024,0.14375
10.0984000024,0.175
10.0986000024,0.175
10.0988000024,0.175
10.0990000024,0.175
10.0992000024,0.175
10.0994000024,0.159375
10.0996000024,0.190625
10.0998000024,0.190625
10.1000000024,0.175
10.1002000024,0.175
10.1004000024,0.175
10.1006000024,0.175
10.1008000024,0.175
10.1010000024,0.175
10.1012000024,0.159375
10.1014000024,0.175
10.1016000024,0.175
10.1018000024,0.175
10.1020000024,0.175
10.1022000024,0.175
10.1024000024,0.175
10.1026000024,0.190625
10.1028000024,0.190625
10.1030000024,0.190625
10.1032000024,0.175
10.1034000024,0.175
10.1036000024,0.190625
10.1038000024,0.190625
10.1040000024,0.190625
10.1042000024,0.175
10.1044000024,0.159375
10.1046000024,0.190625
10.1048000024,0.175
10.1050000024,0.190625
10.1052000024,0.175
10.1054000024,0.175
10.1056000024,0.175
10.1058000024,0.190625
10.1060000024,0.175
10.1062000024,0.175
10.1064000024,0.175
10.1066000024,0.175
10.1068000024,0.20625
10.1070000024,0.190625
10.1072000024,0.190625
10.1074000024,0.190625
10.1076000024,0.175
10.1078000024,0.190625
10.1080000024,0.175
10.1082000024,0.190625
10.1084000024,0.190625
10.1086000024,0.175
10.1088000024,0.175
10.1090000024,0.190625
10.1092000024,0.20625
10.1094000024,0.190625
10.1096000024,0.190625
10.1098000024,0.190625
10.1100000024,0.190625
10.1102000024,0.190625
10.1104000024,0.190625
10.1106000024,0.190625
10.1108000024,0.190625
10.1110000024,0.190625
10.1112000024,0.190625
10.1114000024,0.190625
10.1116000024,0.190625
10.1118000024,0.175
10.1120000024,0.175
10.1122000024,0.190625
10.1124000024,0.190625
10.1126000024,0.190625
10.1128000024,0.190625
10.1130000024,0.175
10.1132000024,0.190625
10.1134000024,0.20625
10.1136000024,0.175
10.1138000024,0.190625
10.1140000024,0.190625
10.1142000024,0.190625
10.1144000024,0.190625
10.1146000024,0.190625
10.1148000024,0.190625
10.1150000024,0.190625
10.1152000024,0.190625
10.1154000024,0.20625
10.1156000024,0.190625
10.1158000024,0.190625
10.1160000024,0.190625
10.1162000024,0.20625
10.1164000024,0.20625
10.1166000024,0.190625
10.1168000024,0.20625
10.1170000024,0.190625
10.1172000024,0.190625
10.1174000024,0.20625
10.1176000024,0.190625
10.1178000024,0.190625
10.1180000024,0.20625
10.1182000024,0.190625
10.1184000024,0.190625
10.1186000024,0.20625
10.1188000024,0.20625
10.1190000024,0.20625
10.1192000024,0.20625
10.1194000024,0.20625
10.1196000024,0.221875
10.1198000024,0.20625
10.1200000024,0.20625
10.1202000024,0.20625
10.1204000024,0.20625
10.1206000024,0.20625
10.1208000024,0.20625
10.1210000024,0.20625
10.1212000024,0.20625
10.1214000024,0.221875
10.1216000024,0.20625
10.1218000024,0.20625
10.1220000024,0.221875
10.1222000024,0.20625
10.1224000024,0.190625
10.1226000024,0.20625
10.1228000024,0.221875
10.1230000024,0.190625
10.1232000024,0.20625
10.1234000024,0.190625
10.1236000024,0.221875
10.1238000024,0.20625
10.1240000024,0.20625
10.1242000024,0.221875
10.1244000024,0.20625
10.1246000024,0.221875
10.1248000024,0.20625
10.1250000024,0.221875
10.1252000024,0.20625
10.1254000024,0.20625
10.1256000024,0.221875
10.1258000024,0.20625
10.1260000024,0.20625
10.1262000024,0.20625
10.1264000024,0.221875
10.1266000024,0.20625
10.1268000024,0.20625
10.1270000024,0.190625
10.1272000024,0.20625
10.1274000024,0.221875
10.1276000024,0.20625
10.1278000024,0.190625
10.1280000024,0.221875
10.1282000024,0.221875
10.1284000024,0.20625
10.1286000024,0.221875
10.1288000024,0.20625
10.1290000024,0.221875
10.1292000024,0.20625
10.1294000024,0.221875
10.1296000024,0.2375
10.1298000024,0.20625
10.1300000024,0.221875
10.1302000024,0.2375
10.1304000024,0.221875
10.1306000024,0.20625
10.1308000024,0.20625
10.1310000024,0.20625
10.1312000024,0.221875
10.1314000024,0.221875
10.1316000024,0.20625
10.1318000024,0.20625
10.1320000024,0.20625
10.1322000024,0.20625
10.1324000024,0.20625
10.1326000024,0.20625
10.1328000024,0.221875
10.1330000024,0.20625
10.1332000024,0.221875
10.1334000024,0.221875
10.1336000024,0.20625
10.1338000024,0.20625
10.1340000024,0.20625
10.1342000024,0.221875
10.1344000024,0.221875
10.1346000024,0.2375
10.1348000024,0.20625
10.1350000024,0.20625
10.1352000024,0.221875
10.1354000024,0.221875
10.1356000024,0.20625
10.1358000024,0.221875
10.1360000024,0.221875
10.1362000024,0.20625
10.1364000024,0.221875
10.1366000024,0.2375
10.1368000024,0.221875
10.1370000024,0.221875
10.1372000024,0.221875
10.1374000024,0.221875
10.1376000024,0.2375
10.1378000024,0.221875
10.1380000024,0.2375
10.1382000024,0.2375
10.1384000024,0.20625
10.1386000024,0.221875
10.1388000024,0.221875
10.1390000024,0.221875
10.1392000024,0.221875
10.1394000024,0.2375
10.1396000024,0.2375
10.1398000024,0.221875
10.1400000024,0.221875
10.1402000024,0.221875
10.1404000024,0.20625
10.1406000024,0.221875
10.1408000024,0.221875
10.1410000024,0.221875
10.1412000024,0.20625
10.1414000024,0.2375
10.1416000024,0.221875
10.1418000024,0.221875
10.1420000024,0.221875
10.1422000024,0.2375
10.1424000024,0.2375
10.1426000024,0.221875
10.1428000024,0.221875
10.1430000024,0.221875
10.1432000024,0.221875
10.1434000024,0.2375
10.1436000024,0.221875
10.1438000024,0.2375
10.1440000024,0.221875
10.1442000024,0.2375
10.1444000024,0.221875
10.1446000024,0.221875
10.1448000024,0.221875
10.1450000024,0.221875
10.1452000024,0.221875
10.1454000024,0.221875
10.1456000024,0.221875
10.1458000024,0.2375
10.1460000024,0.2375
10.1462000024,0.221875
10.1464000024,0.2375
10.1466000024,0.221875
10.1468000024,0.2375
10.1470000024,0.221875
10.1472000024,0.221875
10.1474000024,0.2375
10.1476000024,0.2375
10.1478000024,0.2375
10.1480000024,0.2375
10.1482000024,0.2375
10.1484000024,0.253125
10.1486000024,0.2375
10.1488000024,0.2375
10.1490000024,0.221875
10.1492000024,0.2375
10.1494000024,0.2375
10.1496000024,0.2375
10.1498000024,0.2375
10.1500000024,0.2375
10.1502000024,0.221875
10.1504000024,0.2375
10.1506000024,0.2375
10.1508000024,0.221875
10.1510000024,0.2375
10.1512000024,0.2375
10.1514000024,0.2375
10.1516000024,0.2375
10.1518000024,0.221875
10.1520000024,0.2375
10.1522000024,0.221875
10.1524000024,0.2375
10.1526000024,0.2375
10.1528000024,0.253125
10.1530000024,0.253125
10.1532000024,0.2375
10.1534000024,0.2375
10.1536000024,0.2375
10.1538000024,0.2375
10.1540000024,0.253125
10.1542000024,0.2375
10.1544000024,0.2375
10.1546000024,0.2375
10.1548000024,0.2375
10.1550000024,0.2375
10.1552000024,0.2375
10.1554000024,0.2375
10.1556000024,0.2375
10.1558000024,0.2375
10.1560000024,0.2375
10.1562000024,0.2375
10.1564000024,0.2375
10.1566000024,0.2375
10.1568000024,0.253125
10.1570000024,0.2375
10.1572000024,0.2375
10.1574000024,0.2375
10.1576000024,0.2375
10.1578000024,0.2375
10.1580000024,0.2375
10.1582000024,0.2375
10.1584000024,0.2375
10.1586000024,0.2375
10.1588000024,0.2375
10.1590000024,0.221875
10.1592000024,0.26875
10.1594000024,0.2375
10.1596000024,0.2375
10.1598000024,0.2375
10.1600000024,0.2375
10.1602000024,0.2375
10.1604000024,0.2375
10.1606000024,0.253125
10.1608000024,0.2375
10.1610000024,0.2375
10.1612000024,0.253125
10.1614000024,0.253125
10.1616000024,0.2375
10.1618000024,0.2375
10.1620000024,0.253125
10.1622000024,0.2375
10.1624000024,0.253125
10.1626000024,0.253125
10.1628000024,0.2375
10.1630000024,0.2375
10.1632000024,0.221875
10.1634000024,0.253125
10.1636000024,0.2375
10.1638000024,0.253125
10.1640000024,0.253125
10.1642000024,0.2375
10.1644000024,0.2375
10.1646000024,0.253125
10.1648000024,0.253125
10.1650000024,0.2375
10.1652000024,0.253125
10.1654000024,0.253125
10.1656000024,0.2375
10.1658000024,0.253125
10.1660000024,0.2375
10.1662000024,0.253125
10.1664000024,0.253125
10.1666000024,0.2375
10.1668000024,0.253125
10.1670000024,0.2375
10.1672000024,0.26875
10.1674000024,0.2375
10.1676000024,0.26875
10.1678000024,0.253125
10.1680000024,0.253125
10.1682000024,0.253125
10.1684000024,0.253125
10.1686000024,0.2375
10.1688000024,0.253125
10.1690000024,0.253125
10.1692000024,0.253125
10.1694000024,0.253125
10.1696000024,0.253125
10.1698000024,0.253125
10.1700000024,0.2375
10.1702000024,0.253125
10.1704000024,0.26875
10.1706000024,0.253125
10.1708000024,0.2375
10.1710000024,0.26875
10.1712000024,0.253125
10.1714000024,0.253125
10.1716000024,0.253125
10.1718000024,0.253125
10.1720000024,0.253125
10.1722000024,0.2375
10.1724000024,0.253125
10.1726000024,0.253125
10.1728000024,0.253125
10.1730000024,0.253125
10.1732000024,0.253125
10.1734000024,0.253125
10.1736000024,0.26875
10.1738000024,0.253125
10.1740000024,0.26875
10.1742000024,0.253125
10.1744000024,0.26875
10.1746000024,0.26875
10.1748000024,0.253125
10.1750000024,0.253125
10.1752000024,0.26875
10.1754000024,0.26875
10.1756000024,0.253125
10.1758000024,0.26875
10.1760000024,0.253125
10.1762000024,0.253125
10.1764000024,0.253125
10.1766000024,0.253125
10.1768000024,0.26875
10.1770000024,0.26875
10.1772000024,0.26875
10.1774000024,0.26875
10.1776000024,0.26875
10.1778000024,0.26875
10.1780000024,0.26875
10.1782000024,0.26875
10.1784000024,0.253125
10.1786000024,0.26875
10.1788000024,0.26875
10.1790000024,0.26875
10.1792000024,0.26875
10.1794000024,0.26875
10.1796000024,0.253125
10.1798000024,0.26875
10.1800000024,0.26875
10.1802000024,0.253125
10.1804000024,0.253125
10.1806000024,0.26875
10.1808000024,0.26875
10.1810000024,0.26875
10.1812000024,0.26875
10.1814000024,0.26875
10.1816000024,0.26875
10.1818000024,0.26875
10.1820000024,0.26875
10.1822000024,0.253125
10.1824000024,0.26875
10.1826000024,0.26875
10.1828000024,0.26875
10.1830000024,0.253125
10.1832000024,0.26875
10.1834000024,0.26875
10.1836000024,0.26875
10.1838000024,0.253125
10.1840000024,0.26875
10.1842000024,0.284375
10.1844000024,0.284375
10.1846000024,0.26875
10.1848000024,0.26875
10.1850000024,0.26875
10.1852000024,0.26875
10.1854000024,0.26875
10.1856000024,0.26875
10.1858000024,0.26875
10.1860000024,0.284375
10.1862000024,0.26875
10.1864000024,0.26875
10.1866000024,0.26875
10.1868000024,0.26875
10.1870000024,0.284375
10.1872000024,0.26875
10.1874000024,0.284375
10.1876000024,0.26875
10.1878000024,0.284375
10.1880000024,0.284375
10.1882000024,0.253125
10.1884000024,0.284375
10.1886000024,0.284375
10.1888000024,0.284375
10.1890000024,0.284375
10.1892000024,0.3
10.1894000024,0.26875
10.1896000024,0.26875
10.1898000024,0.26875
10.1900000024,0.284375
10.1902000024,0.26875
10.1904000024,0.284375
10.1906000024,0.26875
10.1908000024,0.3
10.1910000024,0.26875
10.1912000024,0.3
10.1914000024,0.284375
10.1916000024,0.284375
10.1918000024,0.284375
10.1920000024,0.284375
10.1922000024,0.26875
10.1924000024,0.284375
10.1926000024,0.284375
10.1928000024,0.26875
10.1930000024,0.284375
10.1932000024,0.3
10.1934000024,0.284375
10.1936000024,0.284375
10.1938000024,0.284375
10.1940000024,0.284375
10.1942000024,0.3
10.1944000024,0.3
10.1946000024,0.284375
10.1948000024,0.26875
10.1950000024,0.3
10.1952000024,0.284375
10.1954000024,0.284375
10.1956000024,0.3
10.1958000024,0.284375
10.1960000024,0.284375
10.1962000024,0.284375
10.1964000024,0.3
10.1966000024,0.284375
10.1968000024,0.3
10.1970000024,0.284375
10.1972000024,0.3
10.1974000024,0.3
10.1976000024,0.3
10.1978000024,0.26875
10.1980000024,0.284375
10.1982000024,0.3
10.1984000024,0.284375
10.1986000024,0.3
10.1988000024,0.3
10.1990000024,0.3
10.1992000024,0.284375
10.1994000024,0.284375
10.1996000024,0.315625
10.1998000024,0.284375
10.2000000024,0.3
10.2002000024,0.3
10.2004000024,0.3
10.2006000024,0.315625
10.2008000024,0.3
10.2010000024,0.315625
10.2012000024,0.315625
10.2014000024,0.315625
10.2016000024,0.315625
10.2018000024,0.3
10.2020000024,0.3
10.2022000024,0.315625
10.2024000024,0.3
10.2026000024,0.315625
10.2028000024,0.3
10.2030000024,0.284375
10.2032000024,0.315625
10.2034000024,0.315625
10.2036000024,0.315625
10.2038000024,0.315625
10.2040000024,0.315625
10.2042000024,0.315625
10.2044000024,0.315625
10.2046000024,0.315625
10.2048000024,0.315625
10.2050000024,0.315625
10.2052000024,0.315625
10.2054000024,0.315625
10.2056000024,0.315625
10.2058000024,0.315625
10.2060000024,0.315625
10.2062000024,0.3
10.2064000024,0.3
10.2066000024,0.315625
10.2068000024,0.315625
10.2070000024,0.315625
10.2072000024,0.315625
10.2074000024,0.315625
10.2076000024,0.315625
10.2078000024,0.315625
10.2080000024,0.315625
10.2082000024,0.315625
10.2084000024,0.315625
10.2086000024,0.315625
10.2088000024,0.33125
10.2090000024,0.33125
10.2092000024,0.315625
10.2094000024,0.315625
10.2096000024,0.315625
10.2098000024,0.315625
10.2100000024,0.315625
10.2102000024,0.315625
10.2104000024,0.33125
10.2106000024,0.346875
10.2108000024,0.315625
10.2110000024,0.346875
10.2112000024,0.33125
10.2114000024,0.33125
10.2116000024,0.33125
10.2118000024,0.346875
10.2120000024,0.346875
10.2122000024,0.33125
10.2124000024,0.315625
10.2126000024,0.33125
10.2128000024,0.315625
10.2130000024,0.33125
10.2132000024,0.315625
10.2134000024,0.315625
10.2136000024,0.33125
10.2138000024,0.33125
10.2140000024,0.33125
10.2142000024,0.346875
10.2144000024,0.33125
10.2146000024,0.33125
10.2148000024,0.33125
10.2150000024,0.346875
10.2152000024,0.346875
10.2154000024,0.346875
10.2156000024,0.346875
10.2158000024,0.346875
10.2160000024,0.346875
10.2162000024,0.346875
10.2164000024,0.346875
10.2166000024,0.346875
10.2168000024,0.346875
10.2170000024,0.33125
10.2172000024,0.346875
10.2174000024,0.346875
10.2176000024,0.33125
10.2178000024,0.346875
10.2180000024,0.346875
10.2182000024,0.33125
10.2184000024,0.33125
10.2186000024,0.3625
10.2188000024,0.346875
10.2190000024,0.346875
10.2192000024,0.346875
10.2194000024,0.346875
10.2196000024,0.346875
10.2198000024,0.346875
10.2200000024,0.3625
10.2202000024,0.346875
10.2204000024,0.346875
10.2206000024,0.3625
10.2208000024,0.3625
10.2210000024,0.346875
10.2212000024,0.3625
10.2214000024,0.3625
10.2216000024,0.3625
10.2218000024,0.3625
10.2220000024,0.3625
10.2222000024,0.3625
10.2224000024,0.3625
10.2226000024,0.346875
10.2228000024,0.346875
10.2230000024,0.3625
10.2232000024,0.3625
10.2234000024,0.378125
10.2236000024,0.3625
10.2238000024,0.3625
10.2240000024,0.378125
10.2242000024,0.378125
10.2244000024,0.3625
10.2246000024,0.3625
10.2248000024,0.3625
10.2250000024,0.3625
10.2252000024,0.378125
10.2254000024,0.378125
10.2256000024,0.378125
10.2258000024,0.3625
10.2260000024,0.3625
10.2262000024,0.3625
10.2264000024,0.378125
10.2266000024,0.3625
10.2268000024,0.378125
10.2270000024,0.3625
10.2272000024,0.378125
10.2274000024,0.378125
10.2276000024,0.378125
10.2278000024,0.378125
10.2280000024,0.39375
10.2282000024,0.409375
10.2284000024,0.3625
10.2286000024,0.39375
10.2288000024,0.378125
10.2290000024,0.39375
10.2292000024,0.409375
10.2294000024,0.39375
10.2296000024,0.39375
10.2298000024,0.378125
10.2300000024,0.39375
10.2302000024,0.39375
10.2304000024,0.378125
10.2306000024,0.39375
10.2308000024,0.39375
10.2310000024,0.39375
10.2312000024,0.409375
10.2314000024,0.378125
10.2316000024,0.39375
10.2318000024,0.409375
10.2320000024,0.409375
10.2322000024,0.39375
10.2324000024,0.409375
10.2326000024,0.409375
10.2328000024,0.409375
10.2330000024,0.39375
10.2332000024,0.409375
10.2334000024,0.409375
10.2336000024,0.39375
10.2338000024,0.409375
10.2340000024,0.409375
10.2342000024,0.39375
10.2344000024,0.409375
10.2346000024,0.409375
10.2348000024,0.425
10.2350000024,0.425
10.2352000024,0.409375
10.2354000024,0.409375
10.2356000024,0.409375
10.2358000024,0.409375
10.2360000024,0.409375
10.2362000024,0.425
10.2364000024,0.409375
10.2366000024,0.425
10.2368000024,0.409375
10.2370000024,0.409375
10.2372000024,0.409375
10.2374000024,0.409375
10.2376000024,0.425
10.2378000024,0.409375
10.2380000024,0.409375
10.2382000024,0.409375
10.2384000024,0.425
10.2386000024,0.425
10.2388000024,0.425
10.2390000024,0.425
10.2392000024,0.425
10.2394000024,0.425
10.2396000024,0.440625
10.2398000024,0.425
10.2400000024,0.425
10.2402000024,0.440625
10.2404000024,0.440625
10.2406000024,0.425
10.2408000024,0.440625
10.2410000024,0.425
10.2412000024,0.425
10.2414000024,0.425
10.2416000024,0.440625
10.2418000024,0.425
10.2420000024,0.425
10.2422000024,0.425
10.2424000024,0.425
10.2426000024,0.440625
10.2428000024,0.440625
10.2430000024,0.425
10.2432000024,0.45625
10.2434000024,0.440625
10.2436000024,0.440625
10.2438000024,0.440625
10.2440000024,0.440625
10.2442000024,0.45625
10.2444000024,0.425
10.2446000024,0.45625
10.2448000024,0.45625
10.2450000024,0.440625
10.2452000024,0.440625
10.2454000024,0.45625
10.2456000024,0.45625
10.2458000024,0.45625
10.2460000024,0.45625
10.2462000024,0.440625
10.2464000024,0.45625
10.2466000024,0.440625
10.2468000024,0.45625
10.2470000024,0.440625
10.2472000024,0.45625
10.2474000024,0.471875
10.2476000024,0.45625
10.2478000024,0.45625
10.2480000024,0.45625
10.2482000024,0.471875
10.2484000024,0.45625
10.2486000024,0.45625
10.2488000024,0.471875
10.2490000024,0.45625
10.2492000024,0.471875
10.2494000024,0.471875
10.2496000024,0.471875
10.2498000024,0.471875
10.2500000024,0.471875
10.2502000024,0.471875
10.2504000024,0.471875
10.2506000024,0.471875
10.2508000024,0.471875
10.2510000024,0.471875
10.2512000024,0.471875
10.2514000024,0.4875
10.2516000024,0.471875
10.2518000024,0.45625
10.2520000024,0.471875
10.2522000024,0.4875
10.2524000024,0.4875
10.2526000024,0.471875
10.2528000024,0.471875
10.2530000024,0.4875
10.2532000024,0.471875
10.2534000024,0.4875
10.2536000024,0.471875
10.2538000024,0.4875
10.2540000024,0.503125
10.2542000024,0.471875
10.2544000024,0.4875
10.2546000024,0.4875
10.2548000024,0.4875
10.2550000024,0.4875
10.2552000024,0.4875
10.2554000024,0.4875
10.2556000024,0.471875
10.2558000024,0.4875
10.2560000024,0.4875
10.2562000024,0.503125
10.2564000024,0.503125
10.2566000024,0.4875
10.2568000024,0.4875
10.2570000024,0.471875
10.2572000024,0.4875
10.2574000024,0.4875
10.2576000024,0.503125
10.2578000024,0.503125
10.2580000024,0.503125
10.2582000024,0.503125
10.2584000024,0.503125
10.2586000024,0.4875
10.2588000024,0.4875
10.2590000024,0.503125
10.2592000024,0.503125
10.2594000024,0.503125
10.2596000024,0.503125
10.2598000024,0.503125
10.2600000024,0.4875
10.2602000024,0.503125
10.2604000024,0.51875
10.2606000024,0.51875
10.2608000024,0.503125
10.2610000024,0.503125
10.2612000024,0.503125
10.2614000024,0.51875
10.2616000024,0.51875
10.2618000024,0.51875
10.2620000024,0.51875
10.2622000024,0.51875
10.2624000024,0.51875
10.2626000024,0.51875
10.2628000024,0.51875
10.2630000024,0.503125
10.2632000024,0.51875
10.2634000024,0.503125
10.2636000024,0.503125
10.2638000024,0.534375
10.2640000024,0.51875
10.2642000024,0.51875
10.2644000024,0.534375
10.2646000024,0.534375
10.2648000024,0.534375
10.2650000024,0.51875
10.2652000024,0.51875
10.2654000024,0.51875
10.2656000024,0.51875
10.2658000024,0.51875
10.2660000024,0.51875
10.2662000024,0.51875
10.2664000024,0.51875
10.2666000024,0.534375
10.2668000024,0.503125
10.2670000024,0.51875
10.2672000024,0.534375
10.2674000024,0.534375
10.2676000024,0.534375
10.2678000024,0.534375
10.2680000024,0.534375
10.2682000024,0.534375
10.2684000024,0.534375
10.2686000024,0.534375
10.2688000024,0.534375
10.2690000024,0.534375
10.2692000024,0.534375
10.2694000024,0.55
10.2696000024,0.55
10.2698000024,0.55
10.2700000024,0.534375
10.2702000024,0.55
10.2704000024,0.534375
10.2706000024,0.55
10.2708000024,0.534375
10.2710000024,0.55
10.2712000024,0.55
10.2714000024,0.565625
10.2716000024,0.55
10.2718000024,0.55
10.2720000024,0.55
10.2722000024,0.565625
10.2724000024,0.55
10.2726000024,0.55
10.2728000024,0.55
10.2730000024,0.55
10.2732000024,0.565625
10.2734000024,0.534375
10.2736000024,0.565625
10.2738000024,0.565625
10.2740000024,0.55
10.2742000024,0.565625
10.2744000024,0.55
10.2746000024,0.565625
10.2748000024,0.565625
10.2750000024,0.55
10.2752000024,0.55
10.2754000024,0.565625
10.2756000024,0.565625
10.2758000024,0.565625
10.2760000024,0.565625
10.2762000024,0.58125
10.2764000024,0.55
10.2766000024,0.55
10.2768000024,0.58125
10.2770000024,0.58125
10.2772000024,0.565625
10.2774000024,0.565625
10.2776000024,0.58125
10.2778000024,0.565625
10.2780000024,0.58125
10.2782000024,0.565625
10.2784000024,0.565625
10.2786000024,0.565625
10.2788000024,0.58125
10.2790000024,0.565625
10.2792000024,0.58125
10.2794000024,0.565625
10.2796000024,0.565625
10.2798000024,0.58125
10.2800000024,0.58125
10.2802000024,0.58125
10.2804000024,0.58125
10.2806000024,0.58125
10.2808000024,0.565625
10.2810000024,0.58125
10.2812000024,0.596875
10.2814000024,0.58125
10.2816000024,0.565625
10.2818000024,0.596875
10.2820000024,0.58125
10.2822000024,0.596875
10.2824000024,0.58125
10.2826000024,0.58125
10.2828000024,0.596875
10.2830000024,0.58125
10.2832000024,0.596875
10.2834000024,0.58125
10.2836000024,0.596875
10.2838000024,0.596875
10.2840000024,0.596875
10.2842000024,0.596875
10.2844000024,0.596875
10.2846000024,0.596875
10.2848000024,0.596875
10.2850000024,0.596875
10.2852000024,0.596875
10.2854000024,0.6125
10.2856000024,0.596875
10.2858000024,0.596875
10.2860000024,0.596875
10.2862000024,0.596875
10.2864000024,0.596875
10.2866000024,0.596875
10.2868000024,0.596875
10.2870000024,0.596875
10.2872000024,0.6125
10.2874000024,0.6125
10.2876000024,0.596875
10.2878000024,0.6125
10.2880000024,0.6125
10.2882000024,0.596875
10.2884000024,0.6125
10.2886000024,0.6125
10.2888000024,0.6125
10.2890000024,0.596875
10.2892000024,0.6125
10.2894000024,0.6125
10.2896000024,0.628125
10.2898000024,0.6125
10.2900000024,0.628125
10.2902000024,0.6125
10.2904000024,0.628125
10.2906000024,0.628125
10.2908000024,0.628125
10.2910000024,0.628125
10.2912000024,0.628125
10.2914000024,0.628125
10.2916000024,0.6125
10.2918000024,0.6125
10.2920000024,0.6125
10.2922000024,0.6125
10.2924000024,0.628125
10.2926000024,0.628125
10.2928000024,0.628125
10.2930000024,0.6125
10.2932000024,0.628125
10.2934000024,0.628125
10.2936000024,0.6125
10.2938000024,0.628125
10.2940000024,0.628125
10.2942000024,0.628125
10.2944000024,0.628125
10.2946000024,0.628125
10.2948000024,0.628125
10.2950000024,0.64375
10.2952000024,0.64375
10.2954000024,0.628125
10.2956000024,0.64375
10.2958000024,0.64375
10.2960000024,0.64375
10.2962000024,0.64375
10.2964000024,0.64375
10.2966000024,0.64375
10.2968000024,0.64375
10.2970000024,0.64375
10.2972000024,0.64375
10.2974000024,0.64375
10.2976000024,0.659375
10.2978000024,0.64375
10.2980000024,0.64375
10.2982000024,0.64375
10.2984000024,0.64375
10.2986000024,0.64375
10.2988000024,0.659375
10.2990000024,0.659375
10.2992000024,0.675
10.2994000024,0.659375
10.2996000024,0.64375
10.2998000024,0.659375
10.3000000024,0.659375
10.3002000024,0.659375
10.3004000024,0.64375
10.3006000024,0.64375
10.3008000024,0.659375
10.3010000024,0.659375
10.3012000024,0.64375
10.3014000024,0.659375
10.3016000024,0.659375
10.3018000024,0.659375
10.3020000024,0.659375
10.3022000024,0.659375
10.3024000024,0.659375
10.3026000024,0.675
10.3028000024,0.675
10.3030000024,0.659375
10.3032000024,0.675
10.3034000024,0.659375
10.3036000024,0.675
10.3038000024,0.659375
10.3040000024,0.690625
10.3042000024,0.675
10.3044000024,0.675
10.3046000024,0.659375
10.3048000024,0.659375
10.3050000024,0.659375
10.3052000024,0.659375
10.3054000024,0.690625
10.3056000024,0.675
10.3058000024,0.690625
10.3060000024,0.659375
10.3062000024,0.659375
10.3064000024,0.690625
10.3066000024,0.675
10.3068000024,0.675
10.3070000024,0.690625
10.3072000024,0.690625
10.3074000024,0.675
10.3076000024,0.690625
10.3078000024,0.675
10.3080000024,0.690625
10.3082000024,0.70625
10.3084000024,0.675
10.3086000024,0.690625
10.3088000024,0.690625
10.3090000024,0.690625
10.3092000024,0.690625
10.3094000024,0.690625
10.3096000024,0.690625
10.3098000024,0.690625
10.3100000024,0.690625
10.3102000024,0.70625
10.3104000024,0.690625
10.3106000024,0.690625
10.3108000024,0.70625
10.3110000024,0.70625
10.3112000024,0.690625
10.3114000024,0.70625
10.3116000024,0.690625
10.3118000024,0.690625
10.3120000024,0.70625
10.3122000024,0.690625
10.3124000024,0.70625
10.3126000024,0.721875
10.3128000024,0.70625
10.3130000024,0.70625
10.3132000024,0.70625
10.3134000024,0.721875
10.3136000024,0.70625
10.3138000024,0.70625
10.3140000024,0.70625
10.3142000024,0.721875
10.3144000024,0.690625
10.3146000024,0.70625
10.3148000024,0.70625
10.3150000024,0.70625
10.3152000024,0.70625
10.3154000024,0.70625
10.3156000024,0.70625
10.3158000024,0.690625
10.3160000024,0.721875
10.3162000024,0.70625
10.3164000024,0.70625
10.3166000024,0.721875
10.3168000024,0.721875
10.3170000024,0.70625
10.3172000024,0.7375
10.3174000024,0.721875
10.3176000024,0.70625
10.3178000024,0.7375
10.3180000024,0.721875
10.3182000024,0.721875
10.3184000024,0.721875
10.3186000024,0.721875
10.3188000024,0.721875
10.3190000024,0.70625
10.3192000024,0.7375
10.3194000024,0.753125
10.3196000024,0.7375
10.3198000024,0.721875
10.3200000024,0.7375
10.3202000024,0.721875
10.3204000024,0.721875
10.3206000024,0.721875
10.3208000024,0.7375
10.3210000024,0.7375
10.3212000024,0.7375
10.3214000024,0.7375
10.3216000024,0.7375
10.3218000024,0.7375
10.3220000024,0.721875
10.3222000024,0.7375
10.3224000024,0.721875
10.3226000024,0.7375
10.3228000024,0.7375
10.3230000024,0.721875
10.3232000024,0.7375
10.3234000024,0.753125
10.3236000024,0.753125
10.3238000024,0.753125
10.3240000024,0.721875
10.3242000024,0.753125
10.3244000024,0.753125
10.3246000024,0.7375
10.3248000024,0.753125
10.3250000024,0.753125
10.3252000024,0.753125
10.3254000024,0.7375
10.3256000024,0.753125
10.3258000024,0.753125
10.3260000024,0.753125
10.3262000024,0.7375
10.3264000024,0.76875
10.3266000024,0.753125
10.3268000024,0.753125
10.3270000024,0.753125
10.3272000024,0.753125
10.3274000024,0.753125
10.3276000024,0.753125
10.3278000024,0.76875
10.3280000024,0.753125
10.3282000024,0.753125
10.3284000024,0.753125
10.3286000024,0.753125
10.3288000024,0.76875
10.3290000024,0.76875
10.3292000024,0.76875
10.3294000024,0.76875
10.3296000024,0.76875
10.3298000024,0.76875
10.3300000024,0.76875
10.3302000024,0.76875
10.3304000024,0.76875
10.3306000024,0.76875
10.3308000024,0.76875
10.3310000024,0.76875
10.3312000024,0.753125
10.3314000024,0.784375
10.3316000024,0.753125
10.3318000024,0.76875
10.3320000024,0.76875
10.3322000024,0.76875
10.3324000024,0.784375
10.3326000024,0.76875
10.3328000024,0.76875
10.3330000024,0.784375
10.3332000024,0.784375
10.3334000024,0.784375
10.3336000024,0.784375
10.3338000024,0.8
10.3340000024,0.76875
10.3342000024,0.784375
10.3344000024,0.784375
10.3346000024,0.76875
10.3348000024,0.784375
10.3350000024,0.784375
10.3352000024,0.784375
10.3354000024,0.784375
10.3356000024,0.784375
10.3358000024,0.784375
10.3360000024,0.784375
10.3362000024,0.784375
10.3364000024,0.784375
10.3366000024,0.784375
10.3368000024,0.784375
10.3370000024,0.8
10.3372000024,0.784375
10.3374000024,0.784375
10.3376000024,0.8
10.3378000024,0.784375
10.3380000024,0.8
10.3382000024,0.8
10.3384000024,0.8
10.3386000024,0.784375
10.3388000024,0.815625
10.3390000024,0.784375
10.3392000024,0.8
10.3394000024,0.8
10.3396000024,0.8
10.3398000024,0.8
10.3400000024,0.8
10.3402000024,0.815625
10.3404000024,0.815625
10.3406000024,0.8
10.3408000024,0.815625
10.3410000024,0.8
10.3412000024,0.8
10.3414000024,0.815625
10.3416000024,0.815625
10.3418000024,0.815625
10.3420000024,0.815625
10.3422000024,0.815625
10.3424000024,0.815625
10.3426000024,0.8
10.3428000024,0.8
10.3430000024,0.83125
10.3432000024,0.815625
10.3434000024,0.8
10.3436000024,0.815625
10.3438000024,0.83125
10.3440000024,0.815625
10.3442000024,0.83125
10.3444000024,0.83125
10.3446000024,0.83125
10.3448000024,0.815625
10.3450000024,0.83125
10.3452000024,0.815625
10.3454000024,0.83125
10.3456000024,0.83125
10.3458000024,0.815625
10.3460000024,0.815625
10.3462000024,0.83125
10.3464000024,0.815625
10.3466000024,0.815625
10.3468000024,0.83125
10.3470000024,0.83125
10.3472000024,0.846875
10.3474000024,0.83125
10.3476000024,0.83125
10.3478000024,0.83125
10.3480000024,0.846875
10.3482000024,0.8625
10.3484000024,0.8625
10.3486000024,0.8625
10.3488000024,0.846875
10.3490000024,0.846875
10.3492000024,0.846875
10.3494000024,0.8625
10.3496000024,0.8625
10.3498000024,0.846875
10.3500000024,0.8625
10.3502000024,0.8625
10.3504000024,0.846875
10.3506000024,0.846875
10.3508000024,0.8625
10.3510000024,0.878125
10.3512000024,0.8625
10.3514000024,0.878125
10.3516000024,0.878125
10.3518000024,0.846875
10.3520000024,0.8625
10.3522000024,0.8625
10.3524000024,0.878125
10.3526000024,0.878125
10.3528000024,0.8625
10.3530000024,0.8625
10.3532000024,0.878125
10.3534000024,0.8625
10.3536000024,0.878125
10.3538000024,0.878125
10.3540000024,0.878125
10.3542000024,0.89375
10.3544000024,0.8625
10.3546000024,0.878125
10.3548000024,0.89375
10.3550000024,0.909375
10.3552000024,0.89375
10.3554000024,0.8625
10.3556000024,0.878125
10.3558000024,0.89375
10.3560000024,0.89375
10.3562000024,0.89375
10.3564000024,0.878125
10.3566000024,0.89375
10.3568000024,0.909375
10.3570000024,0.909375
10.3572000024,0.909375
10.3574000024,0.89375
10.3576000024,0.909375
10.3578000024,0.89375
10.3580000024,0.909375
10.3582000024,0.909375
10.3584000024,0.909375
10.3586000024,0.909375
10.3588000024,0.925
10.3590000024,0.909375
10.3592000024,0.925
10.3594000024,0.925
10.3596000024,0.925
10.3598000024,0.940625
10.3600000024,0.940625
10.3602000024,0.909375
10.3604000024,0.925
10.3606000024,0.925
10.3608000024,0.940625
10.3610000024,0.940625
10.3612000024,0.925
10.3614000024,0.940625
10.3616000024,0.940625
10.3618000024,0.925
10.3620000024,0.925
10.3622000024,0.940625
10.3624000024,0.95625
10.3626000024,0.95625
10.3628000024,0.940625
10.3630000024,0.925
10.3632000024,0.940625
10.3634000024,0.95625
10.3636000024,0.95625
10.3638000024,0.95625
10.3640000024,0.95625
10.3642000024,0.95625
10.3644000024,0.971875
10.3646000024,0.971875
10.3648000024,0.95625
10.3650000024,0.971875
10.3652000024,0.971875
10.3654000024,0.971875
10.3656000024,0.971875
10.3658000024,0.971875
10.3660000024,0.971875
10.3662000024,0.971875
10.3664000024,0.971875
10.3666000024,0.971875
10.3668000024,0.9875
10.3670000024,0.95625
10.3672000024,0.971875
10.3674000024,0.9875
10.3676000024,0.971875
10.3678000024,0.9875
10.3680000024,0.971875
10.3682000024,1.00312
10.3684000024,0.9875
10.3686000024,0.9875
10.3688000024,0.9875
10.3690000024,0.9875
10.3692000024,1.00312
10.3694000024,1.00312
10.3696000024,1.00312
10.3698000024,1.00312
10.3700000024,1.00312
10.3702000024,1.00312
10.3704000024,1.00312
10.3706000024,1.00312
10.3708000024,1.01875
10.3710000024,1.01875
10.3712000024,1.00312
10.3714000024,1.01875
10.3716000024,1.01875
10.3718000024,1.03437
10.3720000024,1.01875
10.3722000024,1.03437
10.3724000024,1.03437
10.3726000024,1.03437
10.3728000024,1.03437
10.3730000024,1.03437
10.3732000024,1.03437
10.3734000024,1.03437
10.3736000024,1.03437
10.3738000024,1.01875
10.3740000024,1.05
10.3742000024,1.03437
10.3744000024,1.03437
10.3746000024,1.05
10.3748000024,1.05
10.3750000024,1.05
10.3752000024,1.05
10.3754000024,1.05
10.3756000024,1.05
10.3758000024,1.05
10.3760000024,1.06562
10.3762000024,1.08125
10.3764000024,1.06562
10.3766000024,1.08125
10.3768000024,1.06562
10.3770000024,1.08125
10.3772000024,1.08125
10.3774000024,1.06562
10.3776000024,1.08125
10.3778000024,1.06562
10.3780000024,1.08125
10.3782000024,1.08125
10.3784000024,1.08125
10.3786000024,1.08125
10.3788000024,1.09687
10.3790000024,1.09687
10.3792000024,1.1125
10.3794000024,1.09687
10.3796000024,1.09687
10.3798000024,1.1125
10.3800000024,1.1125
10.3802000024,1.09687
10.3804000024,1.09687
10.3806000024,1.1125
10.3808000024,1.1125
10.3810000024,1.1125
10.3812000024,1.1125
10.3814000024,1.1125
10.3816000024,1.1125
10.3818000024,1.12812
10.3820000024,1.14375
10.3822000024,1.1125
10.3824000024,1.12812
10.3826000024,1.12812
10.3828000024,1.12812
10.3830000024,1.14375
10.3832000024,1.1125
10.3834000024,1.14375
10.3836000024,1.14375
10.3838000024,1.14375
10.3840000024,1.14375
10.3842000024,1.14375
10.3844000024,1.14375
10.3846000024,1.15937
10.3848000024,1.15937
10.3850000024,1.14375
10.3852000024,1.14375
10.3854000024,1.15937
10.3856000024,1.175
10.3858000024,1.15937
10.3860000024,1.14375
10.3862000024,1.14375
10.3864000024,1.14375
10.3866000024,1.15937
10.3868000024,1.15937
10.3870000024,1.14375
10.3872000024,1.15937
10.3874000024,1.175
10.3876000024,1.175
10.3878000024,1.15937
10.3880000024,1.175
10.3882000024,1.175
10.3884000024,1.175
10.3886000024,1.175
10.3888000024,1.19062
10.3890000024,1.19062
10.3892000024,1.20625
10.3894000024,1.19062
10.3896000024,1.19062
10.3898000024,1.20625
10.3900000024,1.20625
10.3902000024,1.20625
10.3904000024,1.20625
10.3906000024,1.20625
10.3908000024,1.20625
10.3910000024,1.22187
10.3912000024,1.22187
10.3914000024,1.2375
10.3916000024,1.22187
10.3918000024,1.22187
10.3920000024,1.22187
10.3922000024,1.2375
10.3924000024,1.2375
10.3926000024,1.22187
10.3928000024,1.22187
10.3930000024,1.2375
10.3932000024,1.22187
10.3934000024,1.2375
10.3936000024,1.22187
10.3938000024,1.20625
10.3940000024,1.20625
10.3942000024,1.2375
10.3944000024,1.2375
10.3946000024,1.2375
10.3948000024,1.2375
10.3950000024,1.2375
10.3952000024,1.25312
10.3954000024,1.25312
10.3956000024,1.26875
10.3958000024,1.2375
10.3960000024,1.25312
10.3962000024,1.26875
10.3964000024,1.26875
10.3966000024,1.26875
10.3968000024,1.25312
10.3970000024,1.25312
10.3972000024,1.26875
10.3974000024,1.26875
10.3976000024,1.26875
10.3978000024,1.26875
10.3980000024,1.26875
10.3982000024,1.25312
10.3984000024,1.25312
10.3986000024,1.26875
10.3988000024,1.28437
10.3990000024,1.26875
10.3992000024,1.28437
10.3994000024,1.28437
10.3996000024,1.3
10.3998000024,1.28437
10.4000000024,1.3
10.4002000024,1.28437
10.4004000024,1.3
10.4006000024,1.3
10.4008000024,1.31562
10.4010000024,1.3
10.4012000024,1.31562
10.4014000024,1.3
10.4016000024,1.3
10.4018000024,1.3
10.4020000024,1.31562
10.4022000024,1.31562
10.4024000024,1.31562
10.4026000024,1.3
10.4028000024,1.33125
10.4030000024,1.31562
10.4032000024,1.31562
10.4034000024,1.31562
10.4036000024,1.33125
10.4038000024,1.33125
10.4040000024,1.31562
10.4042000024,1.31562
10.4044000024,1.34687
10.4046000024,1.33125
10.4048000024,1.33125
10.4050000024,1.33125
10.4052000024,1.33125
10.4054000024,1.34687
10.4056000024,1.33125
10.4058000024,1.3625
10.4060000024,1.33125
10.4062000024,1.33125
10.4064000024,1.33125
10.4066000024,1.33125
10.4068000024,1.34687
10.4070000024,1.3625
10.4072000024,1.34687
10.4074000024,1.34687
10.4076000024,1.34687
10.4078000024,1.34687
10.4080000024,1.34687
10.4082000024,1.3625
10.4084000024,1.33125
10.4086000024,1.34687
10.4088000024,1.3625
10.4090000024,1.34687
10.4092000024,1.3625
10.4094000024,1.34687
10.4096000024,1.3625
10.4098000024,1.3625
10.4100000024,1.37812
10.4102000024,1.3625
10.4104000024,1.3625
10.4106000024,1.3625
10.4108000024,1.3625
10.4110000024,1.3625
10.4112000024,1.37812
10.4114000024,1.37812
10.4116000024,1.37812
10.4118000024,1.37812
10.4120000024,1.37812
10.4122000024,1.3625
10.4124000024,1.39375
10.4126000024,1.37812
10.4128000024,1.37812
10.4130000024,1.37812
10.4132000024,1.37812
10.4134000024,1.37812
10.4136000024,1.37812
10.4138000024,1.37812
10.4140000024,1.37812
10.4142000024,1.37812
10.4144000024,1.37812
10.4146000024,1.37812
10.4148000024,1.39375
10.4150000024,1.39375
10.4152000024,1.37812
10.4154000024,1.39375
10.4156000024,1.39375
10.4158000024,1.39375
10.4160000024,1.39375
10.4162000024,1.39375
10.4164000024,1.37812
10.4166000024,1.39375
10.4168000024,1.37812
10.4170000024,1.40937
10.4172000024,1.37812
10.4174000024,1.37812
10.4176000024,1.37812
10.4178000024,1.39375
10.4180000024,1.37812
10.4182000024,1.39375
10.4184000024,1.40937
10.4186000024,1.37812
10.4188000024,1.40937
10.4190000024,1.39375
10.4192000024,1.40937
10.4194000024,1.39375
10.4196000024,1.39375
10.4198000024,1.39375
10.4200000024,1.39375
10.4202000024,1.40937
10.4204000024,1.40937
10.4206000024,1.39375
10.4208000024,1.37812
10.4210000024,1.37812
10.4212000024,1.37812
10.4214000024,1.40937
10.4216000024,1.39375
10.4218000024,1.40937
10.4220000024,1.37812
10.4222000024,1.40937
10.4224000024,1.39375
10.4226000024,1.39375
10.4228000024,1.39375
10.4230000024,1.39375
10.4232000024,1.39375
10.4234000024,1.39375
10.4236000024,1.39375
10.4238000024,1.39375
10.4240000024,1.39375
10.4242000024,1.39375
10.4244000024,1.37812
10.4246000024,1.39375
10.4248000024,1.37812
10.4250000024,1.39375
10.4252000024,1.39375
10.4254000024,1.37812
10.4256000024,1.39375
10.4258000024,1.37812
10.4260000024,1.39375
10.4262000024,1.39375
10.4264000024,1.37812
10.4266000024,1.39375
10.4268000024,1.37812
10.4270000024,1.37812
10.4272000024,1.37812
10.4274000024,1.39375
10.4276000024,1.37812
10.4278000024,1.37812
10.4280000024,1.37812
10.4282000024,1.39375
10.4284000024,1.37812
10.4286000024,1.37812
10.4288000024,1.3625
10.4290000024,1.3625
10.4292000024,1.37812
10.4294000024,1.3625
10.4296000024,1.3625
10.4298000024,1.37812
10.4300000024,1.3625
10.4302000024,1.37812
10.4304000024,1.3625
10.4306000024,1.3625
10.4308000024,1.3625
10.4310000024,1.34687
10.4312000024,1.3625
10.4314000024,1.34687
10.4316000024,1.37812
10.4318000024,1.34687
10.4320000024,1.34687
10.4322000024,1.3625
10.4324000024,1.34687
10.4326000024,1.34687
10.4328000024,1.3625
10.4330000024,1.34687
10.4332000024,1.34687
10.4334000024,1.34687
10.4336000024,1.3625
10.4338000024,1.3625
10.4340000024,1.3625
10.4342000024,1.34687
10.4344000024,1.34687
10.4346000024,1.34687
10.4348000024,1.34687
10.4350000024,1.33125
10.4352000024,1.33125
10.4354000024,1.3625
10.4356000024,1.33125
10.4358000024,1.31562
10.4360000024,1.33125
10.4362000024,1.33125
10.4364000024,1.33125
10.4366000024,1.31562
10.4368000024,1.33125
10.4370000024,1.31562
10.4372000024,1.33125
10.4374000024,1.31562
10.4376000024,1.31562
10.4378000024,1.33125
10.4380000024,1.31562
10.4382000024,1.31562
10.4384000024,1.33125
10.4386000024,1.31562
10.4388000024,1.28437
10.4390000024,1.31562
10.4392000024,1.31562
10.4394000024,1.3
10.4396000024,1.31562
10.4398000024,1.3
10.4400000024,1.28437
10.4402000024,1.31562
10.4404000024,1.28437
10.4406000024,1.3
10.4408000024,1.28437
10.4410000024,1.3
10.4412000024,1.28437
10.4414000024,1.26875
10.4416000024,1.28437
10.4418000024,1.3
10.4420000024,1.3
10.4422000024,1.28437
10.4424000024,1.28437
10.4426000024,1.25312
10.4428000024,1.28437
10.4430000024,1.25312
10.4432000024,1.25312
10.4434000024,1.25312
10.4436000024,1.26875
10.4438000024,1.26875
10.4440000024,1.25312
10.4442000024,1.28437
10.4444000024,1.26875
10.4446000024,1.25312
10.4448000024,1.2375
10.4450000024,1.2375
10.4452000024,1.26875
10.4454000024,1.25312
10.4456000024,1.26875
10.4458000024,1.26875
10.4460000024,1.26875
10.4462000024,1.25312
10.4464000024,1.2375
10.4466000024,1.25312
10.4468000024,1.2375
10.4470000024,1.2375
10.4472000024,1.2375
10.4474000024,1.22187
10.4476000024,1.22187
10.4478000024,1.20625
10.4480000024,1.22187
10.4482000024,1.22187
10.4484000024,1.22187
10.4486000024,1.22187
10.4488000024,1.20625
10.4490000024,1.20625
10.4492000024,1.22187
10.4494000024,1.20625
10.4496000024,1.19062
10.4498000024,1.20625
10.4500000024,1.19062
10.4502000024,1.19062
10.4504000024,1.19062
10.4506000024,1.19062
10.4508000024,1.175
10.4510000024,1.19062
10.4512000024,1.175
10.4514000024,1.19062
10.4516000024,1.15937
10.4518000024,1.15937
10.4520000024,1.175
10.4522000024,1.15937
10.4524000024,1.15937
10.4526000024,1.15937
10.4528000024,1.15937
10.4530000024,1.15937
10.4532000024,1.14375
10.4534000024,1.15937
10.4536000024,1.15937
10.4538000024,1.14375
10.4540000024,1.14375
10.4542000024,1.12812
10.4544000024,1.12812
10.4546000024,1.12812
10.4548000024,1.12812
10.4550000024,1.12812
10.4552000024,1.14375
10.4554000024,1.12812
10.4556000024,1.1125
10.4558000024,1.12812
10.4560000024,1.09687
10.4562000024,1.09687
10.4564000024,1.09687
10.4566000024,1.09687
10.4568000024,1.08125
10.4570000024,1.09687
10.4572000024,1.09687
10.4574000024,1.08125
10.4576000024,1.09687
10.4578000024,1.09687
10.4580000024,1.08125
10.4582000024,1.08125
10.4584000024,1.08125
10.4586000024,1.08125
10.4588000024,1.08125
10.4590000024,1.06562
10.4592000024,1.06562
10.4594000024,1.06562
10.4596000024,1.06562
10.4598000024,1.06562
10.4600000024,1.06562
10.4602000024,1.05
10.4604000024,1.05
10.4606000024,1.06562
10.4608000024,1.03437
10.4610000024,1.05
10.4612000024,1.05
10.4614000024,1.03437
10.4616000024,1.01875
10.4618000024,1.03437
10.4620000024,1.01875
10.4622000024,1.01875
10.4624000024,1.00312
10.4626000024,1.00312
10.4628000024,1.01875
10.4630000024,0.9875
10.4632000024,0.9875
10.4634000024,0.971875
10.4636000024,0.971875
10.4638000024,0.9875
10.4640000024,0.971875
10.4642000024,0.971875
10.4644000024,0.971875
10.4646000024,0.9875
10.4648000024,0.9875
10.4650000024,0.9875
10.4652000024,0.971875
10.4654000024,0.971875
10.4656000024,0.95625
10.4658000024,0.971875
10.4660000024,0.971875
10.4662000024,0.9875
10.4664000024,0.95625
10.4666000024,0.95625
10.4668000024,0.925
10.4670000024,0.940625
10.4672000024,0.940625
10.4674000024,0.940625
10.4676000024,0.925
10.4678000024,0.925
10.4680000024,0.909375
10.4682000024,0.909375
10.4684000024,0.909375
10.4686000024,0.909375
10.4688000024,0.909375
10.4690000024,0.89375
10.4692000024,0.925
10.4694000024,0.925
10.4696000024,0.89375
10.4698000024,0.89375
10.4700000024,0.89375
10.4702000024,0.89375
10.4704000024,0.878125
10.4706000024,0.878125
10.4708000024,0.878125
10.4710000024,0.8625
10.4712000024,0.8625
10.4714000024,0.8625
10.4716000024,0.8625
10.4718000024,0.8625
10.4720000024,0.83125
10.4722000024,0.846875
10.4724000024,0.83125
10.4726000024,0.83125
10.4728000024,0.815625
10.4730000024,0.8
10.4732000024,0.83125
10.4734000024,0.815625
10.4736000024,0.83125
10.4738000024,0.815625
10.4740000024,0.815625
10.4742000024,0.8
10.4744000024,0.8
10.4746000024,0.8
10.4748000024,0.8
10.4750000024,0.784375
10.4752000024,0.784375
10.4754000024,0.784375
10.4756000024,0.784375
10.4758000024,0.753125
10.4760000024,0.7375
10.4762000024,0.753125
10.4764000024,0.7375
10.4766000024,0.76875
10.4768000024,0.76875
10.4770000024,0.7375
10.4772000024,0.753125
10.4774000024,0.7375
10.4776000024,0.721875
10.4778000024,0.7375
10.4780000024,0.721875
10.4782000024,0.70625
10.4784000024,0.721875
10.4786000024,0.70625
10.4788000024,0.721875
10.4790000024,0.70625
10.4792000024,0.690625
10.4794000024,0.690625
10.4796000024,0.70625
10.4798000024,0.70625
10.4800000024,0.70625
10.4802000024,0.690625
10.4804000024,0.690625
10.4806000024,0.675
10.4808000024,0.690625
10.4810000024,0.675
10.4812000024,0.675
10.4814000024,0.659375
10.4816000024,0.659375
10.4818000024,0.659375
10.4820000024,0.659375
10.4822000024,0.659375
10.4824000024,0.64375
10.4826000024,0.64375
10.4828000024,0.64375
10.4830000024,0.64375
10.4832000024,0.628125
10.4834000024,0.628125
10.4836000024,0.6125
10.4838000024,0.6125
10.4840000024,0.596875
10.4842000024,0.6125
10.4844000024,0.596875
10.4846000024,0.6125
10.4848000024,0.6125
10.4850000024,0.596875
10.4852000024,0.596875
10.4854000024,0.596875
10.4856000024,0.596875
10.4858000024,0.596875
10.4860000024,0.596875
10.4862000024,0.6125
10.4864000024,0.565625
10.4866000024,0.565625
10.4868000024,0.58125
10.4870000024,0.58125
10.4872000024,0.55
10.4874000024,0.565625
10.4876000024,0.55
10.4878000024,0.55
10.4880000024,0.55
10.4882000024,0.565625
10.4884000024,0.534375
10.4886000024,0.534375
10.4888000024,0.51875
10.4890000024,0.534375
10.4892000024,0.534375
10.4894000024,0.534375
10.4896000024,0.51875
10.4898000024,0.534375
10.4900000024,0.534375
10.4902000024,0.51875
10.4904000024,0.534375
10.4906000024,0.51875
10.4908000024,0.51875
10.4910000024,0.51875
10.4912000024,0.503125
10.4914000024,0.503125
10.4916000024,0.503125
10.4918000024,0.4875
10.4920000024,0.471875
10.4922000024,0.4875
10.4924000024,0.4875
10.4926000024,0.4875
10.4928000024,0.471875
10.4930000024,0.471875
10.4932000024,0.471875
10.4934000024,0.471875
10.4936000024,0.471875
10.4938000024,0.45625
10.4940000024,0.471875
10.4942000024,0.471875
10.4944000024,0.471875
10.4946000024,0.440625
10.4948000024,0.471875
10.4950000024,0.45625
10.4952000024,0.45625
10.4954000024,0.45625
10.4956000024,0.440625
10.4958000024,0.45625
10.4960000024,0.440625
10.4962000024,0.425
10.4964000024,0.440625
10.4966000024,0.425
10.4968000024,0.409375
10.4970000024,0.425
10.4972000024,0.409375
10.4974000024,0.425
10.4976000024,0.425
10.4978000024,0.409375
10.4980000024,0.378125
10.4982000024,0.39375
10.4984000024,0.39375
10.4986000024,0.409375
10.4988000024,0.39375
10.4990000024,0.39375
10.4992000024,0.39375
10.4994000024,0.39375
10.4996000024,0.409375
10.4998000024,0.378125
10.5000000024,0.378125
10.5002000024,0.39375
10.5004000024,0.378125
10.5006000024,0.39375
10.5008000024,0.378125
10.5010000024,0.378125
10.5012000024,0.39375
10.5014000024,0.378125
10.5016000024,0.39375
10.5018000024,0.378125
10.5020000024,0.3625
10.5022000024,0.3625
10.5024000024,0.3625
10.5026000024,0.3625
10.5028000024,0.3625
10.5030000024,0.346875
10.5032000024,0.3625
10.5034000024,0.346875
10.5036000024,0.346875
10.5038000024,0.346875
10.5040000024,0.346875
10.5042000024,0.346875
10.5044000024,0.33125
10.5046000024,0.33125
10.5048000024,0.33125
10.5050000024,0.346875
10.5052000024,0.346875
10.5054000024,0.33125
10.5056000024,0.33125
10.5058000024,0.346875
10.5060000024,0.346875
10.5062000024,0.33125
10.5064000024,0.315625
10.5066000024,0.33125
10.5068000024,0.315625
10.5070000024,0.315625
10.5072000024,0.315625
10.5074000024,0.315625
10.5076000024,0.315625
10.5078000024,0.3
10.5080000024,0.3
10.5082000024,0.3
10.5084000024,0.3
10.5086000024,0.3
10.5088000024,0.3
10.5090000024,0.3
10.5092000024,0.3
10.5094000024,0.3
10.5096000024,0.284375
10.5098000024,0.284375
10.5100000024,0.284375
10.5102000024,0.3
10.5104000024,0.284375
10.5106000024,0.284375
10.5108000024,0.26875
10.5110000024,0.284375
10.5112000024,0.284375
10.5114000024,0.284375
10.5116000024,0.284375
10.5118000024,0.26875
10.5120000024,0.26875
10.5122000024,0.26875
10.5124000024,0.26875
10.5126000024,0.253125
10.5128000024,0.253125
10.5130000024,0.26875
10.5132000024,0.26875
10.5134000024,0.253125
10.5136000024,0.2375
10.5138000024,0.253125
10.5140000024,0.253125
10.5142000024,0.2375
10.5144000024,0.253125
10.5146000024,0.253125
10.5148000024,0.253125
10.5150000024,0.253125
10.5152000024,0.253125
10.5154000024,0.26875
10.5156000024,0.253125
10.5158000024,0.2375
10.5160000024,0.2375
10.5162000024,0.2375
10.5164000024,0.253125
10.5166000024,0.221875
10.5168000024,0.2375
10.5170000024,0.2375
10.5172000024,0.221875
10.5174000024,0.2375
10.5176000024,0.2375
10.5178000024,0.2375
10.5180000024,0.221875
10.5182000024,0.221875
10.5184000024,0.221875
10.5186000024,0.221875
10.5188000024,0.221875
10.5190000024,0.221875
10.5192000024,0.2375
10.5194000024,0.20625
10.5196000024,0.221875
10.5198000024,0.20625
10.5200000024,0.221875
10.5202000024,0.20625
10.5204000024,0.20625
10.5206000024,0.20625
10.5208000024,0.221875
10.5210000024,0.221875
10.5212000024,0.20625
10.5214000024,0.20625
10.5216000024,0.20625
10.5218000024,0.190625
10.5220000024,0.221875
10.5222000024,0.20625
10.5224000024,0.20625
10.5226000024,0.20625
10.5228000024,0.20625
10.5230000024,0.190625
10.5232000024,0.190625
10.5234000024,0.20625
10.5236000024,0.190625
10.5238000024,0.190625
10.5240000024,0.190625
10.5242000024,0.190625
10.5244000024,0.190625
10.5246000024,0.190625
10.5248000024,0.190625
10.5250000024,0.20625
10.5252000024,0.190625
10.5254000024,0.190625
10.5256000024,0.20625
10.5258000024,0.175
10.5260000024,0.175
10.5262000024,0.175
10.5264000024,0.175
10.5266000024,0.175
10.5268000024,0.190625
10.5270000024,0.175
10.5272000024,0.175
10.5274000024,0.175
10.5276000024,0.175
10.5278000024,0.190625
10.5280000024,0.175
10.5282000024,0.175
10.5284000024,0.175
10.5286000024,0.175
10.5288000024,0.159375
10.5290000024,0.159375
10.5292000024,0.175
10.5294000024,0.159375
10.5296000024,0.175
10.5298000024,0.14375
10.5300000024,0.159375
10.5302000024,0.159375
10.5304000024,0.175
10.5306000024,0.175
10.5308000024,0.159375
10.5310000024,0.159375
10.5312000024,0.159375
10.5314000024,0.159375
10.5316000024,0.159375
10.5318000024,0.14375
10.5320000024,0.159375
10.5322000024,0.159375
10.5324000024,0.159375
10.5326000024,0.14375
10.5328000024,0.14375
10.5330000024,0.159375
10.5332000024,0.14375
10.5334000024,0.14375
10.5336000024,0.159375
10.5338000024,0.14375
10.5340000024,0.159375
10.5342000024,0.159375
10.5344000024,0.159375
10.5346000024,0.14375
10.5348000024,0.14375
10.5350000024,0.14375
10.5352000024,0.128125
10.5354000024,0.159375
10.5356000024,0.14375
10.5358000024,0.14375
10.5360000024,0.14375
10.5362000024,0.14375
10.5364000024,0.14375
10.5366000024,0.128125
10.5368000024,0.14375
10.5370000024,0.128125
10.5372000024,0.128125
10.5374000024,0.14375
10.5376000024,0.14375
10.5378000024,0.128125
10.5380000024,0.1125
10.5382000024,0.128125
10.5384000024,0.14375
10.5386000024,0.128125
10.5388000024,0.128125
10.5390000024,0.128125
10.5392000024,0.128125
10.5394000024,0.128125
10.5396000024,0.128125
10.5398000024,0.128125
10.5400000024,0.128125
10.5402000024,0.128125
10.5404000024,0.128125
10.5406000024,0.128125
10.5408000024,0.1125
10.5410000024,0.1125
10.5412000024,0.128125
10.5414000024,0.1125
10.5416000024,0.1125
10.5418000024,0.14375
10.5420000024,0.1125
10.5422000024,0.1125
10.5424000024,0.1125
10.5426000024,0.128125
10.5428000024,0.128125
10.5430000024,0.128125
10.5432000024,0.128125
10.5434000024,0.096875
10.5436000024,0.1125
10.5438000024,0.1125
10.5440000024,0.1125
10.5442000024,0.1125
10.5444000024,0.096875
10.5446000024,0.1125
10.5448000024,0.1125
10.5450000024,0.1125
10.5452000024,0.1125
10.5454000024,0.096875
10.5456000024,0.1125
10.5458000024,0.1125
10.5460000024,0.096875
10.5462000024,0.096875
10.5464000024,0.096875
10.5466000024,0.096875
10.5468000024,0.096875
10.5470000024,0.096875
10.5472000024,0.096875
10.5474000024,0.096875
10.5476000024,0.096875
10.5478000024,0.08125
10.5480000024,0.08125
10.5482000024,0.096875
10.5484000024,0.096875
10.5486000024,0.096875
10.5488000024,0.096875
10.5490000024,0.096875
10.5492000024,0.096875
10.5494000024,0.096875
10.5496000024,0.08125
10.5498000024,0.096875
10.5500000024,0.08125
10.5502000024,0.096875
10.5504000024,0.096875
10.5506000024,0.08125
10.5508000024,0.08125
10.5510000024,0.096875
10.5512000024,0.08125
10.5514000024,0.096875
10.5516000024,0.096875
10.5518000024,0.096875
10.5520000024,0.096875
10.5522000024,0.065625
10.5524000024,0.08125
10.5526000024,0.08125
10.5528000024,0.08125
10.5530000024,0.08125
10.5532000024,0.08125
10.5534000024,0.065625
10.5536000024,0.08125
10.5538000024,0.096875
10.5540000024,0.08125
10.5542000024,0.08125
10.5544000024,0.096875
10.5546000024,0.08125
10.5548000024,0.08125
10.5550000024,0.08125
10.5552000024,0.065625
10.5554000024,0.065625
10.5556000024,0.08125
10.5558000024,0.05
10.5560000024,0.08125
10.5562000024,0.065625
10.5564000024,0.08125
10.5566000024,0.08125
10.5568000024,0.08125
10.5570000024,0.08125
10.5572000024,0.065625
10.5574000024,0.096875
10.5576000024,0.08125
10.5578000024,0.08125
10.5580000024,0.065625
10.5582000024,0.08125
10.5584000024,0.08125
10.5586000024,0.08125
10.5588000024,0.065625
10.5590000024,0.08125
10.5592000024,0.08125
10.5594000024,0.065625
10.5596000024,0.065625
10.5598000024,0.08125
10.5600000024,0.065625
10.5602000024,0.065625
10.5604000024,0.065625
10.5606000024,0.08125
10.5608000024,0.065625
10.5610000024,0.065625
10.5612000024,0.065625
10.5614000024,0.065625
10.5616000024,0.05
10.5618000024,0.065625
10.5620000024,0.065625
10.5622000024,0.065625
10.5624000024,0.08125
10.5626000024,0.065625
10.5628000024,0.065625
10.5630000024,0.065625
10.5632000024,0.05
10.5634000024,0.065625
10.5636000024,0.065625
10.5638000024,0.065625
10.5640000024,0.05
10.5642000024,0.065625
10.5644000024,0.05
10.5646000024,0.065625
10.5648000024,0.034375
10.5650000024,0.05
10.5652000024,0.05
10.5654000024,0.065625
10.5656000024,0.05
10.5658000024,0.065625
10.5660000024,0.065625
10.5662000024,0.05
10.5664000024,0.05
10.5666000024,0.05
10.5668000024,0.065625
10.5670000024,0.065625
10.5672000024,0.05
10.5674000024,0.05
10.5676000024,0.065625
10.5678000024,0.05
10.5680000024,0.065625
10.5682000024,0.065625
10.5684000024,0.034375
10.5686000024,0.05
10.5688000024,0.065625
10.5690000024,0.034375
10.5692000024,0.034375
10.5694000024,0.05
10.5696000024,0.034375
10.5698000024,0.05
10.5700000024,0.05
10.5702000024,0.05
10.5704000024,0.05
10.5706000024,0.05
10.5708000024,0.034375
10.5710000024,0.05
10.5712000024,0.05
10.5714000024,0.05
10.5716000024,0.05
10.5718000024,0.05
10.5720000024,0.05
10.5722000024,0.05
10.5724000024,0.05
10.5726000024,0.05
10.5728000024,0.065625
10.5730000024,0.05
10.5732000024,0.034375
10.5734000024,0.065625
10.5736000024,0.05
10.5738000024,0.05
10.5740000024,0.05
10.5742000024,0.034375
10.5744000024,0.034375
10.5746000024,0.034375
10.5748000024,0.034375
10.5750000024,0.034375
10.5752000024,0.05
10.5754000024,0.034375
10.5756000024,0.034375
10.5758000024,0.05
10.5760000024,0.05
10.5762000024,0.034375
10.5764000024,0.034375
10.5766000024,0.034375
10.5768000024,0.05
10.5770000024,0.034375
10.5772000024,0.05
10.5774000024,0.05
10.5776000024,0.01875
10.5778000024,0.05
10.5780000024,0.034375
10.5782000024,0.034375
10.5784000024,0.05
10.5786000024,0.05
10.5788000024,0.05
10.5790000024,0.034375
10.5792000024,0.034375
10.5794000024,0.034375
10.5796000024,0.01875
10.5798000024,0.034375
10.5800000024,0.034375
10.5802000024,0.034375
10.5804000024,0.034375
10.5806000024,0.01875
10.5808000024,0.034375
10.5810000024,0.034375
10.5812000024,0.01875
10.5814000024,0.034375
10.5816000024,0.034375
10.5818000024,0.034375
10.5820000024,0.034375
10.5822000024,0.01875
10.5824000024,0.034375
10.5826000024,0.01875
10.5828000024,0.034375
10.5830000024,0.01875
10.5832000024,0.034375
10.5834000024,0.01875
10.5836000024,0.01875
10.5838000024,0.01875
10.5840000024,0.034375
10.5842000024,0.01875
10.5844000024,0.034375
10.5846000024,0.01875
10.5848000024,0.034375
10.5850000024,0.034375
10.5852000024,0.01875
10.5854000024,0.01875
10.5856000024,0.034375
10.5858000024,0.00312495
10.5860000024,0.034375
10.5862000024,0.01875
10.5864000024,0.01875
10.5866000024,0.00312495
10.5868000024,0.034375
10.5870000024,0.034375
10.5872000024,0.01875
10.5874000024,0.01875
10.5876000024,0.01875
10.5878000024,0.034375
10.5880000024,0.034375
10.5882000024,0.034375
10.5884000024,0.00312495
10.5886000024,0.01875
10.5888000024,0.00312495
10.5890000024,0.01875
10.5892000024,0.01875
10.5894000024,0.01875
10.5896000024,0.00312495
10.5898000024,0.01875
10.5900000024,0.01875
10.5902000024,0.01875
10.5904000024,0.01875
10.5906000024,0.01875
10.5908000024,0.01875
10.5910000024,0.034375
10.5912000024,0.01875
10.5914000024,0.01875
10.5916000024,0.01875
10.5918000024,0.00312495
10.5920000024,0.034375
10.5922000024,0.01875
10.5924000024,0.00312495
10.5926000024,0.034375
10.5928000024,0.01875
10.5930000024,0.00312495
10.5932000024,0.01875
10.5934000024,0.01875
10.5936000024,0.01875
10.5938000024,0.01875
10.5940000024,0.01875
10.5942000024,0.034375
10.5944000024,0.01875
10.5946000024,0.01875
10.5948000024,0.00312495
10.5950000024,0.01875
10.5952000024,0.01875
10.5954000024,0.00312495
10.5956000024,0.01875
10.5958000024,0.01875
10.5960000024,0.00312495
10.5962000024,0.01875
10.5964000024,0.00312495
10.5966000024,0.01875
10.5968000024,0.01875
10.5970000024,0.01875
10.5972000024,0.01875
10.5974000024,0.01875
10.5976000024,0.00312495
10.5978000024,0.00312495
10.5980000024,0.01875
10.5982000024,0.01875
10.5984000024,-0.0125
10.5986000024,0.01875
10.5988000024,0.01875
10.5990000024,0.00312495
10.5992000024,0.00312495
10.5994000024,0.00312495
10.5996000024,0.01875
10.5998000024,0.00312495
10.6000000024,0.01875
10.6002000024,0.00312495
10.6004000024,0.00312495
10.6006000024,0.01875
10.6008000024,0.00312495
10.6010000024,0.00312495
10.6012000024,0.01875
10.6014000024,0.01875
10.6016000024,0.00312495
10.6018000024,0.00312495
10.6020000024,0.00312495
10.6022000024,0.00312495
10.6024000024,0.00312495
10.6026000024,0.00312495
10.6028000024,0.00312495
10.6030000024,0.00312495
10.6032000024,0.00312495
10.6034000024,0.00312495
10.6036000024,0.01875
10.6038000024,0.00312495
10.6040000024,0.00312495
10.6042000024,0.00312495
10.6044000024,0.00312495
10.6046000024,0.00312495
10.6048000024,-0.0125
10.6050000024,0.00312495
10.6052000024,0.00312495
10.6054000024,0.01875
10.6056000024,0.00312495
10.6058000024,0.00312495
10.6060000024,-0.0125
10.6062000024,0.00312495
10.6064000024,0.00312495
10.6066000024,0.00312495
10.6068000024,0.00312495
10.6070000024,-0.0125
10.6072000024,-0.0125
10.6074000024,0.00312495
10.6076000024,0.00312495
10.6078000024,0.00312495
10.6080000024,0.00312495
10.6082000024,0.01875
10.6084000024,-0.0125
10.6086000024,0.00312495
10.6088000024,0.00312495
10.6090000024,-0.0125
10.6092000024,-0.0125
10.6094000024,0.00312495
10.6096000024,-0.0125
10.6098000024,0.00312495
10.6100000024,0.00312495
10.6102000024,-0.0125
10.6104000024,-0.0125
10.6106000024,-0.0125
10.6108000024,0.00312495
10.6110000024,0.01875
10.6112000024,0.00312495
10.6114000024,-0.0125
10.6116000024,0.00312495
10.6118000024,-0.0125
10.6120000024,-0.0125
10.6122000024,-0.0125
10.6124000024,0.00312495
10.6126000024,-0.0125
10.6128000024,0.00312495
10.6130000024,0.00312495
10.6132000024,0.00312495
10.6134000024,-0.0125
10.6136000024,0.00312495
10.6138000024,0.00312495
10.6140000024,-0.0125
10.6142000024,0.00312495
10.6144000024,0.00312495
10.6146000024,0.00312495
10.6148000024,-0.0125
10.6150000024,-0.0125
10.6152000024,0.00312495
10.6154000024,-0.0125
10.6156000024,0.00312495
10.6158000024,-0.0125
10.6160000024,-0.0125
10.6162000024,0.00312495
10.6164000024,-0.0125
10.6166000024,-0.0125
10.6168000024,0.00312495
10.6170000024,0.00312495
10.6172000024,0.00312495
10.6174000024,-0.0125
10.6176000024,-0.0125
10.6178000024,0.00312495
10.6180000024,0.00312495
10.6182000024,0.00312495
10.6184000024,0.00312495
10.6186000024,-0.0125
10.6188000024,0.00312495
10.6190000024,-0.0125
10.6192000024,0.00312495
10.6194000024,-0.0125
10.6196000024,-0.0125
10.6198000024,-0.0125
10.6200000024,-0.0125
10.6202000024,0.00312495
10.6204000024,-0.0125
10.6206000024,-0.028125
10.6208000024,-0.0125
10.6210000024,-0.0125
10.6212000024,0.00312495
10.6214000024,-0.0125
10.6216000024,-0.0125
10.6218000024,-0.0125
10.6220000024,-0.0125
10.6222000024,-0.0125
10.6224000024,-0.0125
10.6226000024,-0.0125
10.6228000024,0.00312495
10.6230000024,-0.0125
10.6232000024,-0.0125
10.6234000024,-0.0125
10.6236000024,-0.028125
10.6238000024,-0.0125
10.6240000024,0.00312495
10.6242000024,0.00312495
10.6244000024,0.00312495
10.6246000024,-0.0125
10.6248000024,0.00312495
10.6250000024,-0.0125
10.6252000024,-0.0125
10.6254000024,-0.0125
10.6256000024,-0.0125
10.6258000024,-0.0125
10.6260000024,-0.0125
10.6262000024,-0.0125
10.6264000024,-0.0125
10.6266000024,0.01875
10.6268000024,0.00312495
10.6270000024,0.00312495
10.6272000024,-0.0125
10.6274000024,0.00312495
10.6276000024,0.00312495
10.6278000024,0.00312495
10.6280000024,-0.0125
10.6282000024,-0.0125
10.6284000024,-0.0125
10.6286000024,-0.0125
10.6288000024,-0.0125
10.6290000024,0.00312495
10.6292000024,-0.0125
10.6294000024,0.00312495
10.6296000024,-0.028125
10.6298000024,-0.0125
10.6300000024,-0.0125
10.6302000024,-0.0125
10.6304000024,-0.028125
10.6306000024,-0.028125
10.6308000024,-0.028125
10.6310000024,-0.0125
10.6312000024,-0.0125
10.6314000024,-0.0125
10.6316000024,-0.0125
10.6318000024,-0.0125
10.6320000024,-0.0125
10.6322000024,-0.0125
10.6324000024,-0.0125
10.6326000024,-0.0125
10.6328000024,0.00312495
10.6330000024,-0.0125
10.6332000024,-0.0125
10.6334000024,-0.0125
10.6336000024,-0.0125
10.6338000024,-0.028125
10.6340000024,-0.028125
10.6342000024,-0.028125
10.6344000024,-0.0125
10.6346000024,-0.0125
10.6348000024,-0.028125
10.6350000024,0.00312495
10.6352000024,-0.028125
10.6354000024,-0.028125
10.6356000024,-0.028125
10.6358000024,-0.028125
10.6360000024,-0.028125
10.6362000024,-0.028125
10.6364000024,0.00312495
10.6366000024,-0.0125
10.6368000024,-0.0125
10.6370000024,-0.04375
10.6372000024,-0.028125
10.6374000024,-0.028125
10.6376000024,-0.0125
10.6378000024,-0.0125
10.6380000024,-0.0125
10.6382000024,-0.0125
10.6384000024,-0.028125
10.6386000024,-0.0125
10.6388000024,-0.0125
10.6390000024,-0.028125
10.6392000024,-0.0125
10.6394000024,-0.028125
10.6396000024,-0.028125
10.6398000024,-0.028125
10.6400000024,0.00312495
10.6402000024,-0.028125
10.6404000024,-0.028125
10.6406000024,-0.028125
10.6408000024,-0.0125
10.6410000024,0.00312495
10.6412000024,-0.028125
10.6414000024,-0.0125
10.6416000024,-0.028125
10.6418000024,-0.0125
10.6420000024,-0.0125
10.6422000024,-0.028125
10.6424000024,-0.028125
10.6426000024,-0.028125
10.6428000024,-0.0125
10.6430000024,-0.0125
10.6432000024,-0.028125
10.6434000024,-0.028125
10.6436000024,-0.028125
10.6438000024,-0.0125
10.6440000024,-0.0125
10.6442000024,-0.028125
10.6444000024,-0.0125
10.6446000024,-0.028125
10.6448000024,0.00312495
10.6450000024,-0.028125
10.6452000024,-0.028125
10.6454000024,-0.028125
10.6456000024,-0.028125
10.6458000024,-0.0125
10.6460000024,-0.0125
10.6462000024,-0.028125
10.6464000024,-0.0125
10.6466000024,-0.0125
10.6468000024,-0.028125
10.6470000024,-0.0125
10.6472000024,-0.028125
10.6474000024,-0.0125
10.6476000024,-0.028125
10.6478000024,-0.0125
10.6480000024,-0.0125
10.6482000024,-0.028125
10.6484000024,-0.0125
10.6486000024,-0.0125
10.6488000024,-0.028125
10.6490000024,-0.028125
10.6492000024,-0.028125
10.6494000024,-0.04375
10.6496000024,-0.028125
10.6498000024,-0.0125
10.6500000024,-0.0125
10.6502000024,-0.028125
10.6504000024,-0.0125
10.6506000024,-0.028125
10.6508000024,-0.0125
10.6510000024,-0.028125
10.6512000024,-0.0125
10.6514000024,-0.028125
10.6516000024,-0.028125
10.6518000024,-0.028125
10.6520000024,-0.0125
10.6522000024,-0.0125
10.6524000024,-0.0125
10.6526000024,-0.0125
10.6528000024,-0.028125
10.6530000024,-0.028125
10.6532000024,-0.028125
10.6534000024,-0.0125
10.6536000024,-0.0125
10.6538000024,-0.028125
10.6540000024,-0.04375
10.6542000024,-0.028125
10.6544000024,-0.0125
10.6546000024,-0.028125
10.6548000024,-0.028125
10.6550000024,-0.028125
10.6552000024,-0.028125
10.6554000024,-0.0125
10.6556000024,-0.028125
10.6558000024,-0.028125
10.6560000024,-0.0125
10.6562000024,-0.028125
10.6564000024,-0.028125
10.6566000024,-0.0125
10.6568000024,-0.028125
10.6570000024,-0.04375
10.6572000024,-0.028125
10.6574000024,-0.028125
10.6576000024,-0.028125
10.6578000024,-0.028125
10.6580000024,-0.028125
10.6582000024,-0.028125
10.6584000024,-0.028125
10.6586000024,-0.0125
10.6588000024,-0.028125
10.6590000024,-0.028125
10.6592000024,-0.04375
10.6594000024,-0.028125
10.6596000024,-0.028125
10.6598000024,-0.04375
10.6600000024,-0.0125
10.6602000024,-0.04375
10.6604000024,-0.028125
10.6606000024,-0.04375
10.6608000024,-0.028125
10.6610000024,-0.028125
10.6612000024,-0.028125
10.6614000024,-0.0125
10.6616000024,-0.04375
10.6618000024,-0.028125
10.6620000024,-0.04375
10.6622000024,-0.028125
10.6624000024,-0.04375
10.6626000024,-0.04375
10.6628000024,-0.04375
10.6630000024,-0.028125
10.6632000024,-0.028125
10.6634000024,-0.028125
10.6636000024,-0.028125
10.6638000024,-0.04375
10.6640000024,-0.028125
10.6642000024,-0.028125
10.6644000024,-0.0125
10.6646000024,-0.028125
10.6648000024,-0.028125
10.6650000024,-0.028125
10.6652000024,-0.028125
10.6654000024,-0.028125
10.6656000024,-0.028125
10.6658000024,-0.0125
10.6660000024,-0.04375
10.6662000024,-0.04375
10.6664000024,-0.028125
10.6666000024,-0.028125
10.6668000024,-0.028125
10.6670000024,-0.04375
10.6672000024,-0.028125
10.6674000024,-0.028125
10.6676000024,-0.028125
10.6678000024,-0.0125
10.6680000024,-0.04375
10.6682000024,-0.028125
10.6684000024,-0.028125
10.6686000024,-0.028125
10.6688000024,-0.04375
10.6690000024,-0.028125
10.6692000024,-0.028125
10.6694000024,-0.028125
10.6696000024,-0.028125
10.6698000024,-0.028125
10.6700000024,-0.04375
10.6702000024,-0.028125
10.6704000024,-0.04375
10.6706000024,-0.028125
10.6708000024,-0.028125
10.6710000024,-0.028125
10.6712000024,-0.04375
10.6714000024,-0.04375
10.6716000024,-0.028125
10.6718000024,-0.028125
10.6720000024,-0.04375
10.6722000024,-0.028125
10.6724000024,-0.04375
10.6726000024,-0.028125
10.6728000024,-0.028125
10.6730000024,-0.028125
10.6732000024,-0.04375
10.6734000024,-0.04375
10.6736000024,-0.028125
10.6738000024,-0.04375
10.6740000024,-0.028125
10.6742000024,-0.04375
10.6744000024,-0.028125
10.6746000024,-0.04375
10.6748000024,-0.04375
10.6750000024,-0.028125
10.6752000024,-0.028125
10.6754000024,-0.028125
10.6756000024,-0.028125
10.6758000024,-0.028125
10.6760000024,-0.028125
10.6762000024,-0.04375
10.6764000024,-0.028125
10.6766000024,-0.04375
10.6768000024,-0.04375
10.6770000024,-0.04375
10.6772000024,-0.04375
10.6774000024,-0.04375
10.6776000024,-0.028125
10.6778000024,-0.028125
10.6780000024,-0.028125
10.6782000024,-0.028125
10.6784000024,-0.04375
10.6786000024,-0.028125
10.6788000024,-0.028125
10.6790000024,-0.028125
10.6792000024,-0.028125
10.6794000024,-0.028125
10.6796000024,-0.04375
10.6798000024,-0.028125
10.6800000024,-0.04375
10.6802000024,-0.028125
10.6804000024,-0.028125
10.6806000024,-0.04375
10.6808000024,-0.028125
10.6810000024,-0.0125
10.6812000024,-0.028125
10.6814000024,-0.04375
10.6816000024,-0.04375
10.6818000024,-0.028125
10.6820000024,-0.028125
10.6822000024,-0.04375
10.6824000024,-0.04375
10.6826000024,-0.028125
10.6828000024,-0.04375
10.6830000024,-0.028125
10.6832000024,-0.028125
10.6834000024,-0.028125
10.6836000024,-0.028125
10.6838000024,-0.04375
10.6840000024,-0.028125
10.6842000024,-0.028125
10.6844000024,-0.028125
10.6846000024,-0.028125
10.6848000024,-0.059375
10.6850000024,-0.04375
10.6852000024,-0.059375
10.6854000024,-0.028125
10.6856000024,-0.04375
10.6858000024,-0.028125
10.6860000024,-0.04375
10.6862000024,-0.028125
10.6864000024,-0.04375
10.6866000024,-0.028125
10.6868000024,-0.028125
10.6870000024,-0.04375
10.6872000024,-0.04375
10.6874000024,-0.028125
10.6876000024,-0.028125
10.6878000024,-0.028125
10.6880000024,-0.04375
10.6882000024,-0.04375
10.6884000024,-0.028125
10.6886000024,-0.028125
10.6888000024,-0.028125
10.6890000024,-0.028125
10.6892000024,-0.028125
10.6894000024,-0.028125
10.6896000024,-0.04375
10.6898000024,-0.04375
10.6900000024,-0.028125
10.6902000024,-0.028125
10.6904000024,-0.04375
10.6906000024,-0.04375
10.6908000024,-0.04375
10.6910000024,-0.028125
10.6912000024,-0.04375
10.6914000024,-0.04375
10.6916000024,-0.04375
10.6918000024,-0.04375
10.6920000024,-0.04375
10.6922000024,-0.0125
10.6924000024,-0.04375
10.6926000024,-0.04375
10.6928000024,-0.04375
10.6930000024,-0.04375
10.6932000024,-0.028125
10.6934000024,-0.04375
10.6936000024,-0.04375
10.6938000024,-0.04375
10.6940000024,-0.04375
10.6942000024,-0.04375
10.6944000024,-0.04375
10.6946000024,-0.028125
10.6948000024,-0.04375
10.6950000024,-0.04375
10.6952000024,-0.028125
10.6954000024,-0.028125
10.6956000024,-0.04375
10.6958000024,-0.028125
10.6960000024,-0.04375
10.6962000024,-0.059375
10.6964000024,-0.04375
10.6966000024,-0.04375
10.6968000024,-0.04375
10.6970000024,-0.04375
10.6972000024,-0.04375
10.6974000024,-0.028125
10.6976000024,-0.04375
10.6978000024,-0.04375
10.6980000024,-0.04375
10.6982000024,-0.059375
10.6984000024,-0.028125
10.6986000024,-0.04375
10.6988000024,-0.028125
10.6990000024,-0.04375
10.6992000024,-0.04375
10.6994000024,-0.028125
10.6996000024,-0.04375
10.6998000024,-0.04375
10.7000000024,-0.04375
10.7002000024,-0.04375
10.7004000024,-0.04375
10.7006000024,-0.04375
10.7008000024,-0.028125
10.7010000024,-0.04375
10.7012000024,-0.04375
10.7014000024,-0.04375
10.7016000024,-0.028125
10.7018000024,-0.04375
10.7020000024,-0.04375
10.7022000024,-0.04375
10.7024000024,-0.04375
10.7026000024,-0.028125
10.7028000024,-0.059375
10.7030000024,-0.04375
10.7032000024,-0.04375
10.7034000024,-0.028125
10.7036000024,-0.028125
10.7038000024,-0.04375
10.7040000024,-0.04375
10.7042000024,-0.04375
10.7044000024,-0.04375
10.7046000024,-0.04375
10.7048000024,-0.028125
10.7050000024,-0.04375
10.7052000024,-0.059375
10.7054000024,-0.04375
10.7056000024,-0.028125
10.7058000024,-0.04375
10.7060000024,-0.04375
10.7062000024,-0.028125
10.7064000024,-0.04375
10.7066000024,-0.028125
10.7068000024,-0.04375
10.7070000024,-0.04375
10.7072000024,-0.04375
10.7074000024,-0.04375
10.7076000024,-0.04375
10.7078000024,-0.059375
10.7080000024,-0.04375
10.7082000024,-0.04375
10.7084000024,-0.028125
10.7086000024,-0.04375
10.7088000024,-0.028125
10.7090000024,-0.04375
10.7092000024,-0.028125
10.7094000024,-0.028125
10.7096000024,-0.059375
10.7098000024,-0.04375
10.7100000024,-0.04375
10.7102000024,-0.04375
10.7104000024,-0.04375
10.7106000024,-0.04375
10.7108000024,-0.04375
10.7110000024,-0.04375
10.7112000024,-0.04375
10.7114000024,-0.028125
10.7116000024,-0.04375
10.7118000024,-0.04375
10.7120000024,-0.04375
10.7122000024,-0.059375
10.7124000024,-0.04375
10.7126000024,-0.059375
10.7128000024,-0.028125
10.7130000024,-0.04375
10.7132000024,-0.04375
10.7134000024,-0.04375
10.7136000024,-0.04375
10.7138000024,-0.04375
10.7140000024,-0.028125
10.7142000024,-0.04375
10.7144000024,-0.04375
10.7146000024,-0.04375
10.7148000024,-0.04375
10.7150000024,-0.059375
10.7152000024,-0.04375
10.7154000024,-0.04375
10.7156000024,-0.04375
10.7158000024,-0.028125
10.7160000024,-0.059375
10.7162000024,-0.04375
10.7164000024,-0.04375
10.7166000024,-0.04375
10.7168000024,-0.059375
10.7170000024,-0.04375
10.7172000024,-0.04375
10.7174000024,-0.04375
10.7176000024,-0.028125
10.7178000024,-0.04375
10.7180000024,-0.04375
10.7182000024,-0.028125
10.7184000024,-0.04375
10.7186000024,-0.04375
10.7188000024,-0.04375
10.7190000024,-0.059375
10.7192000024,-0.028125
10.7194000024,-0.059375
10.7196000024,-0.028125
10.7198000024,-0.04375
10.7200000024,-0.04375
10.7202000024,-0.04375
10.7204000024,-0.028125
10.7206000024,-0.04375
10.7208000024,-0.04375
10.7210000024,-0.04375
10.7212000024,-0.059375
10.7214000024,-0.04375
10.7216000024,-0.04375
10.7218000024,-0.04375
10.7220000024,-0.04375
10.7222000024,-0.04375
10.7224000024,-0.028125
10.7226000024,-0.04375
10.7228000024,-0.04375
10.7230000024,-0.028125
10.7232000024,-0.04375
10.7234000024,-0.028125
10.7236000024,-0.04375
10.7238000024,-0.028125
10.7240000024,-0.04375
10.7242000024,-0.028125
10.7244000024,-0.028125
10.7246000024,-0.028125
10.7248000024,-0.028125
10.7250000024,-0.04375
10.7252000024,-0.028125
10.7254000024,-0.028125
10.7256000024,-0.04375
10.7258000024,-0.04375
10.7260000024,-0.028125
10.7262000024,-0.04375
10.7264000024,-0.028125
10.7266000024,-0.028125
10.7268000024,-0.028125
10.7270000024,-0.028125
10.7272000024,-0.0125
10.7274000024,-0.028125
10.7276000024,-0.028125
10.7278000024,-0.028125
10.7280000024,-0.028125
10.7282000024,-0.028125
10.7284000024,-0.028125
10.7286000024,-0.0125
10.7288000024,-0.028125
10.7290000024,-0.0125
10.7292000024,-0.0125
10.7294000024,-0.0125
10.7296000024,-0.0125
10.7298000024,-0.028125
10.7300000024,-0.0125
10.7302000024,-0.04375
10.7304000024,-0.028125
10.7306000024,-0.028125
10.7308000024,-0.0125
10.7310000024,-0.0125
10.7312000024,-0.028125
10.7314000024,-0.0125
10.7316000024,-0.028125
10.7318000024,-0.028125
10.7320000024,-0.028125
10.7322000024,0.00312495
10.7324000024,-0.0125
10.7326000024,-0.0125
10.7328000024,-0.028125
10.7330000024,-0.0125
10.7332000024,0.00312495
10.7334000024,0.00312495
10.7336000024,-0.0125
10.7338000024,-0.0125
10.7340000024,-0.0125
10.7342000024,-0.028125
10.7344000024,0.00312495
10.7346000024,-0.0125
10.7348000024,-0.0125
10.7350000024,-0.0125
10.7352000024,0.00312495
10.7354000024,0.00312495
10.7356000024,-0.0125
10.7358000024,0.00312495
10.7360000024,0.00312495
10.7362000024,0.00312495
10.7364000024,0.00312495
10.7366000024,-0.0125
10.7368000024,-0.0125
10.7370000024,0.00312495
10.7372000024,0.00312495
10.7374000024,0.00312495
10.7376000024,0.00312495
10.7378000024,0.00312495
10.7380000024,0.00312495
10.7382000024,0.00312495
10.7384000024,0.00312495
10.7386000024,0.00312495
10.7388000024,0.00312495
10.7390000024,0.01875
10.7392000024,0.00312495
10.7394000024,0.00312495
10.7396000024,0.00312495
10.7398000024,0.01875
10.7400000024,0.00312495
10.7402000024,0.00312495
10.7404000024,0.01875
10.7406000024,0.01875
10.7408000024,0.01875
10.7410000024,0.00312495
10.7412000024,0.034375
10.7414000024,0.01875
10.7416000024,0.00312495
10.7418000024,0.01875
10.7420000024,0.034375
10.7422000024,0.01875
10.7424000024,0.01875
10.7426000024,0.034375
10.7428000024,0.034375
10.7430000024,0.05
10.7432000024,0.034375
10.7434000024,0.05
10.7436000024,0.034375
10.7438000024,0.05
10.7440000024,0.05
10.7442000024,0.05
10.7444000024,0.05
10.7446000024,0.05
10.7448000024,0.05
10.7450000024,0.065625
10.7452000024,0.065625
10.7454000024,0.065625
10.7456000024,0.05
10.7458000024,0.05
10.7460000024,0.065625
10.7462000024,0.065625
10.7464000024,0.065625
10.7466000024,0.065625
10.7468000024,0.08125
10.7470000024,0.08125
10.7472000024,0.08125
10.7474000024,0.08125
10.7476000024,0.08125
10.7478000024,0.1125
10.7480000024,0.08125
10.7482000024,0.096875
10.7484000024,0.096875
10.7486000024,0.096875
10.7488000024,0.096875
10.7490000024,0.1125
10.7492000024,0.1125
10.7494000024,0.128125
10.7496000024,0.128125
10.7498000024,0.14375
10.7500000024,0.128125
10.7502000024,0.1125
10.7504000024,0.1125
10.7506000024,0.159375
10.7508000024,0.159375
10.7510000024,0.128125
10.7512000024,0.128125
10.7514000024,0.159375
10.7516000024,0.175
10.7518000024,0.175
10.7520000024,0.175
10.7522000024,0.175
10.7524000024,0.175
10.7526000024,0.190625
10.7528000024,0.175
10.7530000024,0.20625
10.7532000024,0.20625
10.7534000024,0.221875
10.7536000024,0.20625
10.7538000024,0.253125
10.7540000024,0.2375
10.7542000024,0.2375
10.7544000024,0.253125
10.7546000024,0.253125
10.7548000024,0.253125
10.7550000024,0.284375
10.7552000024,0.26875
10.7554000024,0.3
10.7556000024,0.3
10.7558000024,0.315625
10.7560000024,0.315625
10.7562000024,0.315625
10.7564000024,0.346875
10.7566000024,0.346875
10.7568000024,0.3625
10.7570000024,0.3625
10.7572000024,0.39375
10.7574000024,0.39375
10.7576000024,0.39375
10.7578000024,0.409375
10.7580000024,0.440625
10.7582000024,0.45625
10.7584000024,0.45625
10.7586000024,0.4875
10.7588000024,0.503125
10.7590000024,0.534375
10.7592000024,0.534375
10.7594000024,0.565625
10.7596000024,0.565625
10.7598000024,0.596875
10.7600000024,0.628125
10.7602000024,0.6125
10.7604000024,0.675
10.7606000024,0.675
10.7608000024,0.70625
10.7610000024,0.70625
10.7612000024,0.7375
10.7614000024,0.753125
10.7616000024,0.76875
10.7618000024,0.784375
10.7620000024,0.8
10.7622000024,0.83125
10.7624000024,0.8625
10.7626000024,0.8625
10.7628000024,0.89375
10.7630000024,0.909375
10.7632000024,0.940625
10.7634000024,0.95625
10.7636000024,0.95625
10.7638000024,0.9875
10.7640000024,1.01875
10.7642000024,1.01875
10.7644000024,1.03437
10.7646000024,1.06562
10.7648000024,1.08125
10.7650000024,1.09687
10.7652000024,1.09687
10.7654000024,1.14375
10.7656000024,1.14375
10.7658000024,1.15937
10.7660000024,1.175
10.7662000024,1.20625
10.7664000024,1.20625
10.7666000024,1.22187
10.7668000024,1.2375
10.7670000024,1.25312
10.7672000024,1.25312
10.7674000024,1.26875
10.7676000024,1.26875
10.7678000024,1.3
10.7680000024,1.28437
10.7682000024,1.31562
10.7684000024,1.31562
10.7686000024,1.33125
10.7688000024,1.33125
10.7690000024,1.34687
10.7692000024,1.34687
10.7694000024,1.3625
10.7696000024,1.34687
10.7698000024,1.37812
10.7700000024,1.39375
10.7702000024,1.37812
10.7704000024,1.37812
10.7706000024,1.40937
10.7708000024,1.39375
10.7710000024,1.39375
10.7712000024,1.39375
10.7714000024,1.39375
10.7716000024,1.39375
10.7718000024,1.40937
10.7720000024,1.39375
10.7722000024,1.39375
10.7724000024,1.39375
10.7726000024,1.39375
10.7728000024,1.40937
10.7730000024,1.37812
10.7732000024,1.3625
10.7734000024,1.37812
10.7736000024,1.3625
10.7738000024,1.3625
10.7740000024,1.3625
10.7742000024,1.34687
10.7744000024,1.33125
10.7746000024,1.33125
10.7748000024,1.33125
10.7750000024,1.31562
10.7752000024,1.3
10.7754000024,1.3
10.7756000024,1.3
10.7758000024,1.28437
10.7760000024,1.28437
10.7762000024,1.25312
10.7764000024,1.25312
10.7766000024,1.2375
10.7768000024,1.22187
10.7770000024,1.20625
10.7772000024,1.19062
10.7774000024,1.19062
10.7776000024,1.19062
10.7778000024,1.175
10.7780000024,1.15937
10.7782000024,1.12812
10.7784000024,1.12812
10.7786000024,1.1125
10.7788000024,1.1125
10.7790000024,1.1125
10.7792000024,1.08125
10.7794000024,1.09687
10.7796000024,1.06562
10.7798000024,1.05
10.7800000024,1.05
10.7802000024,1.05
10.7804000024,1.01875
10.7806000024,1.03437
10.7808000024,1.01875
10.7810000024,1.01875
10.7812000024,1.00312
10.7814000024,0.9875
10.7816000024,0.9875
10.7818000024,0.971875
10.7820000024,0.95625
10.7822000024,0.95625
10.7824000024,0.95625
10.7826000024,0.940625
10.7828000024,0.940625
10.7830000024,0.925
10.7832000024,0.909375
10.7834000024,0.925
10.7836000024,0.89375
10.7838000024,0.89375
10.7840000024,0.878125
10.7842000024,0.878125
10.7844000024,0.878125
10.7846000024,0.8625
10.7848000024,0.8625
10.7850000024,0.8625
10.7852000024,0.8625
10.7854000024,0.846875
10.7856000024,0.846875
10.7858000024,0.83125
10.7860000024,0.815625
10.7862000024,0.815625
10.7864000024,0.8
10.7866000024,0.8
10.7868000024,0.8
10.7870000024,0.8
10.7872000024,0.8
10.7874000024,0.784375
10.7876000024,0.8
10.7878000024,0.784375
10.7880000024,0.784375
10.7882000024,0.76875
10.7884000024,0.76875
10.7886000024,0.753125
10.7888000024,0.753125
10.7890000024,0.753125
10.7892000024,0.7375
10.7894000024,0.7375
10.7896000024,0.7375
10.7898000024,0.753125
10.7900000024,0.7375
10.7902000024,0.7375
10.7904000024,0.721875
10.7906000024,0.721875
10.7908000024,0.721875
10.7910000024,0.70625
10.7912000024,0.70625
10.7914000024,0.70625
10.7916000024,0.70625
10.7918000024,0.690625
10.7920000024,0.690625
10.7922000024,0.690625
10.7924000024,0.690625
10.7926000024,0.690625
10.7928000024,0.675
10.7930000024,0.675
10.7932000024,0.659375
10.7934000024,0.675
10.7936000024,0.659375
10.7938000024,0.659375
10.7940000024,0.659375
10.7942000024,0.659375
10.7944000024,0.64375
10.7946000024,0.64375
10.7948000024,0.64375
10.7950000024,0.64375
10.7952000024,0.6125
10.7954000024,0.628125
10.7956000024,0.6125
10.7958000024,0.628125
10.7960000024,0.6125
10.7962000024,0.6125
10.7964000024,0.6125
10.7966000024,0.596875
10.7968000024,0.6125
10.7970000024,0.58125
10.7972000024,0.596875
10.7974000024,0.58125
10.7976000024,0.596875
10.7978000024,0.58125
10.7980000024,0.58125
10.7982000024,0.58125
10.7984000024,0.58125
10.7986000024,0.55
10.7988000024,0.58125
10.7990000024,0.55
10.7992000024,0.55
10.7994000024,0.55
10.7996000024,0.55
10.7998000024,0.55